3.579193487912463
4.033660111673549
4.250059454622169
3.791702194273857
2.354843521021522
2.3648077280638997
4.09849853216403
2.5778630824015925
2.6980412530671534
2.5025602756133716
2.5034594648144073
4.738863682020839
1.0851207240677232
3.2208854606191903
2.3841794525140148
2.430700303142456
3.5584809947246177
3.690849369395455
3.6061572567218807
2.215938035001638
2.377377753618949
1.1636319821025747
4.208305350720162
3.855042342829284
2.3722867067739957
3.289057546790179
2.7245093072469353
3.558524977002221
1.2939912547272545
3.489138006936712
2.046916137683582
3.4330564995276203
1.3482600418127757
3.5914122115599976
3.0751498867979854
1.0240038672793745
0.9356613699081975
2.1551050167699723
3.444794494553564
0.9397619553914243
2.52551418279829
3.5360034739728947
3.737220458630207
0.9613613673760608
2.0413268646736564
0.7019877361682982
0.991322177534528
1.3439838651095548
3.6046046263320237
1.6489373196920742
1.352362932334974
1.921401185393938
0.9445223367965907
0.7239852384455359
3.1254497472825937
-0.1331790541895774
4.017930894802986
1.0243016696618692
2.3084161742312896
2.1993504925471687
5.254490612809684
-0.02632621166600932
2.8955143328122026
0.9690935632132487
3.2937260453345725
1.3535241081972227
0.5690842510130112
2.4131285112773204
0.06654234328240419
2.5429523380144015
2.4088246040344217
3.8772765266765856
0.6336350660556409
2.6571070531797876
2.3654065566981486
0.41572423062694897
0.8743868407523123
0.07411018971458996
3.302306266710811
3.0412515570482865
-0.12162827042623278
1.4503161595093572
0.9787167132506371
0.8699536809273871
1.3884363739434464
1.9757699569807579
2.754560251076587
3.807446773134367
3.332124385071222
2.600705920348048
0.55789083031829
4.086739565047349
0.4983500070346799
3.6476089184546985
2.0459656704337053
2.0856446559890345
2.7496949974080214
3.465456260996754
3.1317023077524024
1.448458614185312
0.18808484276141316
1.9231371606417036
2.837047972964784
3.3230459380357904
2.483071107575784
1.8477794488324824
0.06420536499716636
1.0204205631071646
0.965858117273287
2.0918076637837637
1.9860904894756644
2.6236378109965277
2.494661920567025
2.505886393196904
-0.48357484211047064
-0.3279063773312916
3.7425332722361326
0.7680657013697895
0.14409506236526018
0.8977608859166866
1.0602165423877739
0.4304966783347065
1.4590458111802467
1.5351189450614369
0.6828701483414449
4.942967284546342
1.095517143467391
3.1347322511144675
4.595540322921541
4.040723825247508
3.679539315239555
2.8025387431003677
3.5485121297843305
3.4874848082321876
3.0114131855557207
3.924882836108161
4.716587462350147
3.1727127158237356
2.5119321089398445
4.249040686044451
4.742306255065875
3.9762522161149465
2.429379353824903
3.1686419791344806
2.1208463294167426
2.868492714308786
3.694730819506648
3.381854585271375
2.818020436954685
1.231896238790887
2.928571093892469
2.6390198925740234
3.9334234636545893
3.4339313069989306
3.051053477885108
2.9616933454901475
0.593373230449233
1.1882940126349464
3.9279132715269776
1.156628515998978
4.779221253962674
3.664342270992489
1.338887939692512
3.537059227738863
4.104041805042667
3.522250941775876
2.9387665712658
3.561599316422878
3.841965847243062
2.8203283084734037
2.4555413019050842
0.913017547270967
3.4664803507978084
3.5420189732164427
3.5292481000381657
3.238277274953201
3.249513993015542
3.6982466401645344
0.9174504819104805
0.397849805458231
0.4773181649476478
2.5384142344184943
3.2473993303577724
0.9486601013460867
1.9784639955043817
-0.048404213358532705
-0.008845392985418393
0.6131085905521825
1.140387869267165
0.7795587995053355
3.1919169919558663
2.9892396996943638
2.38120211896458
2.8383683792218375
2.817745708176774
2.960562154206818
2.7838814945085963
0.8497132511332732
0.3232788725355944
1.7909943941139381
0.9050357198232208
0.5487819905648693
1.6034519307413815
0.6407600563336009
0.5232322944607437
1.084078724560774
3.7565466999313486
-0.07275005058278369
2.7802790558882235
1.4618754529677114
1.178314699411801
0.9565294320926461
0.9299672678047275
1.5075001481138148
1.820152241811998
1.0582415403328151
2.268436166173526
1.9840242114601359
2.9647084722168855
1.291626331900056
0.8191740759748256
-0.13553783238424374
0.5943811744407834
1.265859084296484
0.22400386544333942
0.059407664206032634
1.9976659480297916
1.546869140524041
0.5816985056503227
0.4786882569145061
-0.11966648436002
0.24908055705273727
2.492715773948284
2.130527662158937
2.1104035780240484
2.5887448310479786
-0.002176532662674563
0.05985208764689223
0.32626090118719264
-0.06696242046047216
1.7763706273471094
-0.26417439115370234
0.4501663121650986
0.2420781944190559
2.0293703475995546
0.5767408856447407
2.3539163044915687
1.3110986294378857
0.5058313310638739
0.5115875634368835
2.842183971305022
4.036379593912854
2.0885295048180192
3.5520401393485623
1.533672193252678
3.646326737766545
1.686706086311672
3.4637526480780827
2.677460847335104
-0.2128840417296118
4.145788686137963
2.6921606870623127
2.7846043327629757
4.378505626467587
3.3241124332124015
2.414446557291846
1.8238869751452567
3.4140180904314144
2.2291325922418532
4.358683371554149
3.0318984061228673
2.502471999812804
1.135184797533245
3.539596233739841
4.325268622271827
4.423523897683771
0.9846456148614819
0.2761918876106413
3.7147399575327253
2.3978588113498414
0.800718468790372
1.6683815304580207
2.964894543430326
3.2244654532997026
3.1630313646147696
3.8201886034912835
2.689736120705117
3.808576525923055
3.9901544235489124
1.5484834088171278
3.8420742750252654
1.7876998282591683
2.7461321387616526
4.152456277620682
0.13492490399666204
1.3800955952232603
1.8669983720681476
3.5011890079947574
3.1167453197501485
3.271952065967944
4.992788941153961
3.0110613567321436
3.424426117910954
4.365946412191798
1.3122042344974405
3.1206659339748977
3.729233968200167
2.2429058755090026
3.7313918382762457
2.8817264141330807
3.0986047342024503
0.6243997459070068
3.1357035568232825
3.394072150625143
2.902361875494029
3.7176833743015005
3.139393865060453
3.8652788005981464
-0.039362770803941655
0.21439900314530394
3.841402872922311
2.8059155480736893
3.8608964265228303
2.0334057532227505
3.690676570305615
0.5795293769133862
3.454877799181289
2.99498593173364
2.34877980014152
3.4562234532466056
4.4362833710435945
3.480173081485972
4.170037477643942
3.7874037807893255
3.4173837089952372
1.1333495817566464
3.845285245287189
3.6688121018568474
1.4770733839096208
1.4847012029761713
3.5263838501349585
4.40051973935817
4.343306219378682
1.3579102692892269
2.396270039149504
1.0111228322999475
3.0482734290376814
1.2738728496755556
1.6893418208907702
0.32205621404304785
2.176412011815685
3.8183767452122788
2.785791255471279
3.581031543729777
2.9958914988592995
0.6484491939036315
1.0266179713801065
3.888013335250481
0.6009468743764257
2.8191836934777785
4.056344432541068
3.5387172571239915
2.4801716059739074
3.214945028655882
3.7173595632010246
0.1911844320386167
2.6694658886965663
3.170473051430319
3.2417690689605076
4.363558060501095
3.297745874533135
3.7426092653251843
0.8059181440162735
3.2403316657850634
2.352531169180876
3.667330095165754
2.492430253489591
0.526656423742861
2.804374742895248
2.0811027309576633
3.59023576917215
3.723880245196139
3.225573636171658
1.354256771515741
3.452984381678064
3.038309875564717
4.206932537183368
2.1790328431856545
2.8601957055295224
1.6641136914908312
3.468651126132651
1.98921243490796
0.9038546935545391
1.5980099577024984
3.3325488112468165
1.1310988872853391
1.2952880765868953
4.587388144528881
3.104972274066334
2.313347704630373
2.186962755167314
1.5987832986695767
2.2952221841169123
2.4724889482363506
3.762742671504503
3.6335258850281256
0.5189230689912877
2.6061138574702167
3.0046602596218746
2.4364828450376432
3.034982334839529
4.385563935197203
2.5350020411293315
4.13178494994201
0.6462981023912645
2.4227760811153134
0.5674577305115118
4.279687911988908
3.2464480833614675
3.461170105421585
3.3494045985453735
1.8339110887306607
4.016906106207352
1.8030810293713682
3.3997582217567324
1.9935446894549735
0.11781871483547537
4.572852469139812
2.7618983537802615
2.3547882833205223
1.4437416330258528
4.485736034923429
0.7643814524693082
3.0998243049477083
1.4426831549453798
3.5488351353315752
2.744987051729742
4.498886265410962
3.1275106391274825
3.276111977253699
3.2142972519135617
2.797913049582543
0.07812474724575627
1.9560513509011455
2.694249908577913
0.2203596623292158
1.763876987705257
2.900077402120827
0.614340726178042
1.8871508094233604
3.4728726082996006
3.6729956939607673
0.7789017957985807
0.45265512413332976
4.413155833454755
2.696369094343057
2.017316887549272
3.5274789137971454
0.9382851193888224
3.5424181704319495
1.0017225650846435
0.34087681004114345
-0.1462402002828058
3.170589230350361
3.3415651570344544
3.164445872683857
2.20297382391364
3.8507298076684786
3.238587043319068
0.9835427563940082
2.322501698086671
1.8993899171545938
3.2030398709001084
4.0312105802637594
2.0744964544173805
2.8909301590725067
0.9439527676885042
0.7893623681159032
3.7065699597871165
0.7679360144675672
3.4000950784051196
3.04309075779153
2.6558081578057635
0.5222490472433664
3.5293093995585125
1.4767493435178827
2.7066151205098268
3.5722633144259412
2.787232327468857
4.42629083387447
3.696132497826452
4.102759310050054
3.137385819693026
2.8332133335414036
1.2922375658747542
3.446131674414759
0.3427556625661212
2.7843527708981175
1.1733635989550586
4.084873327725806
3.290520273390037
3.332092113447721
1.9740824926002167
3.5068370632738044
1.6852182258097974
3.8531369611191653
2.292367587503622
2.14188324990491
2.9866729116834514
0.46567912810143675
1.671922406101197
2.0334129629518967
3.363813801171667
1.728724078138887
3.2889423379409517
1.4037072979317664
1.9986125556453795
2.753402382523905
1.2469789471187034
2.7678557526276433
0.5766955126797475
2.999648702589043
4.109320053373069
1.952877189596002
3.0989582471412755
2.518501400077076
3.101225773816336
1.2362213956325974
3.529489103504512
1.0820938394370747
1.317885605634027
0.585191012791225
1.2688073057228055
1.590797539573634
1.283222987067294
0.06888001219521836
2.6045925350484693
2.506870167655355
0.7786263685510119
2.546303537605942
3.5909899389986513
1.4212346248899146
3.2280114628011463
3.657180630804771
3.5893400197796765
3.9995497042806494
0.3305762442873057
2.509860982163615
3.163922800151743
3.633242442348944
3.429499457714937
3.1644141206981016
2.917269592760564
3.063632619519454
2.1024142716924596
3.5494071534537595
3.301796621817408
2.088410560736763
3.974857980188468
2.8469953298365684
4.002132187529093
1.7241883731057674
2.1122597523200635
1.290758490975872
1.9726815102038988
1.8662507939587338
4.049231014688201
3.7002155847066605
0.8123075793014944
2.8935265329505793
3.0944529365237616
2.5618579305768177
1.5731177486328667
3.105655813548773
3.5551105540610286
3.0034697030991047
4.041997683098734
2.954545759014604
3.0328647188582463
1.4341485721437106
1.7811942228816267
3.2953701176801546
2.068970320768518
2.3155091694465653
1.3977192118192163
2.909337742778901
1.4881528371155346
4.20438821766231
1.4009777390144915
2.104855622763251
2.3302858297859586
2.8701105092086667
3.498423039139998
2.8216668537717506
1.1907578815206699
3.7734396041668776
3.9429858356752026
0.382292547211482
2.6409243124112143
4.434872800815664
3.115731982351391
1.3191761541085243
3.501954886714512
3.0312887046633135
2.532472398552119
2.7013673549774695
2.480875833180095
2.130869099920735
4.091365200462007
4.141053125484977
4.456442825450491
3.6240229649584736
2.830069080919701
2.2587433858658517
3.829230231887902
3.5833103608783774
2.7145493019267644
0.8792052537776063
2.425144651213491
3.7038785030547934
1.7904495198955637
2.537857609544249
1.1821950216598773
4.412850808749838
2.320965796973177
3.78013538595004
2.478587215292135
1.7674564803669157
3.0297164121938844
0.930812541414725
2.8171134997676175
4.447650421332634
4.003437041500301
3.5272564339008716
3.0216326640071505
3.1303571369307663
3.315718032660078
3.6397120790246604
3.2068477594921476
3.1357629138122767
1.9455351818537658
3.2824400262163
3.127412761423397
1.4336924127532136
3.418411910983783
4.3038827032513804
3.3030940261072232
3.6187723177602122
3.956482271015562
1.9513081159479873
2.5137679706942797
4.04923547987718
1.5314048879914461
1.6316751464443346
1.9666176878767239
3.861818978421655
3.91194621334265
3.21486068240911
2.8162417301290747
1.2772287282927979
2.139072921118844
2.4903368071725738
2.596884672613012
3.2033944393330698
4.43801391646041
2.1720599038674013
3.761122357733945
4.130905905902029
3.950234812892045
2.159150051805129
3.4998556120763458
3.951060531196409
3.129391660904261
4.5201704331279275
3.9937715125122373
2.0839228938717116
2.9085222480722606
3.6275182056898285
3.0054639831111682
2.0326142172674193
3.2367209997132242
3.0707423378041687
3.2263963292065725
1.4174131130299812
1.555118390169901
2.7197210691753537
1.495977008626971
2.615292402861562
1.8648262123732824
3.8740082963074305
3.411977855700332
3.694313768151265
4.436057274528697
3.267261851753403
2.9770563186774206
3.079154824365405
2.801460119471552
3.385511811903395
1.1680815732400858
3.6984388077233774
2.316620556628857
3.2190645898698267
3.6386963038354407
4.378784093582907
3.660033459141187
1.0112516158906333
2.8659994803944064
2.809141125164958
3.8964983011806598
3.3339432981039248
4.101315595217083
2.113812308552219
2.7334597336487767
2.458485215017689
3.1335637345283742
2.590063992784803
3.6720754432303386
4.005171518695075
3.3530343541756404
4.134333808714293
3.7298166831616997
3.0739745461190524
3.3151656326578167
2.143948092047254
3.858705802624265
2.6765516448411026
3.0852370071457194
3.999796852661682
3.8922779894731385
3.3044074560509884
1.987427238343943
2.0806004411618257
3.9258564933196323
0.7600539868142162
3.7634188384164085
3.7629033632604645
3.369976843786486
4.459429282365823
1.7338410507634752
3.707526958933802
4.127561107517854
2.8872541060794528
3.459401674082248
3.4419265668701198
3.856077794679738
2.2842983013445157
2.657101203407363
2.472114175589654
3.793638142384679
1.8706422751706007
3.135630419762945
2.370642931331413
3.539759926543176
3.1577078180125686
1.2678978762266122
3.6101053441142903
4.026348514397972
2.5982784364280636
3.381342909475405
3.436234503387223
3.9670389637435934
2.5339290401500816
3.109021101542227
3.4021737558426617
3.815201365999271
3.587703502504182
3.4566159627877213
3.1236867641982906
3.938815523249841
1.319940904243974
2.379505769802537
3.3876195759269385
3.3160026395173037
4.390825331454741
4.4154736346469035
3.4596558650560283
2.465420301177502
2.841767961292302
3.433499658679071
3.3447129461756773
3.762916280128798
2.8799853780193794
4.137347124850322
4.097893502713339
1.8520521237104084
2.4116729648240374
2.572391595542691
4.0865319536899625
4.141863375308535
3.9546718702148094
3.0283526346802074
4.121579467071474
2.6297066092117887
2.94145087866977
3.8927887413403313
2.7267525040772775
2.3582307313677773
3.66001351382359
3.238186735809014
1.8117996224562032
3.3328530392513023
2.678531243972064
2.3127502917211857
2.8195720035234575
3.811991621168905
2.5304929478206426
3.1795547381595752
2.6852886037454513
3.1296188405112866
2.9350830699778094
2.826570619672199
2.426731089064671
1.1009004182931674
1.4055627038162637
1.4494423792287896
2.644555919086223
2.3583323356137034
3.1503545597481355
2.5263863523010115
2.209314287566992
2.511247616032391
3.6598454825051983
1.821595141846992
2.7702793080575616
3.1292629096673266
3.944729065461289
2.7715189248471304
1.8388881324324244
2.563999420978491
3.681202372680755
3.4679615141809967
1.7162794278999063
3.5785256897709816
2.5984844052161447
3.422050525273553
3.261581835583313
4.449744069468553
3.0138317823646177
3.1758033345788435
2.7190519327015488
3.610148924055182
4.0928794406606475
1.5777687648465464
2.8370766322730536
3.9792825333818684
3.5282300454204965
3.5369192858284113
2.6122297709053206
2.5990135579724374
4.031585530469713
3.7764710085172646
3.06483168745405
4.271609364525875
4.088243493482061
3.7517775774914486
2.7918382830432065
3.0378763901059664
1.5990959995076952
3.819255587499113
3.5488759622955377
1.5994719359766232
4.472824220981235
3.6741718768350116
2.0101183857631257
2.9599103207677486
3.262592445178434
3.702293046454322
2.647737049619454
2.8684294927796854
1.4730119437455191
3.2266772157699113
2.862610492870215
2.9986951500759393
3.376151110834623
1.855451084405797
3.601079123492833
2.4403516694707874
3.7955342373927077
1.951219799282529
1.1051875593853242
3.880584159085146
3.667627452263958
3.0245951326213727
3.8497707664839482
1.9992370757537175
3.5608691763048497
2.5766188701681805
3.585752994192181
3.192406508345702
2.770264703296713
3.6961483662174492
3.8615181538332775
1.8645700743548743
3.7537383557099355
3.8971140547308587
3.942411323912783
3.2585950588876464
2.162721225111318
2.005459240093898
2.6958054171237307
3.6927836804974254
4.347983312383268
2.241359880413786
4.099209895721286
4.292119723640986
2.784020735345799
2.358691556624876
3.2058948167419126
3.179799662527048
2.4198198723832065
2.4511842374653807
3.325611775388693
2.8250562117210336
2.2629484226440293
3.3469623169151794
4.40156840048123
2.6104057913002534
3.317315055540021
3.296842951153059
3.645042845889679
3.532260665208606
3.0244793458909287
3.889342289212055
3.0431457135394764
3.8188913356076926
3.215194648339757
4.116920417089539
1.7325020265367508
4.007483624454936
3.082920837624332
3.537126606228635
3.690439016432619
3.7933798039352786
3.2592234623300285
2.1308799944738976
3.550795143663754
3.1763092389451706
2.689722096298349
3.0074597852032228
3.268271659844411
4.059186170412443
2.0544953330423565
3.740590482053539
3.671806937626603
1.8930844895703007
3.83697386865259
3.289566781754559
3.8537370514089955
3.5207459945937045
4.046895348190243
3.702876768445008
3.146851442284769
4.1998877263217524
2.7346020032114775
2.4261761422198305
1.7607186234432524
2.878130485792379
1.6650733170846814
3.9945399181379178
2.864259436756132
3.25237594271727
3.478494284084715
3.48350234069518
2.5324969929098535
2.13535040292355
3.7753531756003573
3.858083923712648
3.251417529614223
3.19962758944592
2.8398227193028007
2.7080257889551604
2.741159374722634
3.24789205568744
3.2044822557601766
3.585890753661308
2.4027411718366944
3.170575766438087
4.543165736665401
4.125782776824404
4.645587511601292
2.767595142245574
3.8471770880438974
3.158792662188279
2.0838126281615605
2.631347975988596
2.660592506367746
3.0356992429585845
2.6404592284873343
2.708772530415888
3.2112300649564314
4.476045029700985
2.817670651873852
2.960465367705655
3.2164597177650647
1.7581476279502988
2.8807474225448133
1.9736945916055575
3.814174421791802
3.6584952428883395
2.705314225935104
2.8309651193775074
4.220817760022534
2.497374407910977
2.1649545427462233
2.5859803118711437
2.520465009378161
3.5324323346884667
2.526668886924385
2.127555516461724
2.948143039508771
3.6507693342704868
2.2002823553778446
4.254215065807457
3.078514978335656
3.1691269203998944
3.0295390953306014
2.7854177009135053
3.3237190893024047
4.641251538641495
3.404346136807741
2.90187241489942
3.2547643167237594
2.9902434180890634
2.6923774357790156
3.3765436971007428
2.608663252405693
3.3434288669859242
2.690854416881083
3.306225525034653
1.696531437766844
3.0824554731725375
4.622090379433106
3.3329949995502655
2.7153607472097883
4.331426293923626
3.1684359797142636
3.49505527037295
3.2831183824723125
3.8078023324497337
4.70999823285855
3.666154725576888
2.592402513143726
2.4644174849246556
4.053160708363275
3.095617605044453
2.473849138143926
3.621197936051989
3.75603603439589
4.0503933864858075
3.2350221376583534
3.6446005193011204
3.9314693862290304
3.6249308430079004
2.5265080957046995
2.7702121466199796
4.057722801328974
3.668393031852021
3.2808283111600365
4.384935803030098
3.807744864629296
2.8725048065514014
3.277623319175438
2.8137404537479287
2.814868537741057
2.793469683585527
2.865716816699074
3.626366989608162
2.463423343793132
2.8688327320571907
3.056906225411733
4.570154415440116
2.6053002124177147
2.024482399846872
1.1998313126322837
2.7896249470536842
2.9116214242408747
3.562398263364816
3.592363136545612
3.345523747504133
2.6495435870036057
3.369145633061478
3.841511806193243
2.390439257683765
1.718720905566401
2.74533728544649
3.605065623800026
2.676159701273829
3.899948875367707
2.4609156017801825
3.7451628448045358
2.3387418001290095
4.049435451107134
3.778478896962818
3.697607238313523
3.4709906741844168
3.1965539728587538
2.9112782676278415
2.2894292384148134
3.6332518927434543
2.595118391476936
2.6354675696951273
2.7496139669057973
3.3002060780244
3.412563412032594
3.667859720871303
2.395116664454663
3.118438434869159
2.4626385917151636
2.919753157428063
3.5145444825435015
1.051777035070798
4.791096291088505
3.9214259684384927
3.997134666170773
4.037386042572661
3.2795724664919077
3.35930630396633
4.287849166598021
3.290174588846675
2.690421104087182
2.508666893572087
0.8077801846515722
4.167753754362033
2.3813124467097246
2.2816741479938836
4.071461721708234
2.3720505158328513
3.9084922997088545
4.059837170527832
2.6133120017476856
1.4635135721030785
3.037314671259452
3.706675375592064
1.1637832929421186
2.1662237772365693
1.9737095952453525
1.792301490451742
3.304590159257806
1.2696572395262216
3.7409247145272
2.7098981251151986
1.770799534266542
2.3242772459171115
3.5818823470708954
3.182563213537871
2.108220800579031
0.8812317182281648
3.1734652810976907
3.625126469796425
3.5477817443161723
0.6281252167153627
-0.09141808788874048
4.277738620699039
3.8735088031151528
4.260462497150746
3.5818441456492147
2.161807494615421
0.640947447545212
2.082039192416684
1.9236886557459267
3.2673473355118836
3.5012393603765974
2.3986933046730825
2.5206844520936404
3.7657443892991522
0.47046561166269674
2.0066651042200325
2.6698055898964728
4.185869737980558
1.7823837235854958
1.6745732674496165
3.6503669756890047
2.143303660551689
3.845243460745221
0.9044220426589096
0.33540020148595406
4.261140503151446
2.2024647528677153
4.188489094670184
1.1795889667292059
2.977018864295268
2.7575778757824567
3.2931754609469848
2.6465439516629194
1.0520359967268815
3.123640246572999
4.532132545051007
3.3960515277819487
3.807568987606619
2.7687406426540755
3.0117351972497173
2.615496068063679
3.1163514864141795
1.98579311300584
1.0201271594714738
3.955434458345556
4.191855470533996
3.6080626899783454
2.7777245611500465
3.7503910026095935
1.5352224321636228
1.7446267445358012
2.7317271857669607
4.33007719183771
3.9160749532993004
1.603657681758082
3.7603051652290325
2.539644676206246
2.5798869546784196
2.4804549454197793
2.2525187140675667
1.8165540343176056
4.727909290960047
3.0407633609628832
4.358931044359969
3.4049459139494096
2.329302962098349
2.402871529639708
2.3036146096750394
1.0145758243172134
1.1434833871301306
2.20263895551174
4.0876031502595565
2.303317434860975
2.8277785377452385
2.138540325705447
2.546588666283249
2.5501224540588106
3.1196448776622243
2.3666626129103716
4.131646580843594
1.962370655600147
3.166411843020438
3.7306851170077233
3.65927609160696
3.317267365347712
3.3451304465843075
1.83837941848401
1.3849330618736067
3.0001990662365925
1.4302064839576891
2.799209079838752
3.9041850935203404
2.986865471380366
0.7427508132874522
3.549214585116658
3.386756610215198
0.8743065173958551
1.248673236393297
4.133783736668729
3.1485251160055534
3.7456397918704787
4.4611833724968974
3.6519686361263775
0.9464441987147589
3.548184041550762
2.1692015858022087
3.312450100760117
2.4540408181923152
4.3595424955035
2.122182710334623
2.070636775242598
3.5827155302516913
2.180489210286456
4.153212100392374
3.7886020903498605
3.6382910024899378
4.0538983287788755
1.7780680515273017
1.6405113433366956
3.1326503266826484
1.803291262819608
1.818248058248152
1.9928062711705086
2.3446967882958933
1.7041317775517952
1.2618368584744242
3.911837153300018
2.0923303944522345
3.398215758614359
0.3737516406735142
0.7996990082763598
3.3482786693264783
4.193793148398142
0.8698569008731742
3.4953397911467
2.9900399854736475
1.108123585547531
0.4831337589718059
1.8122223814347302
4.35985451745167
0.891134150953677
3.024135994744334
3.505679629308156
2.7861243079132954
2.6014685024183763
4.342540896765953
1.031457262180489
0.5028600153470884
3.839280195197876
2.174264661521531
4.23252262815967
2.81554423151865
1.4793029285145303
3.174798406508049
2.4286105515704715
2.127407214043958
2.0699455631635666
2.013256082957691
2.5038501468295142
3.0407939434621634
3.011202074357452
1.2116789273163664
3.014493095125616
1.9860031754681735
4.029465663236951
3.5502101784480513
3.64705672432852
2.954114113083238
0.894270708230364
3.377945727785596
1.127819350081782
3.5326874726577153
3.435225778385045
4.270658180242042
4.248471366677549
3.550610284755432
2.6921573998168604
0.9070518665230547
4.145181910872556
4.4436971178781945
2.3698433763867355
1.7250271606976035
3.202051066754557
2.185519493942291
3.6123295763653744
3.2045070882997035
2.5534382064782144
1.3987219094766055
2.4260664211869467
2.435341291075339
4.7922816425306305
1.5340385044593872
1.136968554702182
0.6008531857480127
4.201954901260364
4.327041970302333
4.226361634047804
4.8093744369352995
2.8653935007528903
4.482114822101717
4.483547977588265
3.863735435894489
3.446197043809019
3.4245632439302143
1.50739025902269
2.897355815238472
3.3357054041847283
2.8685759162494855
2.625386926415714
1.5797151484134537
3.0464549705450907
0.2757766695794406
2.0560539356805227
4.063103651017431
2.495691807044023
1.5903171654121255
3.1595457487182537
1.1581940081842217
2.051645516961614
1.4864690351911574
1.6027262313015098
2.5081522165612795
1.8004491991303775
1.3724340245147872
1.95046403813731
1.5987957154966792
1.2379735273318462
2.0867763095857508
