3.6170702086217874
3.9720045327879236
4.137023890246921
3.6917050391343333
2.307042937516147
2.407368617299296
4.027588532786151
2.4971314518623364
2.6183567262053518
2.263845640165846
2.2618712628220696
4.726328855572185
1.0269019547226297
3.0886945738834597
2.332530828980119
2.255651715911814
3.652809441292983
3.580863612119467
3.4918550718351655
2.2734133547602164
2.3901183248291367
1.04762029964372
4.101879215522518
3.7665692204669323
2.007368346060444
2.9994969913544525
2.4517486871377563
3.5631170376878667
1.101184630942789
3.360291377654622
1.956360080231795
3.2719660700732445
1.6417223934037957
3.586061983632744
3.17406276814183
1.2409698914602643
0.7460313868514954
2.0032661020197216
3.2845589849942196
1.2219096428403617
2.2410638235941245
3.5224304207671353
3.621965218755294
0.7592744999582565
1.9695784583699478
1.1779212164514794
1.0083444949708338
1.3671793539529116
3.329436086713947
1.179620541532159
0.837636256410205
1.8612433212025343
0.9891526195750553
0.8907575162912151
2.7896254102595033
0.0
3.9636896917806754
1.3467900370905677
2.500340928150887
2.0072648975684944
4.932704562779044
0.0
2.669445005584294
0.8965606777129936
3.0818414974695707
1.5149450015907266
0.2890973478807141
2.453415245474139
0.0
2.4438709111812074
2.317795458550514
3.5746107523631654
0.776516588875811
2.649005255341166
1.8551205400722048
0.24508737326089503
1.105215312292512
0.05404357038392177
3.294262765752009
2.8095614861154763
0.09061932388377547
0.9895083611229719
1.0160385591323289
1.0011769104975468
1.529143137877044
1.8579688211473222
2.6858277085547257
3.698691150167418
3.1303259073741625
2.698302277514339
0.21605739183640466
3.865017663892287
0.7006840410344422
3.5960554731190366
1.9133953344738923
1.4688304025366639
2.3574901544955846
3.635399625106729
3.2423422013890977
1.544849802688434
0.0
1.5578417250027037
2.5149799648094335
3.11512256470628
2.4116381533618245
1.587843733124888
0.0
1.2048426861889034
1.3732365459334779
1.9884994971156946
1.4692080173394144
2.3854042643018607
2.00713235099439
2.324986956949056
0.0
0.0
3.6566150941577265
0.9591998156282356
0.0
0.96194190921209
0.9887289608277257
0.41092021232990805
1.4023782497896116
1.7708048356788328
0.49101793322573317
4.779903994803848
1.1988042465324622
2.90178312744903
4.536798819784409
3.9266460585458582
3.6335447130017102
2.6503234824481727
3.5816482946622794
3.56654558080425
2.871695576065971
3.80106745442859
4.654566125013003
2.7649497617040484
2.2241412081891734
4.090468139866256
4.7194734068310416
4.048626770756936
2.3666941742702794
3.2040647020106134
2.2230156661643634
2.416212476802278
3.660666911261365
3.5779071543221908
2.417153383960272
1.0941183913776011
2.656326384970576
2.4977392565054997
3.7610916152757414
3.261552466446983
2.8752580351788106
2.776811213753542
0.9379514962814695
1.2534634153138928
3.845663954129607
1.056271716248818
4.815624646813189
3.4717096169471464
1.0908006971008173
3.3539088159182007
3.9159253998682395
3.357079538655116
2.8138148859037693
3.1613018680042098
3.812908162852338
2.4685682996135916
2.5309867603858653
0.824690642857341
3.382635302186995
3.3127052225195013
3.3935187945696472
3.311271455547036
2.939391167912716
3.638320850500147
1.2576975714183487
0.11138642643372454
0.17786126168297955
2.660548229554302
3.1727826629522
1.1476057044372623
1.8234989934934671
0.0
0.0
0.7994651693660347
1.3536041749759429
1.149285200915448
3.0997907371503697
2.8915432760970687
2.557210024874991
2.695983036465204
2.469652726936165
2.6206614673157542
2.575887941734902
0.9305987264372226
0.5082103327079357
1.802206722416382
1.3059710321310596
1.20185898329201
1.8666902923278612
0.8096194364898532
0.6573096654075405
1.0913805087145254
3.637610914004209
0.0
2.4501589765413336
0.9145926738303668
0.9372857508480706
1.3013652190630856
0.8189458292212028
2.369454309878665
1.8041060746663724
0.946197714235444
2.077205622186567
2.387669591057105
2.82394840769344
1.3617640985624277
0.6941274909126851
0.0
0.32955806867391535
1.0356445001295556
0.14396027477089257
0.3430719210158141
1.7453009953384238
1.143377697109315
0.11114654454076578
0.32030870500283953
0.0
0.0
2.333584313459499
1.6710315422515971
2.540497233082385
2.6252439955803375
0.0
0.008765296660500303
0.0846681392507731
0.18064574139560463
2.0406130045895163
0.010097174938017432
0.0033187886847608795
0.0
1.8676959376542766
0.6257366324198215
1.9720235987575723
1.7088567774758834
0.519099199365711
0.10763149030810715
2.5432093628753596
3.9910571356799567
2.0094277667102505
3.4974109245790466
0.8628842025057577
3.422489263720332
1.8910084436753196
3.3843397342426953
2.7770771368096256
0.0
4.142611432588066
2.537311684426685
2.893035603652957
4.2398266192100005
3.1510188289526546
2.3882386037738965
1.6994987935274164
3.4576195948603
1.9554035001940997
4.25577560587519
3.4668823518797054
2.6945845431416715
0.9353199210545932
3.556203579578488
4.332765451558402
4.417981828879527
0.8670108429241876
0.3626044937765633
3.491325910287871
2.5564792038165898
1.1435030931639227
1.4422832675035284
2.7903177237711896
3.273706268402921
3.101054275413365
3.8150944439130594
2.714645677952397
3.6856507831358702
3.922574346996942
1.3852226581973146
3.8519863069135476
2.0164086748181056
2.838899382164858
4.060418897347642
0.23235066398177123
1.3480478638632298
2.113403624493739
3.294727493014514
3.1501420644364013
3.0811204950855253
4.881617030325507
2.7590654760480837
3.4529443789695304
4.245039319329297
0.8205025275157863
2.952333219303882
3.6919944213518847
2.06175567886112
3.616169198886374
2.7721149734849613
2.978115910596728
0.6220974265494842
3.1251971136316294
3.262808154009735
3.1024205786691055
3.7612987920698977
3.127969162321794
3.8176010340970783
0.0
0.06586041411875732
3.8003769145994633
2.6668381897522386
3.738713086703726
1.7439504432544453
3.6635033207870804
0.13021887585395897
3.422405852733832
3.0765857851837475
2.2470644953742185
3.203005535216515
4.350024855458341
3.4245411343013985
4.177812572898257
3.820635364187201
3.40080918562983
1.5706004749531945
3.78440968613376
3.5639129543933095
1.556297766146071
1.3672120493345472
3.3922086829208147
4.297522533546791
4.226455019226074
1.1244355405925233
2.601607060637806
1.1419798955026859
3.0261321581022123
1.3918211808571304
1.4558552857963996
0.465890850371984
2.0663308192478667
3.528747385324887
2.738990242177452
3.554214242829729
2.906504771693374
0.25683876678123896
1.2918027742256804
3.9703996363732035
0.24225888516637095
2.953382709992221
3.9202487362623977
3.5926804083024244
2.325868588142532
2.939540980350724
3.360515776044084
0.41901899473767584
2.737576283888986
3.145125750059113
3.24270185255991
4.163142577588191
3.174099267843317
3.5770096714894457
0.7451650566234501
3.46655392821939
2.348846423990519
3.648751436193406
2.62091299066211
0.43811845963412316
2.810933364339364
2.0020208894271136
3.4594132249750884
3.772720619614934
3.225425737297679
1.491312312967065
3.4334281925495285
3.0836684236318472
4.036860925964048
1.8471756161982487
2.8017870843739434
1.3704751786291514
3.465162348703465
1.697124151951827
0.8840405293395577
1.8619135407926277
3.3037020559895076
0.9026632674566724
1.223548472699679
4.667168475683303
2.9364996173532925
2.2334000225229613
2.3398290650911338
1.4683535183360075
2.011652120542919
2.552924879274592
3.832705029746115
3.4377149115853705
0.47657464962166474
2.380957521321904
2.860320278633145
2.3421430975564532
3.1106117797526776
4.350824428186142
2.64079008788308
4.137752852145586
0.32921241522874534
2.2894414878135283
0.3307037505807398
4.1438403021804655
3.1172146074265568
3.4631654595508685
3.074211193436592
1.5203209951485899
3.867239429284575
1.799287400479887
3.374879330020336
1.9458008145949766
0.09449417060811827
4.638672824939713
2.5721460933253404
2.595063469585755
1.287817629476306
4.406578841207624
1.3287678769669198
2.970768739869847
1.1695305216520988
3.4956593492514414
2.784332322294603
4.452169719586316
2.993147343639968
3.1877702442645357
3.0831830875333
2.4882242331899898
0.0
1.8062489359075793
2.5449347746764395
0.5274437053213331
1.5110949299934417
2.697034147631355
0.6462554232842592
1.637336274644485
3.2994096998658367
3.6215173355974812
0.7647725367552056
0.49021653787299824
4.335445087955361
2.6901786724854087
1.6874341725111686
3.4136070946549615
0.650485571468404
3.498025947341186
1.5985029416870014
0.43685019802513503
0.03742538054756761
3.120087489951543
3.220209633109242
3.150789446163285
2.0237213685274793
3.6320136144719664
3.6761195369679864
0.826535764917656
2.367826995660135
1.7800207607710692
3.065035883101653
3.982608856720765
2.00544516305378
2.9069387065423165
0.9868982731700388
0.8501807372367383
3.626353458181676
0.7052281818730599
3.274654686164117
3.234751038003808
2.480205541885589
0.13882400476439066
3.4129397228278733
1.2802371412514015
2.467889751830141
3.4641341925642672
2.467901594395276
4.293258473081548
3.5138583732053856
3.916506184158103
3.028558519945809
2.756784451964062
1.0718189218885446
3.401881812167011
0.3351520381184765
2.809295597727302
1.2193518404400876
3.884237556225791
2.8149242550227935
2.9267538820161554
1.8669266220016545
3.2837485935300363
1.6854586680287926
3.759225782620589
2.4146331151867884
2.043453349782865
3.0388155196710533
0.1591848385889464
1.31501736157262
1.5212725904721232
3.05219749572222
1.56473051910582
3.1074700907083006
1.2904105677991542
1.7275233353524355
2.6082372753288867
1.043962288963439
2.5763964982108676
0.4311978018367865
2.8420013507001425
4.003932220183577
1.7644314825150522
3.118224828801059
2.343862011081798
2.975498616356725
1.242808164536221
3.301723405968775
0.9763355273995326
0.9844072593542335
0.7718558747391007
0.855601404267822
1.6148041018621815
0.9262646342570606
0.0
2.6874629333640665
2.051905113418122
0.6072423795796271
2.3560737417925237
3.330887176344635
1.137909901975808
3.2299214977850665
3.3966348533418507
3.405912967158289
3.8713709935738545
0.35310967859801756
2.146932636523636
3.064670666359483
3.624088877630055
3.303518890516208
3.228081377393301
2.5256814818418114
2.9259399760615477
2.007308574648781
3.358483221139965
3.0012891572245057
1.7619933884144137
3.8247025189182744
2.7686738969956886
4.006215542494683
1.5604951477575002
2.188266936165506
1.3043477920675028
1.8861868843554304
1.8143157738452256
3.942492359612943
3.6883323403253123
0.5217770367225606
2.6873596868203458
2.9440091988404435
2.4982228537623525
1.4142895721614763
2.9520804610663816
3.5848302063343764
2.552541568390988
3.983479571106533
2.6232135172376876
2.859272775518845
1.1253578485377271
1.3456210266486006
3.3267753185634557
1.681721828534618
2.5167860246572955
1.1896809711905598
2.7575982026444206
1.3240840142698318
3.975435464685217
1.1031156931508805
2.2201971364378634
2.1536540208482706
2.7239649771370926
3.425223524138886
2.6071870937228483
1.8186306943816384
3.6322882006735058
3.9087627081981773
0.3476740992670441
2.3278451121701913
4.165570735185125
2.9808906621905673
1.341046837550269
3.320880323407613
2.863621005463598
2.2091702044141655
2.441545391349303
2.043775443215285
2.074297338737627
4.043479094599812
4.0208596587068515
4.38282722758705
3.560766721402277
2.7685629880878566
1.8531294620555754
3.7513766319787396
3.3600775690768385
2.5558014669357445
0.7428925164760928
2.233414588636819
3.7210965078475544
1.63759822402687
2.4817110738556765
0.3399755381995224
4.348802587956254
2.0639425107080096
3.637838779701433
2.2716587409572706
2.099513880271849
2.613359189971057
1.2029731442274387
2.11699528192661
4.28179808639162
3.739791276398535
3.2623707580397707
2.7965574360002616
2.8296761172153584
3.1049861907111715
3.24311842632386
3.0117072472628785
2.926034294824657
1.6188443058599091
3.0201835253284823
2.8079926851866523
1.1944752587580507
2.977444384914901
4.123362140871723
3.3810427453895073
3.4929556308723657
3.736421605778977
1.5549005673152447
2.667301550600622
3.8856999954202016
1.3218054462299984
1.5752609808420595
2.014716715911224
3.8182137422828557
3.780354134790268
2.7500781842363335
2.950390085928553
1.3372027933549824
2.1653334170572087
2.331684075659091
2.8688196488600486
2.7977045060642176
4.342454005430476
1.6010276087221806
3.641160531702463
3.837080514435885
4.038596379513647
2.044323969589055
3.3827931310630395
3.9001175086053648
3.0503852914694103
4.43842079592518
3.9852462492139518
2.3343571725366514
2.812879633341577
3.446214104782226
2.499650056095295
2.14805759052394
2.8582018246701146
2.8182687672092737
2.8856192946713497
1.1838168876384911
1.5733804785692385
2.506288523932956
1.254262597088635
2.3319576939680986
1.750515911964299
3.6436061106783932
3.381481583142391
3.5598028048836667
4.3314655407171925
2.8964990892345677
2.6962050479807957
2.67094566864651
2.69817563507168
3.0830216713574976
1.2050541232595722
3.565232893172305
2.271113070119013
3.13461911269807
3.913310251911437
4.301845057331975
3.602889780527788
0.9568137787854543
2.6534954613732786
2.3319847370233977
3.5805538836718775
3.025669977944229
4.008812145358965
1.716020151761934
2.5507058245385155
2.546082203208671
2.7883328995619334
2.5161691746723167
3.487073712003974
3.869419033083585
3.124268706327759
4.0396722242333745
3.6568744729958884
2.87921401294649
2.954628197790352
2.2689908727831036
3.7874310903621162
2.6750016259119476
2.9405787278055047
3.836642230768843
3.6797792957401825
3.125270296164815
2.0621248108999803
1.8914209616415063
3.7883219953972582
1.3057938726024683
3.6090911301922426
3.500337547221695
3.2538417399162136
4.435762711386362
1.5855984842078745
3.6009852009535526
3.918768624733096
2.7327911421485473
3.0417683428081888
3.1287543880616435
3.7244558893351365
1.7311417047934088
2.4242355317563056
2.36610342769466
3.6463102056309875
1.8068359438092978
2.9737968713993346
2.1851922952238785
3.266341738846357
2.834666701392
1.0391283767434185
3.3132027163043825
3.8491007952763137
2.559591818572606
2.909973563853913
3.3401501412864634
3.939193215447777
2.955980251900138
2.875422948040609
3.2712786677089087
3.5895416499634805
3.3416766797912865
3.268776740117147
3.0257913324757904
3.7571483612552012
1.0461254315520516
2.2292920955869966
3.1647054744981338
2.98911972428065
4.212015033056532
4.325692309934335
3.1204117893767624
1.8587566984726027
2.6376134667822826
3.3657291124683764
3.0960399827801575
3.686707801457842
2.6195443653551798
4.038244265210081
3.982224727181096
1.4158113725990238
2.546462194688076
2.2595378144117695
4.100584870092835
3.997307570734638
3.832125053818166
2.9444935404914143
3.9099649159941374
2.454448197725833
2.8960619713644022
3.7709917968816096
2.479444839501328
1.9906223520734645
3.447986496883543
3.119401926896512
1.6140453003469288
2.8669834441846924
2.450213954359412
2.341152197666615
2.5342462978263414
3.796596473147647
2.5261947101445537
3.1204778141859233
2.675030844798142
3.3391325185110277
2.77685479453748
2.3229560204929878
1.9654590708198245
0.8581536283349438
1.1831377847357056
1.0703845519663586
2.5297411252319155
2.4155792441879003
2.707571797911028
2.476420581542568
2.3237704983924345
2.127732971174422
3.3531848444519263
1.4312817939910085
2.5483188497472185
2.5877706913098053
3.742258382194748
2.6612526221835258
1.8541044487062903
2.538777863510756
3.579171014198693
3.351945983305115
1.2852793008345957
3.2713370125850667
2.326603168445121
3.372877071696481
3.3573601169892764
4.353400043536614
2.790161494239745
2.821596794266815
2.5457375096730783
3.4369027320305885
3.9132372895536536
0.9955512628138399
2.691791914888983
3.9685254560825776
3.4403781600673637
3.4092305294974374
2.4736454083048014
2.3002124953084944
3.770324157277386
3.763256978662129
3.3385231784170544
4.179350842219244
3.940643473155817
3.541948378715692
2.318176697786994
2.881393508649301
0.9863783306530857
3.751187149800288
3.3816893676954165
1.4614787590118488
4.341072658339376
3.4574766061301925
1.7789634654830369
2.7189185539859078
3.0542486089904
3.672795839703508
2.470191825503735
2.72623593252113
1.076881331318473
2.7767505273528106
2.685036898226288
2.59517409155498
3.161061935234857
1.8412214551281865
3.3396979355949687
2.2097108697342307
3.738684489290605
1.3095496509534645
1.112990497363169
3.6686423907897754
3.403913687002928
2.795641333829359
3.4466447730786585
2.0679975908826864
3.40899442336848
2.5814155726508616
3.2299608104594046
3.2120605402814277
2.420314974751435
4.432686592138683
3.551734995032092
1.6786935281984827
3.6785804096650567
3.640250636008292
3.683236087804379
3.3434722638228673
2.403328142634419
2.1315248055971683
2.639195556806326
3.482046564834251
4.161593759357467
2.357688611937283
3.871415001995741
4.175787333898643
2.5997620485218045
2.2204005914244926
3.2396430524384265
2.672853897064222
2.2682497208872108
2.126271577161781
3.1506227079978486
2.5076508981950547
2.2840084499755884
3.3170979607783218
4.072778152083746
2.7623187567228604
3.3950412415466382
3.5326285994252684
3.922673175083755
3.4479433999302116
2.8274434721393935
3.7458437892000216
2.8545607368825885
3.6577819789071033
2.8988165732474207
3.923852005620726
1.807061444115055
3.996186226423831
2.7022955975469882
3.3331648325939613
3.469659889230068
3.694589391005482
3.0761004782157504
1.9988752143498656
3.545192323153071
2.961055909827133
2.7195911747763803
3.1587907837493696
3.2227602798910677
4.100338298632872
1.887052041776415
3.566547512195607
3.548510569236401
1.8882862384730958
3.7762270283383823
3.143254034054394
3.704480276809921
3.455277287632543
3.88098234219692
3.454415964681712
3.2578119771915635
3.9922518777297835
2.8024715312952986
2.148290278075192
1.6958110080087676
2.702586139693247
1.6016818863604447
4.142781166442189
2.819677338522866
3.43793785790074
3.3937020355120207
3.4766078547774826
2.294410568970872
1.9940493330969569
3.6600081685367214
3.4601750716908364
3.29850344535003
3.05300911478077
2.6491422102223283
2.729391552704808
2.6120107647270316
3.4086732769033152
2.9927062359073444
3.259034052965605
2.469470794713725
3.0820427020596255
4.4265842791294165
3.821337832852747
4.034859261398081
2.573407033443697
3.7802501813235367
3.130749662045876
2.1065766704330544
2.3070199432372496
2.4623906439319527
3.2125930648079604
2.666044080215696
2.5637458092069507
3.4379528669244537
4.185106613940483
2.633426974250358
2.741963573685756
3.2452330894276336
1.5726281715970976
2.877169524621381
1.801462290263542
3.7551665899377147
3.608401468122819
2.6984438789799468
3.2601978912230227
4.066098686080356
2.377462341800985
2.353993727048382
3.38548133538449
2.1371805768634653
3.4864372587489316
2.1004764639797857
2.4839398020567893
2.935727345672455
3.51702809301644
2.4774114256052817
4.056555653775832
2.9363009448983726
3.206205866211782
2.763088881652233
3.059739884337364
3.2008591768414703
4.470735384806692
3.275459016062763
2.817244302973531
3.1057768837376245
2.7345264917090115
2.5289326244462287
3.2513260005015145
2.63274961567131
3.111372149806698
2.4707579271919196
3.2650814168892475
1.4877076559743962
3.251836470025553
4.329593883173283
3.4208543259016997
2.7225435906779416
4.024368454458549
3.5010647483323623
3.1599483183026593
3.139131398320239
3.8952347796856737
4.495459613567599
3.506922590001455
1.887067393773606
2.412735831445402
4.07913123465724
2.9322576772402686
2.368451950477021
3.8219014852673525
3.571876487134987
3.890912423119341
3.115881076904279
3.47327227976229
3.603965959418549
3.4039602402682525
2.660184150449905
2.7155943843538624
3.6182357468272617
3.528903136476898
3.1661335072066485
4.292180445424955
3.633265955481303
2.701103327058909
3.0229629196788275
2.9001098632329434
2.7923595178455485
2.973794085870191
2.704352657809691
3.5631796958024116
2.3578743244308544
2.8757619295569605
2.988578295214141
4.467821028856525
2.3255151372895564
1.7852156465235562
1.45002383947349
2.9622184149082167
3.1418101919824886
3.468358723045994
3.4882599827124547
3.2861070151816327
2.4242294409765046
4.101299456084153
3.602333229263993
2.0682027133014933
1.5226056168303865
2.6461866986568525
3.3658911383133563
2.5176097070307715
3.8292738862890348
2.608086313292424
3.4407629093403918
2.534608384956518
4.044977639874854
3.622530903370872
3.4505991743518734
3.3583154398624933
3.218829703299924
2.794789399647717
2.0669773824777216
3.2636176333407985
2.295410629637384
2.4620352535779313
2.8326759532385757
3.3221016177702096
3.267780641962648
3.5014121661648634
2.6118022391497484
3.0951516888024413
2.1822866473936484
3.0336397454807824
3.3160983202235275
1.3910800220126605
4.843341728946633
3.676030438726238
3.4841477940632437
3.681609616844118
2.9313969674038023
3.251230000965013
3.9996449579379765
3.0832975208754863
2.509142204993254
2.4735864510681487
0.6588005760922577
3.8692490029586915
2.472832490632908
1.8871722453393789
3.7540172453646234
2.221816486672088
3.960349750779885
3.6652061975065275
2.3730844131943005
1.3946707907595446
3.1228602688725657
3.4786468081782083
1.1529850116074796
2.273906591089079
1.6282373437435915
1.9658493434130981
3.5340329355203326
1.2143548130566517
3.7345387135333623
2.8940186292562893
1.7515717096172925
2.0538555494809287
3.6037623696418755
3.094651853646783
2.0519828371617836
1.0032180924939227
3.0314486348006677
3.528980165105004
3.524894558740138
0.9957816757559597
0.1624221198341501
4.209999730865401
3.721532852344882
4.0106525000762
3.366756086786747
2.089858506166589
0.5302556370338878
1.9370621215041202
1.8999128857248897
3.8130232917573235
3.3441399028362073
2.235541864658533
2.555739690126442
3.5989008203119783
0.27421973096645486
2.014997769618628
2.515573031894887
3.856186960719
1.3596075018743334
1.5150401552862294
3.3312444320724746
1.8801022156631204
3.6215233984346873
0.6277808099480391
0.1315038728611202
4.013134175127804
1.8206064915190894
3.989695339709832
1.0548645560829495
2.93159788413333
2.637887490519429
2.9550677477030045
2.617478453324938
0.44652205187973965
2.9304334953649085
4.359064508153389
3.200592590876344
3.5678990500964947
2.523857058149821
2.7984907927760476
2.2783715987215962
2.9546191722201147
1.654558736040286
1.1973140915773655
3.822826117846063
4.049852463981961
3.49083430496971
2.6024399086569887
3.4537538691480987
1.3643661520756472
1.6093047290616525
2.492398452485957
4.517752057427445
3.733862159439334
0.9341673533210462
3.4185809387542982
2.739650581338487
2.2490788515874396
2.785718217507078
2.291310864284034
1.6746943440971314
4.3378294336523195
2.8421405984425774
4.074349102932197
3.276041261691474
1.7665828008911204
2.0924515049886994
2.2774461665995194
0.7941586438125674
0.5782972422396628
1.861194356645277
3.922065871485169
2.23863499073895
2.4637612931124657
2.0792318195435926
2.352117389023291
2.859817347267861
3.0674025461528336
2.202991745798627
3.91185570137054
1.9975632118139257
3.146544458430145
3.501556758542184
3.9778429808660545
2.964579958388502
3.202107366924625
1.622255621265796
1.0236209702098262
2.8877432057973604
1.5020679995192683
3.115585844764667
3.6906129914848775
2.9780194324091087
0.6376813061700698
3.4769109312436686
3.22477995476646
0.9606598123930166
0.1591091090321357
4.022347901992522
3.280858109517561
3.484864363339303
4.30616492867461
3.468086903033098
0.9006635050960224
3.516814631943485
2.2668698155447484
3.4735650425001623
2.3319456932364355
4.888092649681382
1.9231705715260907
2.0462125495064996
3.411108432132481
2.1784779335412883
3.9460481798639955
3.586530722995432
3.3585734459885805
4.010066941725553
1.6501961556788938
1.7276409203203316
3.3263343402968375
2.229839766869911
2.0818637039748946
1.8120298033788735
2.373732537588937
1.7468808000182139
1.173175266677452
3.6898016836833674
2.162693166888251
3.209244868573406
0.0
0.7511548137857569
3.1338189604723157
4.0070686310233254
0.7661010854228903
3.2220213712848396
2.91386854325961
1.195168922066315
0.30057493354760184
1.8236312966609491
4.237304536354976
0.8182730969083758
3.1487652323358013
3.3226321606975477
2.6230684009130383
2.6219815515371017
4.082040290131467
1.2121954030898208
0.3130642480604452
4.0355881391847
1.998802617512297
3.9645940877801813
2.8052817796153167
1.3116685535122339
2.9844414615944506
2.4394798864788774
1.7231809698687035
1.8600434285287564
1.4915759017929766
2.683586060295134
3.2713183034136795
2.875545529666609
0.6835381853675423
2.825634481247875
1.870548079475094
3.93048667140048
3.4203579624837226
3.444527205859425
3.170446277016969
0.18303542024725994
3.256723017676928
0.8890290754705491
3.33861889035402
3.4741571837627534
4.076315310261596
4.210042570783696
3.3805553038089093
2.7013057155787807
1.019225749748867
3.783175421631474
4.335898092799261
2.1499728443307005
1.481928731411528
2.96998436633582
2.186837437808427
3.3931891945080452
3.1309349047959167
2.6014290949596184
1.0379075414956047
2.526106925725616
1.5417082351425293
4.5934105744595035
1.0414461405903046
1.0995533913353401
0.1828786139103608
3.9989904526895885
3.9474418997261895
3.8317630432651995
4.688929514451359
2.686266205332153
4.242425814482918
4.299571413916947
3.637159238916706
3.173290117488991
3.11845055282534
1.588309446797922
2.6365835912394067
3.174427052070947
2.757502716072178
1.9793707448901345
1.7189719413310376
2.998560710441353
0.1841819663852462
2.06271910857139
4.027392482546538
2.645631750966476
1.760410344375015
2.782262692277676
0.9833158725740658
1.7937989052869694
1.3415895200083117
2.1763529441282237
2.3515204370424097
1.6492765763087702
0.48161268372046406
1.8434520755888422
1.4212778353855955
1.1358867963956978
1.9579979386766102
