3.525634791684195
3.868327982157153
4.223044267703027
3.8409843895861377
2.3768522317269447
2.3144645161466055
4.003843531462185
2.4610104102719275
2.519261576369596
2.391345712116369
2.4161893388575226
4.67265401231781
0.8292918095853374
3.3383100616245143
2.194919502568491
2.2911352877480162
3.491052334309951
3.6198911037812045
3.608684134907514
2.293566802268749
2.3310776465904732
0.9149281231819149
4.192153158209796
4.029146802779824
2.2016241630059277
3.1808640245831077
2.3467427581011906
3.213186344376358
1.1242036588930286
3.2736538991225403
1.9280123173901476
3.4158663747756055
1.3837361917078896
3.593634755689684
2.974010876016341
0.9900763290148864
0.7650322164657068
2.0527730170979552
3.3552825032677256
0.9798303318356805
2.3991890413954393
3.4362832513141397
3.7114493680319374
0.7699495570653201
1.8167218413427257
0.7303773074986115
0.8463881012230026
1.1297568531725715
3.4093788251902453
1.4315736311619975
1.2002533779873237
1.7091135910601583
0.9532818658155602
0.7915718145756094
2.8634580977406046
0.0
4.026347690979679
1.0438708239463679
2.2830726207989356
2.0122721271296795
4.730376324012932
0.0
2.9950587702957217
0.9437986180054787
3.0948054443171653
1.1381650293118397
0.3559196300537483
2.352729284771502
0.0
2.3488429263474613
2.2915715341446523
3.846710469053664
0.5114600065980164
2.7015023423942077
2.1723967235196993
0.1791309115551732
0.7624614721991849
0.0
3.2705763053724803
2.8719888000204064
0.0
1.2273250998949454
1.0562710731041878
0.7443839528381739
1.2789955439020673
1.8290316440715808
2.7707940800449626
4.0311198477456855
3.1806150759455893
2.7984559093428674
0.45606068152332974
3.927103201540973
0.4163179573194356
3.5789755797494838
2.213914194885003
1.8216339716627137
2.730615383589499
3.3697202914199753
3.121822438597969
1.6030615156106827
0.0
1.8257065177815042
2.7292288289293984
3.1512006333644713
2.5272487322439927
1.7688763203930176
0.0
0.95456616784207
0.7077439841271709
1.9711212466237915
1.941970638619267
2.7119094255960485
2.453708577000444
2.2773528414110773
0.0
0.0
3.7812850673594616
0.8297525837842787
0.03570005122226555
0.8700996186804992
0.9071774442749712
0.4701209435269425
1.241826186336058
1.4234379928771588
0.9017673117239757
4.606450079832323
1.0187520821392224
2.9225273769888807
4.605867219771647
3.9999977412111463
3.5115088824012384
2.6239056625772426
3.329948492850412
3.320177299275227
2.7860911691034063
3.746855528432969
4.714020522180954
2.708232415312401
2.243957004463514
4.028377825128528
4.668916511876111
3.921455362669822
2.334800877015203
3.1377003304766884
2.1477765202175765
2.712275826268268
3.665591220282458
3.4110459620237212
2.6136175088125917
0.9776806277242072
2.658462364634851
2.5203593015169665
3.700262052368979
3.261465461110768
2.929914207600475
2.9577735944785037
0.5293392871947706
0.9554603580031835
3.6312983818612445
1.0663012247401673
4.755251249448549
3.197505909445857
1.2417037230199963
3.3082283231990823
3.864658007501607
3.459797558196385
3.014700763786066
3.396690653902678
3.810905682567978
2.790780375256522
2.306081007623076
1.0622365106446
3.6400755152449085
3.2624524488489586
3.337971184716742
3.1790347991124204
3.187930946735599
3.659709238563971
0.9179741689180847
0.035472164340035583
0.11153134653241664
2.3769582891008705
3.1591243580466593
1.0022601728578906
1.8380621164802344
0.0
0.0
0.5790765446338175
1.2456878514834762
0.7874967081787598
3.0205203117860027
2.8121335565640937
2.7497807290183123
2.7325039136800493
2.574246161653196
2.738543190087496
2.69144459081879
0.6140463435914332
0.10585095963912344
1.676000191073855
0.8326838927102651
0.6129103017298485
1.858586844224354
0.5784401649319986
0.5490926475769227
1.000975323674167
3.6053054551895296
0.0
2.721547827922728
1.3075462559923048
0.919658567931636
1.0466979161730936
0.8629767021399399
1.5548507286926094
1.9713741790167096
1.0810300161975597
2.02601515784699
1.826847331296785
2.9464732596773584
1.2128568345055784
0.7016578682907462
0.0
0.5737442964836199
1.0883585481593407
0.06031023684427367
0.0
1.897418397616576
1.3876719116732195
0.32528705286161347
0.5655453929518457
0.0
0.05724906250686762
2.3638666569525664
2.001993224158652
2.1477582172934686
2.6153927120985045
0.0
0.0
0.3108403520141923
0.0
2.027767278502507
0.0
0.41152900828025235
0.17813309788892484
1.9439561226049678
0.5244224824046737
2.184557689265647
1.3516165685610495
0.2515984886147254
0.3581210451809987
2.721941648080567
3.94112542837253
2.092947056840882
3.526604167483266
1.5385245877735545
3.444403254306053
1.6764074095115422
3.322149619065976
2.6614265217337296
0.0
3.930236516556281
2.6801105893576667
2.6442840740377402
4.326126105441497
3.1550752811174987
2.356337589877623
1.784629736269483
3.407741142009967
2.1031760996640685
4.277398601947887
3.1026493970449014
2.681721991971253
1.2203225327758165
3.205273845435777
4.156702571973552
4.525376375704235
0.8305665424501925
0.29118986599968616
3.463741706211117
2.31918417753692
0.915442490582637
1.7344694915954684
2.756049632449159
3.160536742789885
2.9769702109893297
3.683199659558543
2.539279009474939
3.5734217475691534
3.9772966774286385
1.2631121069121416
3.7035619471936045
1.6883873815375903
2.6985159917023545
4.089155706945798
0.035934650298265536
1.2188784658168672
1.7771251411034015
3.3671003274575964
3.302609641861665
3.1265421072487403
4.755664082038717
2.8837756462632176
3.2556840865298358
4.238933065965145
1.303685797041948
2.7826226843864372
3.8659141983276335
2.0982499739979676
3.5738586300477757
2.826659201553826
3.0263994178428124
0.47696139547750777
2.8072814065615046
3.1831018591237283
2.762287817256931
3.5904708587167082
3.1617288727457638
3.818514501273439
0.0
0.07759489597023445
3.745650268484997
2.431811295959118
3.7101690053673124
1.848599387687926
3.6040784815642697
0.5758842294598621
3.4212836628395458
3.0448128322079375
2.448818071664978
3.4456999078889368
4.279516735829193
3.266257737802724
4.124459410243141
3.8491266654463656
3.2430405640965585
1.0465781907572909
3.8515497415159796
3.5866460701449747
1.42331213741798
1.460466845855098
3.2976063629621484
4.351339807603358
4.211371360667465
1.3077718207116649
2.349424284892107
1.1176620743508794
3.021177366633589
1.3126903215239307
1.8981183819614278
0.30864278038491383
1.9439476785788428
3.5898321067013708
2.546580778673679
3.508563869147377
2.7692732838939125
0.4704880300649737
0.7905605766164183
3.92147869005386
0.5147664906621359
3.0970442257371285
3.8367501474080115
3.376736557065248
2.345699629245033
3.119095805342003
3.460726177456544
0.2232589916039438
2.544308576156329
3.0225611709065645
3.0410263417491112
4.191081527026618
3.267770285591257
3.661442692059067
0.712656674154835
2.9375723815989305
2.201601121557214
3.6740936655371415
2.4104584780876195
0.3840131512951814
2.581319448015983
2.053923413442861
3.3499347742829535
3.5187013013734485
3.202080965040165
1.2196692945313459
3.3006832412447626
3.144692054925384
4.205594792888249
2.1123592116215235
2.744908175003572
1.5230076580608813
3.2095522784476023
1.729121861327221
0.9343808242895604
1.6466212260669228
3.175838598856383
0.960877988319824
1.2777443327769422
4.715175658454081
2.815771742347381
2.1543122469801217
2.1803078461448653
1.2383090105913415
2.1953164534007916
2.510510591666727
3.6005481961446986
3.5098337834161626
0.572413025806978
2.4540752852582366
2.9122192854476188
2.163522637169521
3.043233926964586
4.232601832597545
2.4242447343311175
4.117710728387555
0.5198769081548258
2.323252968917397
0.5461058739626088
4.250358688192661
2.992814354689196
3.3439478623660572
3.422553175332548
1.5034499825393504
3.8592622404725843
1.426876689896876
3.4437770426668513
1.9103490793968134
0.07477429611984415
4.717228358741297
2.6545301242690833
2.1653047401198546
1.7335140156229607
4.370412010313114
0.7650348807841063
2.975679289205784
1.2575840678268186
3.529756556769888
2.5951102378058053
4.548256164004156
3.015424036361437
3.0784526878233303
3.1479188056187146
2.576102883167677
0.0
2.0977378951473815
2.4618200854607704
0.24948504379573327
1.6725710461102723
2.5467872207265256
0.49268607984445006
1.7968760603632181
3.3918479886944617
3.676224010743648
0.7991964923636057
0.3709636082094567
4.42704845147817
2.692267917720457
2.2226461598343894
3.562366072569328
0.8035426054946841
3.4381688294911323
0.8761437015274414
0.1677010467086018
0.0
3.0326436144887117
3.22339257426919
3.0371698825508533
2.107622926489028
3.7512807436367384
3.2463958379769653
0.7217322694174233
2.2878227447210557
1.7308076989001242
3.1129727517936843
4.051613549197394
1.785003722556595
2.9081702697918987
0.9833914808319084
0.936341222526573
3.3649203943547947
0.7211541229273406
3.326775453697908
2.8488849987458464
2.428387157178867
0.45589498264479983
3.3886286809554695
1.354924917614781
2.573798253270533
3.519535957122719
2.704694927753131
4.245525415925316
3.5047960633962614
4.07298261108245
2.91451961155074
2.652012107972334
1.4184958285558966
3.19220666499804
0.209048959296594
2.6320304113974444
1.2577133438177734
4.0394050864143765
3.020246636470939
3.184550433727938
1.8925948784480517
3.2782438780662333
1.6551098777970774
3.730152828009952
2.318109909977051
1.9740391690958814
2.8080629569983415
0.4318787392521167
1.6313463093905618
1.9200013354744507
3.0059326292045228
1.5979647068658676
3.149291858706252
1.2893781708366858
1.7503984839246616
2.6872038741211863
1.3206811385732709
2.585066953955242
0.5963623180037747
2.9066085910301984
4.072212484824291
1.8085988306843068
2.9874403609574265
2.327122148937214
2.940568837772972
1.1259624163288786
3.159032755469384
0.9640017257278217
1.1316112182733697
0.6065645511488458
1.3470901312582166
1.4355451396508128
1.2789840715154785
0.0
2.500273656093504
2.133396907517098
0.7869001780497384
2.3373005074433726
3.3891376958177815
1.4284888580551283
3.1273360310227094
3.639492042632974
3.468516298929604
4.114060570410741
0.16392474292276366
2.252537995528261
3.081984569541532
3.5413369734578533
3.2250140449338796
3.182004555901333
3.0605170367346934
2.843156364889114
1.9441964597161603
3.5163378590176304
3.1771943962358007
1.8948335661531208
4.0785659407233705
2.502871595230983
4.098233985624806
1.7377033809524152
1.8009488454534155
1.2096702993363229
1.853381456750591
1.8093711282385077
4.019165188250784
3.6599977210180445
0.7808070160506808
2.7006207752300435
3.0845964528266703
2.281916055223808
1.5692954577925466
3.064527074811123
3.6063641140786524
3.062536957868554
3.9179158927589697
2.6821364134610244
2.837992909731409
1.2631535668132836
1.4461078515485135
3.0121512327623017
1.9500895510482674
2.291817671347019
1.1346405118214185
2.847442279145205
1.2370428196603842
4.1118534138484115
1.2845452585984247
1.7532519981582266
2.357988782746503
2.6597953334148277
3.392081523791206
2.506614676002852
0.9320546821250038
3.5275859153141065
3.7952548844361527
0.4433119727346267
2.4940554281734926
4.272219911881748
3.11099440544562
1.134347991840299
3.4892905092401723
2.793534250268652
2.2785646000969626
2.5681816663063852
1.9383804601591537
1.9495562984969455
3.834252711743893
3.7965668496754983
4.324070537788224
3.6091240925534818
2.6299235777055214
2.1138393050108073
3.743904632991698
3.2000975570439114
2.644928255013271
0.8805461090466731
2.3718432525445063
3.7161191982369353
1.7266614613259301
2.4178445817745016
0.6776568439785711
4.257391350590572
2.0897928239737054
3.5452953294677
2.3944902917451323
1.9666443707862789
2.6948263472689034
0.7899742414112008
2.7429696193475896
4.381238284679807
3.738106080012229
3.3253108299925094
3.120486424686856
2.7876042707695707
3.1661038414281735
3.4164171200551774
3.103811065882875
2.8373069238109996
1.886694151062258
3.1354714875965737
3.0321107845764224
1.2095630341263541
3.31011502787318
4.062457293570606
3.228059165570788
3.6277114413127056
3.7754862569784393
2.2408339430171513
2.4930973414676068
3.805131876917923
1.2220137678941156
1.5877118536810344
1.8057962328801545
3.736404768583416
3.781385036434044
3.0502487730843764
2.771452809332243
1.1065157196936053
1.9785446439350032
2.4716157620394794
2.5030492428485953
2.9719771805696635
4.289934070634901
2.4355774552774236
3.6096248855821704
4.147012356993816
3.924252605699854
1.8906478387621861
3.4736057517179963
3.8266723449497
3.032535515324952
4.442220742588697
3.7944761148365185
2.053935570016609
2.7979331079621983
3.4725871987242023
2.820226356397999
2.0447307291458774
3.021936488566004
3.1592554477583734
3.033348321100455
1.1335695757033917
1.4956325608208394
2.541992258966923
1.2368636063766856
2.733710821665007
1.831306079507107
3.749671655612921
3.328146298672284
3.5483220733640293
4.271002621178605
2.8964961675986514
2.7834628461797735
2.7144698957743714
2.6242450193198454
3.1632269593470927
1.181490471691629
3.7169808119374355
2.1907958366518976
3.08966517998761
3.544088129937288
4.18170557696598
3.7405056186097334
1.0680956715395913
2.5002973030634044
2.635894238340979
3.684194341766458
3.1866757312627465
4.123248790952188
1.752823079327394
2.544994607337557
2.3076735149957113
2.876286458447723
2.5665658964853124
3.6347164182940537
3.8809540696736455
3.0762090281733423
4.077767182423187
4.11427306489839
2.9833911633543666
3.4637557929410816
2.2615235978104264
3.7129095898728615
2.606715879191391
2.9141279146973877
3.844618401197371
3.6868968764673298
3.193593098071129
2.0266630706733135
2.5383637177856126
3.850676996774542
0.478678422671214
3.762674561975506
3.6967863541979606
3.3893461340744935
4.315075648288444
1.8771610573556077
3.7060748315858905
3.932471858178996
2.6061568635778265
3.080847580801927
3.3052680235298557
3.749542834012499
2.182996888137964
2.5220199855487007
2.2719724851353327
3.7488220979867597
1.7840131435614548
2.995929819193885
2.1513438329801273
3.3506901687899973
3.1933340151504717
1.2908454803725327
3.4231079066536667
3.933528883511017
2.4807116851850033
3.1034133505212527
3.232378708157569
3.900346994454379
2.5087918652693313
3.0064347330450905
3.242258600614078
3.7040079076765453
3.440063301514183
3.393742006124943
3.0616636050835373
3.9892274644851957
1.0453174360950248
2.268855605303003
3.2130350142463517
3.1253139493982225
4.1025895944645985
4.330569490325839
3.2546919764228046
2.19131187299796
2.782921364191729
3.3836051327606906
3.097250945110707
3.6813156707848673
2.6947036948105145
4.056095535958879
4.146033598467291
1.45471019601047
2.276269826995663
2.3546815517764625
4.150093842589686
4.038766503001665
3.8183128983224845
2.956479062275858
3.8725767952758847
2.60755896451335
2.8727273560737627
3.850043909327285
2.513493474711413
2.3512012488813063
3.2711638196556576
3.2092282072894704
1.516184599835993
3.18899404687912
2.423716541314813
2.3050634109594057
2.6408098515977994
3.7262538841584396
2.305344665071965
3.226361495667809
2.7987311025946644
2.9856326629267276
2.8489040824758183
2.5309670566251543
2.2199174881919648
0.32432220346220647
1.2073236199591468
1.2487819574803962
2.3692988302902607
2.183862378054454
2.7476797392330097
2.380435998570676
2.4423560258377703
2.3569605169636585
3.764615926662814
1.5886200164310136
2.5056881233567703
2.7931846406119654
3.7710268368064237
2.693292562282548
1.5089821625049142
2.415439078795965
3.6057571129486683
3.387892495704676
1.213748928231921
3.3197968806570697
2.3182992061317815
3.5931608058238487
3.2691336869320264
4.3151435094031445
2.7857417257376365
2.986542390770589
2.4841830505698037
3.489526100680184
4.046153700076594
1.3435030295614843
2.595936820864737
3.912792783333999
3.341936887817128
3.372164792026851
2.575780452135608
2.268761175175276
3.804089902801955
3.7847997749313986
3.0149133699853428
4.105156115660035
3.9309574937098386
3.585545467487152
2.4919540226267536
2.791176896875705
1.62250569523021
3.9759660711792577
3.5401059350714084
1.3722613561886108
4.316696411418425
3.568595736912651
1.8168200142387159
2.597364170956293
3.1069850673868036
3.5913774695265976
2.3479373300309416
2.791388100307458
1.2173387489670362
2.9205457627327296
2.768310647584289
2.8114586866729327
3.1606595281366725
1.6737504823967513
3.549507370797509
2.376210995469369
3.6931319778317775
1.6419205652874174
1.1188271842178137
3.778808832866037
3.676242531408385
3.1721486921715227
3.5656808414567913
1.9769584496514405
3.400493064644355
2.57220991158282
3.4415392101175266
3.208951616548318
2.7382489346275087
3.943894116866029
3.5607001402329996
1.8302462108228907
3.5638289295932877
3.6138875368221797
3.782643964724639
3.233572866853611
2.1470969759312526
2.0431062213684688
2.7604237849105075
3.423306106467245
4.181639994188794
2.4667706999646946
3.590769093748984
4.14477466846804
2.577882754871599
2.2380577406003477
3.1821297153073367
3.10339660995986
2.3364570979225787
2.3486088715651245
3.1581869820425963
2.823128963340638
2.2682605026307168
3.3194872390298023
4.186134422181423
2.510706755593586
3.3102304183237963
3.3852844136465583
3.845964855944489
3.4239020721094446
2.971529274094088
3.6354786825984595
2.9262236919043856
3.6870382264716888
2.8475475888733706
3.980580309782029
1.5792259353190237
4.002534196669481
2.862768336495227
3.3167654683308108
3.5484834247212738
3.53460318247122
3.2240594219703804
2.085762786342106
3.1707153699476414
3.2367659588581645
2.5714364374298944
2.94443553577976
3.1319205478622143
3.870316490938433
2.1084063927236762
3.511672357449986
3.5646177760049875
1.6382040911508098
3.8376806935015852
3.1744240746959003
3.9899411276500967
3.384932027474008
4.212961566778274
3.455104497914421
3.3452207339921216
4.129376038731549
3.1635553425796643
2.0911952013070794
1.4821139571645305
2.650948669780793
1.3456572229448596
3.6785301436073525
2.9027668005203457
3.4634164238167173
3.240078494665595
3.5513175141776374
2.4792534013623593
1.8713099904358088
3.7584392830966826
3.6181766173260677
3.271168837198225
3.0380816465852023
2.881724757048869
2.107983208891243
2.7381037969290145
3.0715104219555722
2.963718089679787
3.492809259450977
2.3943209237245817
3.1572360017055723
4.342469965474711
3.8506878704983256
4.272281318566834
2.6170720338903086
3.6756333702347694
3.251969970654609
1.930690798723598
2.3152946547830897
2.8020141345198355
3.110102367819114
2.52775146361877
2.5630862443053672
3.0737387684917374
4.304229372047621
2.796299153739467
2.946755943309651
3.295121390324206
1.640250096175863
2.813694807763105
1.677667194091779
3.7963873181715475
3.688618829061131
2.622953563388376
3.206041803987709
4.130466322051637
2.2463211280637916
2.3170891544559806
2.4698037912749875
2.363903463920696
3.603286904019374
2.4888238538701115
1.8790592324501285
2.9381498201718164
3.740013537013407
2.1447640056073345
3.9808087038565745
3.085357976177159
3.2016887273208408
3.1342777105559665
2.840123067160861
3.227647794157851
4.613407606328421
3.2640253553995358
2.7007459147693957
3.0198381564682224
3.0269369593146536
2.465054220697446
3.415231255190668
2.579086106690621
3.199176754258812
2.491804580248905
3.2524955767466444
1.4106653630061452
3.3442137445903812
4.479104270819237
3.351842872893867
2.6724369710252516
4.213806301569049
3.2672953513750156
3.056165600481478
3.334450522516041
3.749100609237971
4.521602474195123
3.3815820833393806
2.405979473423017
2.4762527795918996
3.702762357031841
3.010216357034887
2.3255668990659095
3.7067173535804816
3.6542596036658317
3.8610701410135837
3.2690820528615676
3.4956437058983365
3.6861950674517154
3.522617917761707
2.4806141278203393
2.7362444386653264
3.795130999858351
3.5527038863982114
3.275860929072981
4.145051891189759
3.8980092006940747
2.9149603228457392
3.249815545179459
2.8424452420770026
2.829012069595594
2.80836272509519
2.536874478670569
3.503585048954589
2.4735616856644826
2.714286892609244
2.9728311736788227
4.499628775097801
2.33789396436001
1.7903135334121072
1.1355876498262145
2.9610748954050603
2.959699066064075
3.618798391317934
3.4421400187438542
3.0544742043996544
2.566049759471791
3.5291457791752365
3.647616136431664
2.1181778265492306
1.5936790693787222
2.5926271123104665
3.5072306373507427
2.4415679126696332
3.7860821376821163
2.377648311418243
3.4921059693988505
2.2320436951614067
3.9052940276628103
3.6866003553853517
3.521151231618317
3.309034246802346
3.104089525265973
2.9836516885503754
2.083491377215518
3.5483079593439544
2.2404052350577808
2.490045444708338
2.841509211074864
3.315682008772298
3.315719143946063
3.583935166833801
2.3136059762416803
3.12020783414283
1.971584620750536
3.0255467657843513
3.34875369749578
1.1202265269948908
4.899958969875646
3.8563947665205447
3.5526673915024976
3.7050385268308106
3.2289584573879795
3.213167059964383
3.875549006791064
3.2987039799041074
2.7401377581487365
2.5699120229816437
0.7705872398033766
3.9925213440721183
2.5326212317936228
2.2130481350091995
3.8341405986882693
2.59258509942721
3.7084490734067614
3.6719031082414144
2.551207547150881
1.3060358698485113
3.00298636658015
3.567784158420975
0.9766803150500474
2.092894468388517
2.0032223326893717
1.9496936001857452
3.178870131519548
1.4715414551678951
3.688672607775322
2.192802156897119
1.730029957674487
2.1167270356651398
3.5438925058047106
3.299373744586712
2.03033024384146
0.7586914704487291
3.183230953630746
3.659498322023208
3.575568700741675
0.47228651680129125
0.0
4.142093728772583
3.7617219692817003
4.1271939911450986
3.5188787356774993
2.2944921966885
0.4290542702952547
1.9973541105089028
1.905523309253298
3.820976074615637
3.2722564409088113
2.0059285412956633
2.455133586905566
3.5697193352539536
0.4013797205461512
1.9723864733167866
2.4686637863766885
3.8533006848988762
1.7014406465883252
1.4010289878419622
3.47501703141013
2.107735455595966
3.6290729774871853
1.0807437750205122
0.3212095781842197
4.092521090416767
1.6246073375146872
3.930604315015483
1.0615489473003537
2.802287521252693
2.576841605306795
2.978187890321709
2.5125144921675817
1.0239491932090767
3.012612093563063
4.239886491692934
3.24131718772591
3.639762893689889
2.725269618601192
3.0450711692574455
2.2196895903486364
3.193352050882513
1.929696383619315
0.8440844503651295
3.8583983409879705
3.9347386179862163
3.6618690616918563
2.6902899461477885
3.605805299774195
1.6093969881423285
1.631124499188742
2.4937056734898095
4.4068613876875276
3.789381370134894
1.1884629558612285
3.550462434660231
2.565793401216019
2.4645212262287504
2.5316040245497886
2.27331918322835
1.7713190061580149
4.552732232380818
2.935142590340461
3.920898014509035
3.415625423126999
2.2392965330539276
2.103091065815616
2.2648063278624506
0.9786247955510958
0.8425631399986391
2.047862801785466
4.060722431132154
2.3567767153832317
2.5041368230480248
2.14091273543671
2.399235559174626
2.4883116978418918
3.3394737739066898
2.119639312466794
3.9509607629049945
1.7052553023335488
3.232972095681589
3.639952287601215
3.5402223699606936
3.268482729751243
3.2630117325235846
1.8703587585311732
1.0620816969043414
2.839485860632969
1.642121957602338
3.044075215316136
3.8694787409473808
2.5803447442208007
0.6240137099631549
3.510444300226676
3.262942045035424
0.7511529475058374
0.6323031663146013
3.977481284988543
3.2266843027059418
3.5503461399815173
4.366722430319896
3.4805514862994804
0.8147603414260065
3.583374829216025
2.0646179305869206
3.435993265248012
2.2864292126907095
4.825485286766474
1.9773611633618289
2.159256653476601
3.4342002600882955
2.2935209058549932
4.052277875637366
3.5637538781617373
3.4605713112078478
3.9534036203059415
1.5407180577652613
1.6827122148787874
3.3806969228011283
1.833899047771493
1.7833833354980702
2.0291948102814366
2.280135379896159
1.712495359647798
0.9987285737046587
3.804113636231233
2.0458277761534776
3.1663275881351036
0.0
0.8230316331046841
3.3005805688098047
4.195219403894461
0.8913056450476273
3.2174533994338805
2.884281025509325
1.1861584865622243
0.3389709886745532
1.8248401702689492
4.0884230186799195
0.8729372183799813
3.0904874004683847
3.355612298467431
2.5681589343202305
2.3259315113056087
4.080002713946007
1.0923918736690215
0.45315045084763056
4.041526169689741
1.8070815360202763
4.098560245664505
2.565550990641795
1.4032923251549156
3.1639557019692677
2.365684388917505
1.6443532172334578
2.155005966478452
1.7914687032005057
2.7305631795649625
2.7896639763449778
2.9166291832627946
1.059220023184003
2.7660367807424193
1.9527048075114466
4.057557482900172
3.6130555803337328
3.525009664976422
3.2672248897563225
0.03731796716941255
3.3316208289337705
0.9174224689305455
3.6504158022943107
3.3674563484731292
4.0171225959344845
4.322701276378506
3.5612266325591886
2.323608687090163
1.0691118412512988
4.059487596031519
4.431948424125159
2.099631265925757
1.5734075427444874
3.1143770812151597
2.126921888321398
3.611161032934368
2.9816614414487876
2.618975263408971
1.340261498272978
2.4915742461536556
2.030896824986492
4.561889735586883
1.5133730371885175
1.0119656903237728
0.59701062518943
4.091406050321283
4.369387907995038
3.7783978091547645
4.645106970855554
2.521732239391096
4.304142473466127
4.338106371879722
3.6518060381169284
3.288686276941173
3.3535334662928173
1.6134070571983437
2.6002421891667433
3.0565505305092113
2.733707061988759
2.458123929737874
1.6074527486604968
3.007055992941443
0.11013478700631846
2.055262785781288
3.9980770698687564
2.381420997223681
1.7268671682010386
2.630071796945506
0.779158713115955
2.035988570398735
1.2183318338024778
1.658275586930434
2.548627839361559
1.585692348703543
0.7132127994425241
1.94174195514199
1.6503569221922938
1.1061033241490328
2.038334010465691
