3.635641727795438
4.008744890064025
4.453321443261619
4.175946389256003
2.851073380295937
2.7344063180079
4.181936071696334
3.10135836424004
3.046912715526399
2.4076593823209302
2.408289515009801
4.718483628572735
1.0619748965799274
3.4123859131408945
2.864225424679942
2.1391895474100666
3.7063675273688266
3.6856756171462632
3.32087648621391
1.802512294731574
2.7606956386842523
0.76422100044139
4.31808524012241
4.269944739499201
2.494751512034517
3.591657463760755
2.2405654405474786
3.425576230752239
1.2649227286816371
3.6894460121808135
2.6147673266026352
3.5779276617788662
2.158023681808775
3.7919662724827354
3.1458477400699616
0.4548806316816486
0.7466912004899479
2.5363533163185874
3.822438811566711
1.1723531635792637
3.0108137435124305
3.595371312677119
3.7782324495207478
0.7298722425346869
1.97028606692579
0.9586606464351722
0.5983699446754401
1.299669767760637
3.9785706867280277
2.116203597672132
0.8838466894538078
2.6259499819334136
0.7466084598149457
0.6041059448607823
2.210864565677852
0.18633725985512284
4.040277260421802
1.2137161314180016
2.695781517069208
2.0167364936302374
5.0
0.23455580239386198
3.306964575749971
1.1638664081866446
3.193038167544774
0.8069687316786767
0.026939826027590152
3.347100473398264
0.0
2.590907197270547
2.6205167241277776
4.084750606013746
0.656697255641859
3.070713836470808
1.876183849757977
0.0
0.7095030450333808
0.0
3.645557645337601
3.158654850622219
0.0
1.0701571700354626
1.1450452395460808
1.2019010047715062
1.240220068903597
2.1284826381189825
3.2876410340153566
4.141945474276979
3.5126387657221945
3.141003328161759
1.0155893089894192
4.145722508842183
0.8892902129206014
3.942225397001711
1.8313867581561434
1.490306703812386
3.0386971486797894
3.4036777088351466
3.0324252816246657
2.235763115889444
0.0
0.9861000882598064
3.025706047600406
2.9811614799855954
2.6268687299140074
2.0241755585780306
0.05662721644084201
2.1438317359535115
1.344631799445033
2.504005712782405
2.456804942948287
2.9945054802589612
3.1654395781050733
2.9120235070064595
0.2294864536975605
0.05159695903384065
3.977502014009664
1.3874244360876786
0.0
0.718510900729004
1.6413325747354013
0.5302813004090342
1.2688439890204726
1.0469118586655375
0.4793829505135655
5.0
1.533349285684722
3.3025448426912374
4.668984066797635
4.093045139497435
3.788576891325862
3.0248518814776766
3.6575127265875027
3.4041041040343947
2.9560769377677802
4.009656024372052
4.750737594461056
3.1335180057572525
1.947891830622888
4.28895375327972
4.720174494194295
4.170711448488651
2.7933019121778626
3.549526293804691
2.094653193123033
2.3688453740596693
3.522869978926769
3.5105872478088958
2.35344264692361
0.9384300170312486
3.3447209648552123
3.0855412928015187
3.9034158224334954
3.582735460443849
3.1613663779361034
3.6149359524255846
0.5671873726136379
1.2931780561108766
3.809987806387362
1.3432890557122357
4.810756203683729
3.3306078392082585
1.2599142073817888
3.6835871655431296
4.089933002725622
3.861356794722629
3.1377778957624045
3.701750270770786
4.049429456011006
2.9112433964791675
2.8665592964573334
1.1569954167005574
3.5066607419472486
3.4837108987707106
3.394524430587202
3.361682727351901
3.410770647154859
3.466774481593249
0.6380937319324107
0.24584325485218472
0.21701116212485128
2.6617904124001193
3.0870610043223015
1.136975562046329
2.518350530335172
0.0
0.0008881456769355145
1.0318685017196745
1.480161056959858
0.496091945927592
3.1472262036198435
3.20141873077113
3.033854166212139
3.0601694326216924
3.0148585836918027
3.170828348597545
2.926397852485409
0.6680819674477954
0.05788683367286085
2.349581976595209
0.7945158534831109
1.1524743272782692
1.6816240915399852
0.625484462491232
0.43149529474884785
1.3289296040648706
3.705369154771602
0.16297682158688864
3.3044175673018596
1.3343292151779025
0.7250447460364476
1.4392312947121515
0.9254640353364009
2.3530964508708063
2.4823074754117957
1.5584653637386658
1.8920362103314132
2.417346437953926
3.2417021831626136
1.2744160344285014
0.5995914562939074
0.020641789006290323
0.4193417817909796
2.096489403176841
0.041267499698848076
0.31071298931079866
2.4422742647651137
1.9348373399670082
0.0
0.6880149317991074
0.0
0.0438817882844762
2.918284163050661
2.137713496160817
1.9901859256040835
2.3178712841183455
0.0019357623720286377
0.4119299782852178
0.34088206905007085
0.0
2.0942975259474332
0.0
0.0
0.09077522929282433
2.569558957016607
0.44329537569474653
2.4539151419060943
1.762971863702135
0.41424141071513576
0.2347619305330374
2.949301511276622
4.201233956222363
2.3397179004468587
3.760979478761998
1.698802625503514
3.5832065023021458
1.8909061250134505
3.474766102356661
2.771142732845365
0.32225465482314347
4.254226565029835
2.9457012841529226
2.8246765858849927
4.448718116177081
3.1945876017566066
2.2520250368327357
1.7223695418120069
3.618505390087772
2.1305524206160578
4.433383585961849
3.3798948739405716
2.0966356921895706
0.9575493261514462
3.8357950288906446
4.445891296988433
4.52246066989409
0.7423071417718147
0.38067422603781664
3.894965734277477
2.308126408456037
1.27601050076442
2.2050881597754017
3.0734800533001874
3.1232353459922146
3.052811366030535
3.8859978338944794
2.619181586698006
3.4068507618188133
4.107452079714693
1.572763177038261
3.847241971525804
1.3668392568999619
2.6848103320365997
4.394177015844627
0.5502967707719594
1.1576229160742453
1.7661356503006043
3.6259016784780225
3.323113355144499
3.489475471204152
4.953417638553177
3.21662624500492
3.2559256767853766
4.340575712557612
0.99786498548343
2.8739566697023387
3.802977181537987
2.6570449117629265
3.7735079395006794
2.6987966738497366
2.9506777881498474
0.9556387822595619
2.903587672019091
3.366602497408939
2.7362807255082893
3.8411272102343994
3.1464053567545305
3.927744163511721
0.13306777875970788
0.3724274857564487
3.8765988822232824
2.1641178550567353
3.866745688778081
2.1666716625880937
3.474774966802711
0.799420224441374
3.6130595605429647
3.144643509420626
2.9366292032476777
3.4223582024076693
4.489064215516065
3.4531077869266955
4.352930033212862
3.832288495306673
2.8998914026058555
1.4108202222798494
4.045528672707616
3.629675697454767
1.4378782616607175
1.4391737790429309
3.464312399625007
4.4728511259347785
4.2210185473211075
1.3584671335633458
2.1019465314204786
1.6733441301583936
3.2762026950482612
1.5355452113109949
2.164946071070302
0.6797844738857435
2.5022141857407094
3.741772263762705
2.669452090196847
3.776818666428446
2.9107784597348467
0.3715062022008857
0.9793789666876215
4.199478303188145
0.5611294882569892
3.1638693432456284
4.126206030426162
3.7030221934746455
2.7402686833376775
3.4439799278339693
3.703777063609116
0.822383168845801
2.650977708127502
2.892582833401638
3.2943149381474286
4.3846445701294625
3.290703236134369
4.242486382702693
0.7439230984154118
2.828961285571226
2.100736586060348
3.905222790252519
2.370460599797819
0.420658150649424
2.9034872245962413
2.3252634059707877
3.675158578051055
3.6503406178072124
3.058485103318441
1.5074801601059038
3.487857278972352
2.9071492337166287
4.397940296661635
1.7965827900999072
3.0218092683680027
1.5100446055644592
3.6655648501900755
1.9934139974772398
0.7316726531851206
1.9648773260945895
3.357412046515557
0.846783956718724
1.353227081653836
4.718181686493225
2.6454049350103164
2.1294227516650484
2.209454734468273
1.0108517171384235
2.12252633988782
2.6194310750882135
3.913571750047148
3.5151826351050817
1.0446034658182115
2.6558812072327744
3.227053593871248
2.124028544895693
3.2711265553293183
4.3163910307151605
2.59379274603966
4.171773000261715
0.538148330177948
2.1329773851822296
0.4052227630782267
4.425819861538396
3.1183908464153687
3.4696514285174618
3.734903887447226
1.3621206441287113
4.099947378097182
1.7109656710722723
3.1430996344464837
1.711400049212302
0.04647958170131933
4.688330857127734
2.788222926062293
2.3368103517499286
1.207971355824712
4.519037183673309
0.7425049375745565
3.137532839921995
1.3082556695688554
3.3169047641056975
2.3959089576004473
4.576868251037268
3.114621043766058
3.5563049725195826
3.2695861020718935
2.8995839941811825
0.12534068756003852
2.2873495919996856
2.521481953768732
0.07400875826417391
2.0226613627331553
2.626680187617195
0.8028387222302247
1.986706175201081
3.618140572533383
3.9650771599403907
1.0722196357105545
0.2623551883825549
4.615413987336307
2.3909329763689104
2.104878157054643
3.858880088312704
0.6324516622318408
3.513714248208977
1.531251839600591
0.7021890776296297
0.2412105973200953
2.8544517301209735
3.5730435660301714
3.477949018044453
2.325146273803452
3.9586678590323814
4.104672382458843
0.9620558464471834
2.72479959529241
1.8692227745874042
3.0755282209547223
4.194003750406224
2.138170039786729
2.8754922894480206
1.0244456612597497
1.052251947449046
3.4766852150722447
0.9541382790979481
3.223069299435676
2.9177702243736006
2.690733660111275
0.2639790164232253
3.6938458672197285
1.6298841523507646
2.9061186097592397
3.7050878454681735
2.9583226739114328
4.543185458949846
3.69182204754956
3.909730722648259
3.202173937219513
3.1886826954967926
1.944467291131227
3.353995346952603
0.5412398853903947
2.5726806489275074
1.5476438833373174
4.279609019161838
3.0232052592643806
3.3113740258266438
1.5966511313044225
3.5509160838769107
1.940064518120677
3.938808082531952
2.676114374313726
2.2573646267484886
3.11475627968636
0.18215580437732515
1.466081118707665
2.597192307908654
3.4798262106177065
1.4950533883389285
2.9832263483749397
1.2234382536018154
1.9919576677895785
2.666396649377147
1.6908161787807692
3.201926796688632
0.84552206224034
2.9168796309465073
4.10333875022122
2.026880611660249
2.4957003150337473
2.437041169486215
2.819186562478549
1.1628599125321268
3.1781492409295145
1.3252434525935888
1.0948322516300197
0.7000581202372571
1.5550194372123323
1.8583546528604606
1.236807873103574
0.21562273800764398
2.627071847401732
2.403332346844337
1.123970369045229
2.477547414234654
3.7641042723174127
1.8847147812089968
3.4693349259964927
3.973212574852581
3.6807819930656462
4.390049156692553
0.741396378882049
2.4071639401818024
3.0550285837431956
3.657468383117124
3.235542385355376
2.915535289267331
3.225521234513952
3.2065752838725476
2.0155799605145583
3.661686505305406
3.4907865578296353
1.9997262445920825
4.195905057905581
2.4855553644313657
4.432519170315962
1.7385385021101922
2.2197784524569406
1.5698298664491772
2.2207954404352592
2.038063530574295
4.2007914540513775
3.6195400690332713
0.96124045459813
3.1172948734375803
2.8968775063250267
2.6262955884417147
0.8422647646923047
3.1995860503668285
3.794019547928957
3.641138500182871
4.188712343252672
2.9157988727427604
3.217392195750882
1.7415111132341723
1.8231830119955412
3.203009538031923
1.7164202230685075
2.5729081567134364
1.7428681773633823
3.2964266203368866
1.4913076029005636
4.4897674117324415
1.421420788326913
2.089409579694759
2.3293621848415365
3.0606116673089794
3.852534419340043
2.59934622238311
1.5628560971033147
3.719125994423364
4.114793625313655
0.37947000975936257
2.5449034601600458
4.445233872458908
3.3176917043266854
1.2111183848084837
3.4589285253227118
2.9020397454682234
2.16867192422451
2.8341456117249875
2.77019998059298
1.8271591917789403
3.9437708984545985
3.893871761141237
4.47243587871777
3.5303125933821744
2.724567353104358
2.5597223962315363
3.883778209711312
3.488398530128702
2.955234025123721
0.9099582291806084
2.782534311075128
3.8515016745753226
1.7770911164092964
2.979955547807145
0.7144190107302103
4.412735339912475
2.4669911576320227
3.7115512458481046
2.4062371561809366
1.6681089895423349
2.829436164231982
1.396108921685176
3.335014705132227
4.489057781448378
4.166893055309531
3.536016958120272
3.162243573340521
2.993582251853969
3.2870074868973513
3.5078839555950947
3.3085825806583635
3.3158482899588773
2.3039369811262818
3.2269364023458245
3.0211507594520257
1.4626798280215003
3.4496742484268323
4.10399623638833
4.141267283845749
3.8779739031415454
4.142809099414334
2.605919903848074
1.7840643985786313
4.299177886981757
1.9469160493414819
2.118579329487143
2.0451004187450743
3.9339743716957214
3.6671108329969995
3.2242253093505164
2.9150969608329667
1.3806727240649885
2.052853144759536
2.509350520238516
2.363683684468988
2.965475222978988
4.471044175820473
1.9854515588759565
3.825415933001997
3.806569192395927
4.1573337542359905
2.1322191573291414
3.6987992339357714
4.020056239766111
2.9376650502100947
4.5771571685082835
3.760633619461374
1.450794947195912
2.6941474918585815
3.7607507517799945
3.168144692764411
1.83456940238526
3.0438075572977477
3.210665085726566
2.9334800446135825
1.1462221436771767
1.8121994707670899
3.0229414019899625
1.4909489850763729
2.8125566817003524
2.2762706708607334
3.8521907474055848
3.1519895936326274
3.4737721565335917
4.484638878784818
3.0696518547195017
2.593591485905552
2.836362937449419
2.9122347160955186
3.5373874397741667
0.9481489938300721
3.8339268367339328
2.143241875555775
3.2272238024994877
3.456157982109821
4.461581905654103
3.626025080851673
0.9259825828211353
2.8344321839149584
2.855479781752199
3.7190569186910816
3.421650105917905
4.233523040251234
1.7992764620996837
2.5278776479349125
2.868880826148043
3.23876688411314
2.8816780110088636
3.804829496764553
4.1273276610677065
3.3209474287295144
3.9114264342358656
4.2988457943014255
2.7638679524899152
3.632530167472134
2.387516993581051
3.9435129931703132
2.795313198124336
2.9809444106601193
3.9575713945758366
3.932844555053287
3.333736608049362
2.4227826004005735
1.7531638172842814
4.218785096465906
0.5437054552670323
4.085803967931375
3.954379813227325
3.307134269088846
4.567208495196154
1.6564150049606399
3.805471898285976
4.349113866718009
2.5799038388075903
3.1440523467267747
3.477627403603539
3.9372028914699984
1.437572779134869
2.8587500291187657
2.1708525780205186
3.7681841014591404
1.8997403398255357
3.019585422534238
1.9508227862741032
3.5651032853591533
3.3032588939594367
2.133535933320556
3.4769753995987247
4.03926837593677
2.688304914229214
3.448060928876992
3.832582452542044
4.0892544124982715
2.8993391617687396
2.9374998438513984
3.539444062314455
4.052239982821402
3.5371779888642187
3.5302175657163564
2.9952256946306575
3.69487414570333
1.1825143791174932
2.4633013069337104
3.245648326390239
3.283821354732166
4.364254861468443
4.547282337996225
3.1346891305767404
2.7271546124291652
2.87848088087115
3.592031715469622
3.217151685322798
3.6917984278386258
2.916589481020719
3.9787117092578494
4.166803486415077
1.6638396840969953
2.318510549008078
1.9881776470540737
4.381486015896467
3.9889277035633404
3.981935791941634
3.31756534056409
4.207284861143257
2.7724943951863956
2.451063831212947
3.9077118275409735
2.796327164904066
2.5605035221087675
3.7289393345027824
3.3174408117293073
2.1703320072486942
3.1827475897123394
2.66597531355469
2.1369536690891726
2.7289886001765433
3.7273612079133533
3.0860993008708633
3.145929478811726
3.1836454993809005
3.5048071257808338
3.286702694373642
2.564865134014071
2.6177508393250504
1.5428927985559526
1.3888719914358094
1.283324102926982
1.8274287421544986
2.0694074362976904
3.112617853823137
2.8018618579434866
2.031602282628553
2.3530688629182723
4.013725448881705
2.4637248464003294
2.8102524359615186
3.0005795724155484
4.024772851349569
2.386443530401393
1.741974619819319
2.8497343551110466
3.8481440064261188
3.603827237614628
1.782439826097583
3.407867530882219
2.419472161611818
3.4327576326702633
3.254041035557006
4.48570280768008
2.7900805903660815
3.1274070797876785
2.753659221023204
3.5483673378715044
4.184846267616581
1.0752491440632732
2.7553784926583593
4.178017164047623
3.1206518237000465
3.7418095498488912
3.0218809219155762
2.5399483436565986
3.817251796070811
3.928907917922384
2.7332812859486513
4.36996536577578
4.090176975462431
3.6952310859224187
2.406744079886554
2.967219307933938
1.9643207856100506
4.193347013491344
3.441805300882672
1.3997339895119776
4.546532622600728
3.4881788004201133
1.709357195397526
2.337681080054049
3.426019625450561
3.467671438485318
2.511959374627802
2.842349465082165
1.3265375018384091
3.3571001262658955
3.019153519696208
2.988132139273571
3.121121377079495
1.3916947414766274
3.869037510813646
2.374902601228414
3.7761106216637863
1.6998723166889071
1.359533160401757
4.067529740631449
3.7325923926299907
2.7383991125079676
4.088365545074588
2.10863043622902
3.7287620352500968
2.6037636790438548
3.494274877791458
3.314016815495105
2.564203425145792
4.714603868630722
3.7451763260886466
1.8357690423902069
3.78390428483781
4.037755312445834
4.11628516986586
3.118653280748617
2.569272205781914
2.560475227384458
2.7841573785366327
3.82013921635743
4.31609707427371
2.445179852411824
4.1796282121518775
4.437830458732507
2.6511592356861597
2.6410942127196604
3.6409315751624294
3.2627340948080867
2.534461773772944
2.6276999896504067
2.8159474152775816
2.561644119186623
2.584065644651286
3.7560188851970464
4.345240836896403
3.0389439205867026
3.2463229791680313
3.45254623062904
3.8043790599611462
3.247678897321547
3.2001344553420354
4.056188222676105
3.1834659170938022
3.9157960311730093
3.016271427849343
3.961094229077692
2.5594172688678265
4.356994311947026
3.150200130061397
3.724314806544071
3.6923627443601137
4.24696256021763
3.3137298937458075
2.0199889210941437
3.6084201998263987
3.0092408513070863
2.641856215387387
3.332520459934604
3.4915647870610576
4.44083230552092
2.7935538650288274
3.4802173205826796
3.574469540065885
1.5845830161275694
4.051243667526719
3.419524731026501
3.9781870061661895
3.1966729562083556
3.856662712953655
3.6214402133086177
3.647711731717984
4.0537589043705236
3.031777883498178
2.4079174671634753
1.6627077570303812
2.8353514289862742
1.708852181903577
4.380959543386541
2.992880847669319
3.611064836720615
3.2627469150001547
3.6940755797120866
2.3561007760973656
2.2615603591777096
3.4991790893181505
3.888771824195025
3.142609776017201
3.75233796260407
3.0187767081253027
2.727236348653932
3.1160791510378028
3.559128730385188
3.110430083514273
3.551832803184543
3.0427012555452357
3.00744173466008
4.570246578104013
4.130626177057949
4.41852446610442
2.5625479291581295
3.9096207881940264
3.2727006339460556
2.1640439003262917
2.263122486081603
2.7402994939440317
3.4070875608032445
3.166910971498038
2.4013084226243686
3.952094329298771
4.375800970576721
2.771679205571213
2.7651080749216366
3.3162551908706446
1.6402218374598014
2.81126926183266
1.9221474454746064
3.8065800778415237
2.976159802113923
3.2769275926136143
3.6459724072095785
4.102496993104408
2.4826147905177662
2.7087909854825516
2.754106063250224
2.364936020530666
3.6537817160733246
2.524703903817379
2.5469630598495296
3.3706464130103235
3.9000189732083945
2.965006398485209
4.553782491113257
3.078203146302222
3.2440542718370002
2.833715564131488
3.0662640139501613
3.2193917070450313
4.682593443079852
3.5144807961267275
3.0616071225376977
3.399255509153269
3.0262613268703364
2.799789211496173
3.39300080169566
2.9063004304788844
3.486774870467256
2.8202326648058595
3.578620769590204
1.7728848282252612
3.08183705926673
4.501318632075089
3.7397377204940687
2.512956979620409
4.345968997729196
3.1559439809236327
3.508078230493242
3.092458828982883
3.9687266847578897
4.695539195912013
3.7581036600772446
2.5503911226150273
2.604333120451688
4.259385146258195
3.165812868608369
2.6699980903235287
4.091360992906842
3.7585352930459477
4.139379624712746
3.1976689374356013
3.9404584558487423
3.9487954269927172
3.778977907858801
2.777032035378122
2.932321174245716
4.221078566620149
3.660880117847441
3.865762468092448
4.076003937050307
3.9642184464907197
2.88438025955274
3.4694748970595635
2.8313541594828013
2.985843391796637
3.0473563501616416
3.1957285129147714
3.7617296751140676
2.4032932957992754
2.534681405735054
3.2342450910817573
4.606496199537497
2.744752103733055
1.7265364149083346
1.0109061595968742
2.911121915371081
3.4523216367942844
3.6392069447453883
3.6669564769611833
3.3808986563149643
2.5140481108709416
3.622591189983015
4.088283118632552
2.1930203396475285
1.2982265659006553
1.9414839001968582
3.6326358662529277
2.8050077614786124
3.7068089792487666
1.987392064481598
3.644757966295792
2.964526088792618
4.237668993685023
3.7988092178173027
3.8068640926659127
3.4265862612662703
3.4377802885147646
3.390111451958263
2.1633252122714306
3.4168482493568924
2.546730900240709
3.0024321726172167
3.0707058437186845
3.1519912068718168
3.6058779606209144
3.6215284735378543
2.1295853378969998
3.3248405465267745
2.198452123006457
2.8444281957253237
3.710540856269685
1.184042550487439
4.852342869606987
4.274960600146968
3.8745237180062673
3.50941927991665
3.2927881649996666
3.6409337740223884
4.0340215600527065
3.1094565484421284
2.734254500149808
2.722426985913774
0.9718171837185668
4.073964361051064
2.647518665001579
2.4986082174472113
4.225818956786084
2.6283571782458566
4.140066776433931
4.150757074729539
2.8770510107139593
1.6481263497033014
3.0785585854726856
3.826876302852151
0.7356622501452509
2.541517789121213
2.25667286211276
2.327116585053588
3.3769469168008452
1.5025461731686973
4.033993239609511
2.367262521397151
1.7214856027655974
2.2386100887764884
3.4209838996413975
3.3021525540710175
2.3458728746041837
1.18079506308059
3.51445810096781
3.7320684011326395
3.8505892406753626
1.1582243959631495
0.12086894186781372
4.330248781611198
4.129373975697923
4.16764942700527
3.598192725352349
1.9635988102693864
0.04350106245669527
2.4184469792023764
2.2956128045145667
3.8300669585491027
3.384984237316343
2.5857610438433576
2.6046023949432136
3.4596722473751744
0.6664417297111009
2.225886375986213
2.378019822950204
4.158678728216227
1.4049035543210247
1.924066706344167
3.8311527020653457
2.3139908572346064
3.913744833884844
0.8912763261938687
0.4640721950009228
4.323107439883489
1.5538886280813737
4.298336474626737
0.700887696087892
2.825002831096462
2.606697184379726
3.5476115116811298
2.6766883793607406
0.9074535619786669
3.3639964985426127
4.261640784681236
3.3319258457777643
3.381736924165961
2.887677393490746
3.1523373744498127
2.4464990842914016
3.3183149562897256
1.4919683490695164
0.784319115359067
4.001962550499443
4.103837087606519
3.609590051109692
2.962527793672157
3.81396603396974
1.6385591049721162
1.6493080720608986
2.884999740152738
4.339150766381704
3.915988837901267
1.9573164397912315
3.843689555556685
2.654896588013735
2.9831621705232547
2.6242197504092513
1.9970697638341992
2.0496913400431973
4.771514980277192
3.1039765524726786
4.277126100738816
3.4513399039782025
2.876790757726176
2.191360292097773
2.466103624620648
1.1493964367776308
1.688569363754835
2.358096811322122
4.070715300687682
2.126336106906014
2.8395301338924983
2.4595167056825833
2.4287397055207447
2.7752179837608537
3.5846879422651385
2.3237525217649497
4.351531553882845
1.758912037321248
2.938666301568097
3.658041265475987
3.5254481932084585
3.011041048450732
3.25311943383447
1.9695741480668452
2.0637225477610643
2.8395572297953438
1.9911840091763668
3.3508070919876283
3.9061486795722056
2.7109001732814804
0.35552275769864544
4.081192547311313
3.712086476387395
0.5901360017549439
0.9287648906158591
4.298775705857147
3.5831941035204435
4.019465181548449
4.385767520307371
3.6797271371586637
0.7370588218022152
3.6810369675288315
2.2134254867804732
3.9050643281695954
2.5486584843846076
4.472031622015558
1.7378262283920343
2.1635192451061283
3.6139882493753843
2.0406217600858887
4.229824987132002
3.6590936575742594
3.808795478703239
3.8584206391516855
1.5677049649081112
1.8642583953178096
3.197541179304851
3.0090929074074313
2.033355164812325
1.9692270218918226
2.3220714230193393
1.743270296107922
1.2662794573320215
4.0482833201238435
1.9830211179988164
3.471170787030165
0.0
0.869906468866764
3.4813709267717927
4.2632359466797345
1.0750420450263642
3.4730703794971154
3.1071792126071376
1.9754038295049279
0.0
1.973363154065837
4.029874648132158
1.11903619405079
3.1422764930174116
3.606090299286449
2.8930211776953136
2.1205986150940936
3.9833917864149626
1.0854763094198177
0.48167058330982526
4.127858124841919
2.2306418626162974
4.374096452765384
2.7033429781004474
1.9012612778362783
3.4429336387819354
2.0660672029951463
2.0562731497215037
1.6957247877862711
1.9704348902034403
2.519384204647965
2.6106757329546753
3.035988691038066
1.2591027055618382
2.8193432554533064
1.9475894433326442
4.291830298735026
4.030402822423347
3.6871658068970747
3.2744834489463175
0.7670109260797771
3.5925021716604393
1.3692944710299617
3.6139493250715167
3.573985874921807
4.214064720345552
4.370138555011621
3.6208753390696455
2.7849444283859377
0.8952376979975383
4.149911521716631
4.341725566799387
2.44487930896958
2.107652983639585
3.486287747945938
2.2508024541163785
3.0165110360590166
2.9523397381554704
2.6753534700902235
1.556695464367703
2.7178115071190465
2.086069974870804
4.721753387374069
1.6137592086151655
1.3758226168413206
0.5128963723614102
4.3848650045411395
4.22588262611736
4.112194953563582
4.846301651704754
2.627290945273634
4.503524901704528
4.709861029469846
3.830721965712552
4.0895203526980906
3.761376887742478
1.7547588823132183
3.012550059027979
3.8985003170611296
3.089242838832037
1.8093991907858058
1.5560505959143178
3.0512492299321243
0.5231034880791547
2.12740991479646
4.065127454295381
2.77985903721535
1.629795385506521
2.9520764572950906
1.1902249943016288
1.759129189711485
0.9047357944605858
1.510771546526216
2.4143844889337114
1.5827693212840588
1.3876322800195995
2.0786551564655085
1.409233867143624
0.8279482665620368
2.198093451781933
