3.604282106947886
4.196876208137361
4.376163712387471
3.6714948856635092
2.328416116679099
2.4201057736175122
4.087497212878205
2.9852995413122176
3.0138227387876992
2.032394151888615
2.027677878561111
4.861917980085097
0.8942087767913325
3.2462466838729944
2.7468698941011165
1.915309477121027
3.672144769372219
3.6750358016952336
3.0772676945082407
1.553354242919617
2.4534157977830016
0.6690253734188902
4.245856125112287
3.884289947067668
2.272888601588031
3.4260545420936386
2.3217325858368327
3.991334279156972
1.0319829708502672
3.5869334531773984
2.3853204106374366
3.4895397229551315
1.6962969368979424
3.8146090060559357
3.275511646277909
0.11273809083960804
0.6841252799347051
2.2234164879645597
3.7059392796947566
1.0350178748041785
2.9195174345441424
3.7903874899406955
3.7189853468023917
0.5872226525907109
1.8410111290291507
0.6981614649069124
0.5493987302225517
1.1971232110653103
4.116917576658071
1.8763528470509618
0.5588637238796633
2.387083690529615
0.5394783728568137
0.22284894668598795
2.1752383127223185
0.27688529023565533
4.004509337296953
1.0207342470046703
2.386421168357254
1.99227640007473
4.754971370153094
-0.13600275391677433
3.3337300426540275
1.0059160745396971
3.3229018234533605
0.8625284627744437
-0.0137692635154191
2.81323973476362
0.04654452700738573
2.642325320385282
2.6207737662473067
3.697586978181618
0.7912029550679185
2.856809095939695
1.8206489563106034
-0.06134429140073852
0.704957619211124
-0.008429552125107403
3.3923199846884127
2.9624730753639468
0.1548590184936622
0.761694841121369
1.1959609189950573
1.2517296375290619
1.2278426047003113
2.2096073019116433
3.0367537945211023
3.635854769415508
3.4291609759259214
2.8363718952585235
1.3241547295777552
3.868401260746437
1.1013964924740345
3.747858194487377
1.5356417953905979
1.5357469100321197
2.955446810566515
3.11859155527114
2.665907031542013
2.099024174453357
-0.09984489673148003
1.0912356780268395
2.809003102688844
3.0385217242785245
2.7146865869938064
2.175436497069715
-0.036120148101995625
2.064844142852299
1.4788158654365133
2.284368529518595
2.3477921287421046
3.0320050010138355
2.830266355526979
3.00584976372541
0.10561705901505522
-0.048787278095595216
3.7979111610877045
0.6838122408008752
-0.15234922051330121
0.7055380936708044
1.4749741884313459
0.30984097200890703
1.0442880015678357
0.7874431709988352
0.006370311398566336
4.859157610318646
1.37296463992634
3.4353788995233336
4.58971251083251
4.0799106692741
3.867818936123865
3.070631491892069
3.4310417857664324
3.4231515107322275
3.129459433635132
3.9450701124420164
4.8662962420465234
2.97368565412246
1.804111453524216
4.192346190456452
4.8659408142151745
3.9782451371793033
2.572217846361362
3.5777413619211194
1.817786495770781
2.1985275090753587
3.6001830046425374
3.355578698926504
2.302756798437581
0.7157782915617104
3.396962705001276
2.90435467913726
3.6816165792542956
3.48523427456733
3.043885729668432
3.5040344741633684
0.47448173334074384
1.1758522087543033
4.001917196847926
1.1752933803698997
4.860579034190823
3.4987873486208474
1.2217630624425107
3.51736194039344
4.1885378367763675
3.768786372352796
3.0270058305704315
3.7325285191991466
3.8591449982508217
2.9814141832439915
2.7989110786973472
0.7764516476563066
3.090345639784951
3.6237552402316298
3.4713226644762547
3.382576213590792
3.3583842482363977
3.5716161269169993
0.32606947157926736
0.04633587641889966
-0.06283227103807612
2.560287970491359
2.8415123613975886
0.963424586335214
2.272428541738353
-0.320944670484111
-0.503410524647284
0.78839309825225
1.1842132009729327
0.19698128433176817
3.1847378031341225
3.455323134618209
2.5054629147380365
3.018293036569179
2.942635674845839
3.30140226537714
2.7084590461820426
0.6248471310867496
0.34680957596004736
2.07644765693797
0.6558249343954676
0.8803105755667842
1.4880697435390757
0.4573333240310691
0.09523471241043943
1.2935418374897716
3.5738277956809954
0.23984437285898616
2.791660548466426
1.2896852664691623
0.8640755903681916
1.1440956193108598
0.6886335888101741
2.080042220774852
2.287526424431057
1.2596663394345915
2.0574889301119295
2.429320454871021
2.973533525262236
1.291596209065665
0.5521680048451787
0.06058210070812983
0.6383977367914493
1.7729553948716479
-0.09241986107681024
0.3660261731290816
2.5647898364510717
2.036907985671629
0.0028347661901192145
0.8356624681494086
-0.19599873469444098
-0.19075359160241848
2.827891825052328
2.1994764778348146
1.7843226999109454
1.9076125477266317
-0.024370776116023146
0.11549661189963631
0.13115986249953146
-0.21267334397978313
1.7893656509942548
-0.31758415542308116
-0.25654806033873145
0.08884145443882321
2.6078026666822636
0.3108229629417204
2.3212328823553112
1.6734951137140286
0.23774622139372634
0.0017708278891538087
2.8604559874606448
4.194639794923196
2.5117751671797572
3.7095960649939097
1.5854129714247651
3.4872675794849037
1.4613413999327858
3.6210028256853044
2.6827033011138743
-0.14752181041961707
4.239989718478808
2.585169197205631
2.7960965926991714
4.340957384580498
3.1121729888609933
2.230592477783181
1.4088299818873635
3.7309774934880418
1.7294646031598355
4.327879222782975
3.3729439434677326
1.8236661763653284
0.93007304498431
3.9101628986890984
4.350359899543336
4.539549094869104
0.6606650992165316
0.3631372685727491
3.797427466856741
2.0905697163812778
0.8571249164885034
2.1472448767019174
3.1359543917579895
3.15411388470106
2.9145681441263482
4.018614355347438
2.6290959107307397
3.549732722917088
4.0772749948653635
1.6839665143102438
4.055755480506941
1.2640681738930863
2.6387788684812823
4.243951070381551
0.40918156909418
1.2762090907697552
1.6072338194676286
3.520973713905859
3.032068034575801
3.4377775684978586
4.84786149481994
2.9354423706064563
3.5309339886820066
4.213823672350867
0.9273069436238879
3.0030566461895276
3.6046758413135946
2.4886306114637895
3.998459567547475
2.5711938202182876
2.8549944400218137
0.9524206335061434
3.1394360090687337
3.179248997419958
2.8878385258608508
3.830904579534692
3.0113783200643045
3.864514966931678
-0.13606620059361976
0.040089799283478084
3.8662793054847064
2.616864092141759
3.810551653981037
2.422045845671097
3.4730345616758234
0.5916985147883699
3.3489969713199224
3.046525438990064
2.8732151280475446
3.4186917038245848
4.442934594711068
3.556804894937654
4.343786024952265
3.8877850660952213
2.9417185695197356
1.2533183234600893
3.884821100042752
3.7895605025435914
1.4681974931405553
1.2828951241953885
3.4842857493846218
4.379225892763367
4.216168494804978
1.138328109386032
2.089353121096296
1.6799444564628854
3.0858205880089202
1.5853518342571744
1.8174139311718838
0.49820758719525626
2.34019003944023
3.8605974873787026
2.5550556922791423
3.65043402805555
2.8007057902487467
0.312712872262783
1.4788553871078092
4.214820103142377
0.39720520928896974
2.733248864289622
4.067335348851972
3.766225959244177
2.55947930446401
3.4537857068997657
3.693917532209481
0.6465749278608351
2.6181755277506813
3.0720841600599393
3.437272358619692
4.321907025882395
3.065722652685837
4.281816364375273
0.7363990487609758
3.0632001407479605
1.923322350945387
3.696961078122984
2.213779558689149
0.3044077243667054
2.7019231997069726
2.011655255808187
3.634365484922467
3.6463133490586643
3.0891166672226933
1.3444669114201286
3.3601169528829744
2.7723897885317297
4.077227479574194
1.45978419232159
2.8896836131868686
1.681838802330359
3.414193887202005
1.9011807791073052
0.5432207663914825
1.7521203051601926
3.171539893900263
0.9188052703574001
1.0760786394931658
4.636126275888896
2.946116627425453
2.157105711989168
1.9696781912002879
1.3100010686918715
1.9351421263850905
2.4597560968873293
3.659100377107523
3.5610451098609457
0.7241147834299038
2.6200869171329684
3.063382662981105
2.0613887027667306
3.0581825095154764
4.264020886057419
2.362110969070932
4.176252838174663
0.4586212545984405
1.9241326026050662
0.29291571705843045
4.258719430101839
3.043802546512367
3.675851922303788
3.600526392858663
1.6729739251182398
4.161545766381884
1.7077364772270538
2.9385754599370317
1.3204809171700165
0.3300821305558369
4.6499601025426545
2.766138054565731
2.179052302983296
0.6226791687631948
4.557525490058814
0.5480534982110521
2.896057398138795
1.3501452309864748
3.424799094973526
2.43088886035699
4.517520821332183
3.026811207558896
3.4628071955456523
3.1841132709935698
2.863338690449035
-0.06282294505254335
2.4018851857378825
2.333441819815208
0.14290452930321026
1.7514890246336838
2.7309354653010636
0.9168406626094396
1.8251786182487064
3.5325323817088305
3.775246822105133
0.8762160167837643
0.39435356595991333
4.444493397082356
2.2599935294097224
1.5173538695361866
3.6209824914141344
0.4860564524412381
3.4373387933318367
1.490534842610136
0.8473598975057772
0.41073833343195776
2.706243753106665
3.4366238009558043
3.2135376619037572
1.9537655876527664
4.005061841021171
3.8514273747877708
1.429576073924657
2.639812394928215
1.6912556429313608
2.8680972875164294
4.199256294578218
2.3154821881766825
2.8597851557091283
0.7919067197819871
0.7700575990508551
3.8652097699279913
0.9345613669102162
3.032274408131089
3.0540507777553882
2.6342368297705825
-0.06218789678293116
3.7962540646558267
1.679253945750726
2.8399403731991284
3.791211045486973
2.7562236744998727
4.441995680950827
3.503718784280822
3.7913355424412454
3.1831443734179374
2.9506152550364213
1.8580291368738715
3.4564707491122024
0.5962946167680849
2.695729297226316
1.4227464493644737
4.157819947912749
3.046167920749456
3.517628305041067
1.594198778680604
3.4651266351406576
1.8178133323705985
3.9917889740727683
2.377173863298959
2.34902720551231
3.1098576170416585
0.08858690050632453
1.3406200966915078
2.893178328228637
3.2629358948550484
1.2545331829708652
3.099294989021034
1.2569131572765448
1.871522234132733
2.643899333766478
1.4198422127553487
3.3012442053750823
0.8133394121733958
2.8910972046943013
4.13171711504538
1.792817941600546
2.0839872410401106
2.574107776857679
2.872466165743888
1.0653618042582942
3.596898960795203
1.5611890562484139
1.1077594405744173
1.269555557989302
1.3888652614990298
1.981981886928786
0.9929191596034987
0.38099488396094094
2.323452685349627
2.527796770729676
0.753939050346947
2.4820403063735252
3.7396671697041888
1.830671488578745
3.3829282914777896
4.230133882711814
3.6467084502704123
4.146363714517246
0.9804521785284332
2.3277221409777464
2.8912141196259564
3.611537633701379
3.1917800335123743
2.9457724783788444
3.080247072928794
3.358848695276659
2.095149340007438
3.598289578659583
3.3463601303532484
1.6848280133682358
3.760763176665867
2.8978082706585
4.286980689686829
1.790577986537019
2.278824218879094
1.4512340786060403
1.960296274318979
1.959021449504715
4.050350132749726
3.7847393865714882
1.005496817315479
3.0653186698970347
2.756922592218528
2.343058114689977
0.7672867896617108
3.210746387962218
3.7382360371554952
3.0062499960211833
3.9909465823170556
3.1491973992673845
3.1453126557566384
1.9935325495366298
2.1838077234357365
3.5811044696280354
2.015127995876906
2.286315531019591
2.1155283597089074
2.8129886420451133
1.2212374817338005
3.8349119319730764
1.3971997195878962
2.5036540180638887
2.327548798496569
3.1066168840225235
3.7259308610660136
2.2852619270822396
1.9441166588967407
3.735092143319612
4.157835302263779
0.3401664005129248
2.5696695251584187
4.367439789821719
3.2703110572386254
1.0340441650234686
3.457363919702178
3.012935163532806
2.162691638625732
2.7902554843510363
2.334744133212248
1.5922102290596094
4.124304335216906
4.215760597454984
4.463548406604022
3.4434953497762337
2.446330226139207
2.570195390235758
3.8000472257801508
3.4434019334786647
2.8264184087795052
0.9634757574776482
2.7940193171848944
3.9388829203890237
1.449259421013586
2.8966393890667796
1.164413391045176
4.395548557381432
2.439646307648758
3.6023919651757264
2.411534178520554
1.140040489265242
2.972297659032966
1.3475150982009467
3.161426323925409
4.355347623179273
3.8292383749645116
3.5596143813968686
2.885922982449907
2.934984990955837
3.0921137987645593
3.318149397805579
3.397492972355048
3.4439769319010076
1.918959318982323
2.983626939601526
2.9850273473374416
1.7474474957166761
3.2591471578052147
4.295493750935951
4.029225230754329
3.5252212671304863
3.9434585532715167
2.035490178516552
2.297744702695623
4.278852803286702
1.980786753744481
2.0134534600490652
2.0950369946212226
3.8610382096970546
3.68110607496026
2.8811353548444596
2.8164554625828067
1.2364827561745255
1.870016204051736
2.5009613476625083
2.2432356107150975
3.100005694106634
4.493689760934069
1.4187843347768212
3.6778274520377474
3.687686690044314
4.157985929451313
2.2057058283420754
3.47140562023501
3.9368082991784497
2.753354564455241
4.567953470984011
3.8221088593923174
1.139069110313028
2.7315834216560653
3.6038129554259615
3.247882661071875
1.4001489524123214
3.1117865490677836
2.7906755046214102
2.7281967644292022
1.2833350093793319
1.807637878357772
2.7120855113973907
1.7876533470892988
2.4870505981591307
1.9359729192999857
3.757905469938333
3.4181131974872225
3.5117913112447945
4.45502772594965
3.0269375239842726
2.7423095763427523
2.680744993942794
3.0093476212004355
3.3371616851530805
1.2611081410244658
3.634749563669234
1.912266077303981
3.182969137184284
3.5488509130199026
4.4096993589678055
3.5993440857818944
1.150177723607466
3.0305674389270645
2.5102908636983328
3.6931284923955583
3.335086323902031
4.055237012199698
1.5004865236284932
2.4863738976556538
2.796891661108138
2.9606983111522105
2.561299736614964
3.5423608936115123
3.922682211703719
3.3415801522016264
4.061232914996269
3.7607134201882824
2.9759953045802385
3.269335429401336
1.9455594108887924
3.76525889238915
2.7975628338881764
3.1156815830619036
3.9564969434998614
3.6168722860076903
3.056673291970703
2.263645828863007
2.5112436159598084
4.178804653955768
0.1428230004710533
3.94866737931457
3.7296163131610993
3.5382738934997624
4.559241771266094
1.4670509618463392
3.8352030798558445
4.474249314391461
2.5564725582235313
2.964506584502566
3.3041839461072295
3.752510750793698
1.647091351708717
2.6129634791004492
2.0962943984013527
3.824538210413572
1.6738537960141116
2.9347720829017168
1.7210474523119068
3.3684367150584413
3.0841429760591885
2.096408699197563
3.4691698614997137
4.0141047398241545
2.466776207151153
3.032500529441837
3.777061189467606
4.118535336875569
2.7240150323592927
2.77512805204464
3.6261291249927976
3.9045440489096035
3.500701398235434
3.4319799356185956
2.8818395943771855
3.5245945635158615
1.368506357902875
2.5646771390190177
3.0668136379335538
3.281682379331208
4.411192474652322
4.467489436513708
3.163835324612957
2.5623230239897015
2.789595598862622
3.4918439628823768
3.2723200650069098
3.6927092193108275
2.7473862315203195
3.9809696858020094
4.023885721031257
1.7866282662236337
2.1401318565700476
1.87671391997998
4.263024944980578
4.026048392794855
4.076943299311706
3.2568444552069
3.9786324492759353
2.596510055086704
2.064277202034021
3.8838816858096856
2.640005214620542
2.2733311587722422
3.9215478396588543
2.860967010383207
2.1630975596788584
2.9916226518605575
2.451852130744789
1.9950486462899006
2.340513307092807
3.884977279374278
3.0564281081404276
2.969139868960978
2.8608876133675274
3.520715722924865
3.012457245246559
2.633782595180376
2.389862476245258
0.6904821038662259
1.7544501638490857
1.2871763886256746
1.563509071033325
1.8821379890178227
3.2034532010444887
2.672688567840775
2.206627274877621
2.088703434080904
3.7880209576087442
2.59671157529144
2.827089983245653
2.8450147780757917
3.7453277305697803
2.6780181282392435
1.5037738865903714
2.756835402627026
3.762943276250267
3.565223306567544
1.8426554063614102
3.2813507246222313
2.2090378936856503
3.175612816099988
3.1574263002953047
4.486911273358225
2.389927950558565
3.0050275772408743
2.7090005187309436
3.4875335715742524
4.014420829180118
1.146755158242547
2.436187292433843
4.050958801272734
3.4049164107939025
3.6757155656047216
2.7716535088614314
2.781851275363407
3.914506234716629
3.790647799915273
2.4823926743569475
4.3154301857608965
4.1358128750213154
3.9184289769385745
2.3922410285988573
2.834540749112716
1.7509296934728122
3.8199090788062184
3.372183229904239
1.7133999528889756
4.491018683735565
3.401089030228666
1.401553345643287
2.5459829573171966
3.1530023926154325
3.609186070019781
2.387001852484676
2.490446671015872
1.7019320076641287
3.360714436891891
2.8414752272771326
2.4795291319568284
3.2464615264085257
1.3346840799801665
3.7702711528111945
2.5476899842747662
3.6654111894879464
2.025776336518722
1.8147068175699532
3.826526403245206
3.587911932304752
2.6617885495344056
3.5815786226057704
2.500881167539559
3.5624392035259884
2.486940406323524
3.404248881901178
3.187587282727929
2.4188030771910265
4.762940425220258
3.5135466169392053
2.0217521279077553
3.715224237669689
3.4075794816375247
3.8879780525437178
3.200639920798601
2.5471163196122575
2.470257486057202
2.519986376107113
3.759317125289235
4.1792652427745045
2.605190102560021
3.9780363517117965
4.365558015049526
2.651154618698845
2.49545165222033
3.4515684822466715
2.986960356808994
2.4982075269168393
2.881382997838547
3.2136424961176484
2.2948364774215286
1.9093860112850807
3.501342723380213
3.7894482951899566
2.9529898379718356
3.202038940840344
3.3422518394324237
3.91783424823408
3.2219550361575764
2.9211488930147778
3.8974125195053264
3.083634712634083
3.8992449437195726
2.522388544539734
3.8922469005109215
2.5923848866399966
4.302394435427806
2.883327319442581
3.6475304779649953
3.7116206186830216
4.230082002927996
3.350972899043012
1.9924418910658892
3.473163865655883
3.1755622588661496
2.96286706847687
3.2525399241492807
3.3877649426449454
4.2642627052189175
2.5237662799698497
3.1893938039279006
3.683172345719655
1.700673912149463
3.831361526492164
3.339392230463299
4.1662119499454295
3.293321168136027
3.8644129620876924
3.471177640104174
3.625560287090409
4.190026239003862
3.2021998340643005
2.147581712477924
1.674936823363413
2.902816763041368
1.4239504446947076
3.88004360755049
2.9775886120246873
3.529650144363633
3.2794571807383366
3.6119567152597436
2.368662730420181
2.3405091699028184
3.397534722332353
3.889963207897671
3.2618800204603127
3.433138922333541
2.8431785975451507
2.575325310035074
2.6981151778059513
3.3684323124667768
2.9323372771826004
3.269006766331598
2.833076594317152
2.9734101671385647
4.377064225570746
3.9509108644594906
4.40288112369287
2.3820398136168937
3.830938704931824
3.14897643966774
1.9510802461272736
2.1839242960907543
2.530602963203081
3.296678058342929
2.9150247416331214
2.3134183597924616
3.4938704420624735
4.382388944372177
2.6186901368724578
2.5759404207274486
3.036958481242864
1.4307851021744633
2.68222048003437
1.6935252404257162
3.6633502621689833
3.314891151884954
2.874131677019301
3.483544940946454
4.187957069846152
2.2972161596165104
2.7578753235630957
2.6739582633352184
2.5491649381400996
3.912804979444742
2.5259416350426664
2.286311866589177
3.1747127272833193
3.8405391010103354
2.9856523142315
4.388097882470859
3.1231292567243805
3.103313308395282
2.7628358112104747
3.234696812441262
3.088010967937772
4.671757443324413
3.512937918571771
3.161138630546773
3.253654648569347
2.840353905865038
2.643157054919518
3.452936846620045
2.684759048852095
3.4528316329230253
2.6945756872038715
3.3044419935123304
1.7201831372909537
3.303110407133174
4.32677993025504
3.783832835725938
2.6468673047527065
4.23550786721999
3.1345444133932507
3.029895466593325
2.8902726864101824
3.883357092297216
4.544134529140064
3.6352137432591713
2.2285752136262844
2.3198999821792476
4.0124428796462075
3.0869635732531973
2.535043237116566
4.057188897111853
3.5669248259284285
3.976997941079308
3.103428190354533
3.7953088575685503
3.7636585475199857
3.8731540222682153
2.581966385239457
3.068233585173839
4.040397641845842
3.6423336577347194
3.1174839480851735
4.2055535781734195
4.090716794423359
2.9223353744681293
3.056496895835657
2.9658888106591466
2.850863228024291
3.0800995946330123
3.096639122474465
3.5942804692903896
2.3243840365364408
2.347871389193621
3.126354813468063
4.389727070475935
2.397776274391733
1.7152628436984754
0.9095028942828984
2.9108732180185766
3.3116656139463694
3.5794147200186726
3.647765028954137
3.286543989262876
2.716036702343089
4.086307546532181
3.80139576263856
2.2770947280460394
1.2086842171522463
1.794581888143746
3.569884343818606
2.5050309257223984
3.8456492734294403
2.011817226352053
3.5408527310989166
2.904771955289251
4.091294304778249
3.776142192053683
3.801457926232739
3.56357581693996
3.0871689481877076
3.191045846953048
2.201625781227404
3.269730344309236
2.4948628873187575
2.6167351553777083
2.739443812778141
3.3235127008644945
3.5389396320792006
3.4518877222592694
2.0276856473075187
3.0763619086987952
2.057764860085753
2.558788628419118
3.489333869872062
1.2133712240762264
4.683736913729661
4.374027838656638
3.457808920479351
3.682880161374149
3.050003752559441
3.457021420699512
3.957297107758228
3.196167247352682
2.8343406740414303
2.458318301438745
0.8184905774083416
3.989810382671106
2.5593770376888103
2.5342236790030066
4.0272562535325465
2.609261723065654
4.067849050362412
3.9563561160669045
2.6621485531888003
1.3785865820898877
3.0725415421530973
3.6799069024448774
0.5619670594401033
2.4093148458900364
2.2881783823249653
2.5763373361631
3.5343922483493606
1.2358041778832887
4.0362548694724065
2.4679993340799977
1.5605156069934178
2.2851608125043565
3.4139840750026895
3.4097999635549985
2.0282697196677497
0.7213458240166731
3.3487112846926848
3.7338546414715483
3.6661722482260024
1.3305723550286772
0.03624324181240077
4.44823780114785
4.144289687064531
4.05461075268847
3.5077575012426947
2.3474603381609693
0.009325854199578959
2.097351126782199
2.151124426727057
4.392978303355288
3.616229207424891
2.9781383061248294
2.8302013860549904
3.34750249474561
0.8886823384267519
2.1593634155166823
2.3924349480692197
4.1224138078801
1.311550889825698
1.6589687164346718
3.6535164778819778
2.504983170567096
3.930615557392762
0.5824283190907806
0.3135709807024254
4.104133815931696
1.5929505634430985
4.2123170732769735
0.565602346700844
2.8375580531398463
2.524936680483924
3.6028898948676766
2.6764531159781506
0.7041856419184935
3.233762444267836
4.410307734027448
3.4059764320355357
3.4382665064497364
2.8115010833707754
2.940973449340888
2.6021605815870625
3.2546045595913307
1.5187815797964952
1.1378850412846042
3.958679296274711
4.185204375136343
3.708666006982383
2.7579844096424417
3.7339550874658616
1.36625836647464
1.459571985973219
2.6322873166122194
4.562783871497296
3.8160797259061936
1.6651128888773246
3.6923424048801157
2.612495797462504
2.573028232688032
2.8975336970395786
1.6105073335847033
1.964301092366483
4.625059011368391
2.844902134426292
4.0400042869768304
3.078378946502897
2.363105612993971
2.134110021232726
2.4786445823460332
0.8472592357770334
1.4685795466431701
2.27192529898313
4.0174865857076725
2.1745708666939865
2.8968982219573918
2.311148723119964
2.5328205177020866
2.817780365610951
3.309551469768389
1.9225899160390678
4.121283696333647
1.6627850582470667
3.0967196295499417
3.4842606487459125
3.8565735735154556
3.1549232704874375
3.076185748927951
1.7614895793406424
1.4662467533129857
2.9702999514627106
1.6609059445392296
3.469994328251098
3.763405819958843
2.924503333918
-0.024509444284942977
3.8530827228890097
3.5233189872894113
0.675779848702346
0.9960748362237593
4.233916630946607
3.4307379451364883
3.7684104778165213
4.17664617451213
3.8351685420396047
0.7234077687370223
3.6960005527962614
2.3232999997536337
3.50766759685342
2.4885190363168976
4.704201900939315
1.6923626243123395
2.094170597317326
3.5312041837150283
1.5288280063810318
4.264736428968038
3.439058291415606
3.7947583060696854
3.9871024028682007
1.5020527528248755
1.8086259407146417
3.1918279931447207
2.7598494927368633
1.9989376696109706
1.9844989858679554
2.2538837463029
1.5626276383730222
1.2466296776460501
3.946935026697308
1.9187840569505668
3.355206975153265
-0.45452344300891556
0.9293988727217861
3.343791440563368
4.09492117959963
0.9442129741473793
3.524472501704348
2.9862793740392592
1.876964542289643
-0.12125868621576144
1.7147479773125394
4.337039892000386
1.2780327315239874
3.2317711357572656
3.541602643031782
2.831738379752306
2.6169091921854872
3.974589950764488
0.8524498673861387
0.4598387845087739
4.1802157172501415
2.0788503952923416
4.153007367417099
2.592535800430809
1.5239083734423071
3.2115931112474443
1.9176015214164155
1.9482668982381586
1.9039707226489913
1.7687878854072319
2.8915423251535537
2.4714595514412534
3.1052104707603747
1.2339440807936792
2.7619702203713534
1.9470067745332587
4.219795591350376
4.241747757677824
3.4861011142094913
3.2140803036918206
0.2748724233802261
3.56950184824568
1.3930651706719834
3.3343648184399894
3.792387274189928
4.085033989887091
4.3609733659628755
3.568662012125271
2.8990620781848855
1.0916005878286748
3.934914406607778
4.277767276466382
2.342300482135382
2.088490819026291
3.3744194824060574
2.3010064604694507
2.98144729582781
3.2632146034034637
2.6267391951362256
1.2369296101740115
2.7400191421062545
1.1718277149530956
4.626016618259266
1.6420279207134834
1.2129536014806996
0.5219484966260355
4.329420656130857
4.318142575484894
3.9485881369494424
4.695604598725921
2.5092945304722636
4.409279361626696
4.63525174217288
3.7751168660048235
3.857820986390586
3.5141342851661834
1.5005400974741971
2.909107231445898
3.8731743564121586
3.1152665509146384
2.0441895091744415
1.4335112723043082
3.174962659933793
0.39005187698945165
1.9622021715154332
4.1928481317510515
2.570213158990055
1.6091402745968046
2.707097991561199
1.2105704699278153
1.5811621085463956
0.6987549194159766
1.6005292071244785
2.297620869358342
1.522332544790665
0.806505956734046
2.1057773141498255
1.3729767682383593
0.23841312744399754
2.031169465742041
