3.467110801560525
4.203577096922893
4.43893165536901
3.6971302626563007
2.4054137728026705
2.2725684016135963
4.0856915991292535
2.911665060233573
3.149843665245807
2.0636972215623013
2.045009714417537
4.787646161811286
0.8316100057177148
2.9855273715871395
2.814190364282828
1.9114684476102577
3.4687837357904496
3.622436837651405
3.039586491584105
1.1764801878233977
2.3450154605020797
0.7152600034650044
4.262175113021195
3.800211950065934
2.252131184121357
3.4619448109607407
2.123537846181768
3.4873344940456406
0.8736633330489567
3.555010569415043
2.5326491186704376
3.417015205028407
1.7806770804842005
3.726587010433259
2.997734965928555
0.2672046314093195
0.7423391047142658
2.2438267767000517
3.6005218761336986
1.1038515820505013
2.842936375566469
3.6438933559614983
3.6778976768820573
0.6631656398125664
2.0643116966317456
0.6985550146096919
0.4378058013653656
1.3377043603235876
4.018212607920744
1.7686417802419168
1.0429151359113287
2.7526534342570628
0.5570193537956974
0.29536798299555944
1.9871328983437557
0.04189798360086858
3.7787506662176527
1.0979156012644793
2.3637428551665285
1.942032016211792
4.940295678351297
0.06307163359291437
2.911746792413532
1.0596525384085789
3.2056971206478284
0.7218002073116347
-0.05581259046440537
2.999778048350781
-0.1618984395111094
2.500227543351714
2.593045557175983
3.7985916874694206
0.9659862730661581
2.7193154112896174
1.8452289697363684
0.059490379618979156
0.5667161995708302
0.04123424372165227
3.4641051261114986
2.989469025040117
0.2610777909606238
0.8859775519297964
0.9227025758793788
1.1987631376257573
1.2470164479039065
2.155317027253944
3.0884832346278146
3.520262557794237
3.44712749362068
2.5260546589174155
0.9421288132683736
4.0214719172508
1.1773480441719912
3.737444774843936
1.3175023250255318
1.3838377129497366
2.6835505225388188
3.232321432614779
2.775319320507809
1.9696770412845213
0.1365060514374796
1.085485662850791
2.8085729191093054
2.729033499251201
2.3199644926480665
2.001411906968065
-0.17005178034342208
2.1689102680838386
1.5118286258519869
2.4587819471363694
2.287174756900811
2.7670648245246015
3.078417264666689
2.996686993572947
0.06110679549435369
-0.005170527124964047
3.6953019859338685
0.38314173768807724
-0.060098292326581954
0.6813109340983678
1.6120722519734378
0.20816381629228206
1.2085203184231397
0.9075312145036762
0.17142070883663904
4.769039592519783
1.0452607973303203
3.263806019366022
4.729988340683613
3.877850124646608
3.8316367671289076
3.0229126777325592
3.3325704056233643
3.421054323914592
2.8925507890662936
3.935038664990807
4.807335464057858
3.0296552200212368
1.8586625842475506
4.202060126935782
4.797378899833907
3.872277042612098
2.740583172315446
3.5223863974011747
1.8299170567769225
2.0288642330258
3.560374095720332
3.1972316145483672
2.2459536324462266
0.6332086163190158
3.3276404148062744
2.808884138028788
3.7079798044547942
3.5068281263411225
3.0365536584876573
3.4006587364771352
0.43888698341221655
0.9355192463297993
3.8206472008625565
0.7899094171179533
4.827084885859422
3.4786375337755353
1.2482058360015638
3.558964821536691
4.167829199064493
3.7196056281960916
2.6241710131479583
3.639705763221862
3.653100876579478
2.880744215625299
2.887145426057571
0.8780847983115903
2.9201566218737294
3.6010305161644998
3.3073211692549433
3.327160801166553
3.259117433670274
3.2859615923066605
0.41184983218441973
0.06679669796883922
0.1764316344058088
2.6777306884687824
2.660375647700432
0.9711422382106972
2.3367414844109975
-0.22191164866328975
-0.1440485062234583
0.8282387045643175
1.2050369495135993
0.23712161275385799
3.1303440299549563
3.2881334670013946
2.3198444365634483
3.1715816825458227
3.033707964456467
3.188816880685357
2.648545211430194
0.8279168288680611
0.21102418950101895
2.4575118424047275
0.7502861301202681
0.871554392437287
0.9239197001304984
0.5062663645527807
0.15018474225844144
1.14303977441142
3.5675873160123355
0.014093775430264438
3.0045853920304375
1.2660345317736226
0.7772710574453829
1.2393394519967158
0.6879913503468994
2.1724720897740752
2.0176468254502735
1.3595808750419816
1.9237603186736443
2.3887165992758175
3.1465992619699867
1.1712937699149968
0.5650106637701495
0.1963576611087153
0.5005942952532032
2.2589695455644674
-0.0973413107619179
-0.003651292200291728
2.435013173957226
2.0846996449203576
0.21436738671270503
0.7084131642232026
-0.23303606526224777
0.009940116434696528
2.9101008336800924
2.075825018290148
1.7484814816858412
2.2130112836832203
-0.0705807843176687
0.0491632537430747
0.12967418721870547
-0.18589252053251074
1.2809978787099567
-0.02375927211937781
0.14829895223876735
0.05546897506279666
2.64627271008527
0.19949499422362857
2.576704323398309
1.8663453013007736
0.30201829514076883
0.1953318037197894
2.733747108349689
4.208021777369506
2.335510126551123
3.5925670374313357
1.5160470999351228
3.63424921381807
1.8175298284911365
3.4037296865103994
2.757533735120615
0.03875564973795262
4.28938048366612
2.6140414547042923
2.7489737769788047
4.373875486444151
3.1356402498374143
2.0990253303454223
1.6480410945529032
3.4897656246493196
1.9045713658927574
4.111141118536555
3.0663120982399215
1.5791230945180408
0.5168265556332415
3.892566393868735
4.462378957297445
4.521850749050924
0.7096381622500018
0.22058416703787329
3.852622251350127
2.1535252353362027
0.9526456528958656
1.8040725240750028
2.9871576554951624
3.0900046321120618
2.943611688286709
3.838006021313912
2.5829613717430733
3.216137871189457
4.058906892726682
1.803728290817095
3.710538526861963
1.2110584414638708
2.567605527837166
4.289397546255434
0.07281139649483856
1.2544081350879157
1.7628977383910471
3.589389449725755
2.689643514498762
3.390551430309545
4.954212202636991
3.001845044654875
3.3680368164338343
4.266860589379945
0.5556121801595246
3.006460833509663
3.4541738144913605
2.765184820227557
3.757921813746733
2.677389377061151
2.8428739906957996
0.9267609676306332
3.028949756104741
3.207329193602608
2.8411511398862426
3.8160607719777553
3.0495247665676093
3.6023323089500976
-0.0614492271606695
0.17621224054095072
3.634114103914341
2.279512279149931
3.852709006634028
2.1509647577625386
3.481715885500616
0.6137394089398385
3.5138428739281964
2.909818995395087
2.80181698993389
3.0711751343341245
4.373023299965236
3.4896229356506536
4.328102640403022
3.558254809851764
2.983845386167238
1.4880995804268051
3.9274014539486193
3.6951892324207796
1.0544005839530923
1.2430991654286958
3.4239335550367596
4.388412765960765
4.220875516918373
1.1848699203587858
1.8000279530479464
1.2711651619628501
3.0744939592692835
1.159514767959579
1.534552148306394
0.5287689694843509
2.5118978620381336
3.692412670496642
2.6018286144604477
3.6865679954521355
2.87290898453761
0.3456037917817326
1.071507447634396
3.861966647166265
0.29701514604947776
2.4539390264662795
4.0515571646215705
3.7444800413442185
2.69868142831028
3.282742583063566
3.631518450026802
0.555096142035572
2.7677025307932204
2.94197640786795
3.475345472092226
4.301986354458556
2.9539334545999902
4.132619661096854
0.5627646652565845
2.818387111828025
1.8401456524726372
3.3556357286560865
2.4490874239818057
0.27427716366235
2.8263654043474578
2.3089660196759985
3.6352830582475875
3.6961300212561348
2.880732411746397
1.5400873974030622
3.214870930151787
2.7831017106070997
4.241790560885125
1.5773678036061713
2.916871639366183
1.4479747351534211
3.391225626095029
1.9902507417434583
0.5873343042430907
1.8045346903619153
3.2454288882491897
0.675277647465103
1.1295231818676477
4.764793444003302
2.8208891906720095
2.1537901716103205
2.013873592373206
1.1457228174163845
1.8834123006692773
2.446333532396156
3.7851691404857357
3.597713017116257
0.409133415444644
2.4787704785420543
3.008388398463915
2.2313681240305585
3.0013479795926536
4.248981551495121
2.5157492342629406
4.180628696069517
0.28235437266334196
1.979933388484766
0.15689554519063306
4.144391541362651
3.0967432149959437
3.4029590014351343
3.362304396521927
1.560379793444054
4.0736098686143265
1.8092880994312488
2.88773435530871
1.4440104815386972
0.2915495065294236
4.767669538019702
2.56506286209249
2.3258101858377453
0.642179985881741
4.441423253096395
0.5939762443754855
2.9131764790119914
1.1727138899930254
3.236911434481389
2.3932138414930533
4.623167364611326
2.9474098863995075
3.5780395109554095
3.2623296931657113
3.0449612969752917
0.12504835919267696
2.1664262384404442
2.5479751332914615
0.24623716446549135
1.9321073830614324
2.81317510695169
0.733582401972748
1.9375506643450835
3.5347697871671167
3.839986283509885
1.0146270926307561
0.28440804656903684
4.433402038799639
2.294934267129609
1.6428924396984292
3.690598473207112
0.5415406693914715
3.32362819630571
1.3476408035524439
0.7737719013303194
0.3725455319012151
2.6792312603621347
3.442593175405841
3.1968495818423643
2.163516644412303
3.9796639292305405
3.8876322968271304
0.9803174893107509
2.685335753322833
1.9634554943586382
2.8719421106457648
4.126777694708585
2.273817868357916
2.793767575359787
0.8799981002715698
0.8942278730504682
3.6984494886115846
0.9820103710738126
3.0275925480845034
2.867872726032046
2.675853003970657
0.059048998246062884
3.634153103077147
1.7029747613308048
2.6939045229142784
3.5807951247596455
2.890540391710083
4.382696213899213
3.637193990611716
3.654048302189277
3.213681652125724
3.029765679109699
2.0621659871276408
3.5052053869996063
0.47144679426261193
2.5574971853844306
1.5707628235503488
4.058573930623335
3.1313589445621415
3.402364596487979
1.4168181823374826
3.3971466742767
1.9834642164654253
3.784190785409422
2.2810992850371883
2.219701423843176
3.0822801621823626
0.20516846676255981
1.2664931247670896
2.5103264433308454
3.5243597907175133
1.2390824567412668
3.0393869933280717
1.1746033038470942
1.9955849377944104
2.3372136406437205
1.5875349167243464
3.1563380767650564
0.6743036646159307
2.965530821050796
4.0018677565064085
1.9755168548877802
1.9225430445343725
2.4795492053814367
2.7502535258372567
1.0866763286580572
3.1985737689721745
1.5985040559830026
1.114217125108347
0.49661317111460235
1.1805329172159387
1.903702489308506
0.9735743127727734
0.39278078129473715
2.449704325168676
2.685784113610176
0.9082274335879547
2.607920901766472
3.762555430884445
1.60364021555941
3.5032002326422336
4.193542873798566
3.647152913226452
3.868874744834226
0.5296554842954938
2.4197948527072817
2.9265670716569203
3.6483967785667195
3.2158282063151193
2.936315559494268
2.6270511795796856
3.2029000160187846
1.8796893285063303
3.507713326052244
3.2077652536601127
2.0728911542659754
3.703502730969192
2.532105004201456
4.029863124286986
1.487122586950971
2.30485644797162
1.4842120353251977
2.188037019992242
2.0410449666779127
4.033657001884537
3.6850153829531185
0.852815923303851
3.0608497174105227
2.71578413781654
2.4062795586299517
0.7292164219007222
3.154406143125953
3.518681941429497
3.2683878676859326
4.091289522781916
2.9004755740893895
3.1594280665273256
1.7654651162230814
2.0767389724079526
3.1235329363428463
1.8380572003096993
2.227593423236381
2.076301475488701
2.9910665150818336
1.3271369523400895
4.136749501352297
1.444818188179384
2.720868016759007
2.1375233385009444
3.1659410204487948
3.811862825219649
2.311418632866016
1.3247532396468238
3.69265511215376
4.082455459793519
0.4216702121265101
2.6143820172415966
4.536045982942145
3.2840143634155337
1.2223989841722986
3.366822385988154
2.8413078234254683
2.2397330862127345
2.860326347149875
2.7015423461139374
1.6945745588594376
4.028451918990403
3.9970573311076447
4.336141931633224
3.336594274245115
2.559829958851245
2.496348017320443
3.7340360526519296
3.3355926273179803
2.903744927593593
0.9077247455490256
2.648229726302
3.9832192603736405
1.5830114847781982
2.867680610315519
0.2820783597685407
4.239648320921429
2.4698513184540443
3.619788316320117
2.364263381940774
1.4546382155900694
2.8781198048919276
1.4576485766485179
3.2697026915415273
4.410703540499497
3.848963246978252
3.433946542924094
2.755073747136043
2.9664825126753462
3.0810834265640477
3.401769959588641
3.472760250892819
3.440831540822496
2.0562930983496215
2.93235736996558
2.8986631101461264
1.4571161340320782
3.2550753584363483
4.211645257508732
3.976184631695866
3.527168302845192
4.114040695057917
2.1015755799068754
2.108219752726193
4.128809978301287
2.0266693469753925
1.9943706646987416
2.0721178290400672
3.8271077745194493
3.5898519029902562
3.0005467833473536
2.8096203709546113
1.1992913353583647
1.8649008377661114
2.3731026668474993
2.205761543679786
2.974312250961051
4.366715113772867
1.379584571499521
3.681724953351687
3.7518244839040555
4.090639564467565
2.147078375650533
3.3636857577995016
3.945632691025934
2.8937403320282136
4.5121243090651655
3.691834064724198
1.3630516824280816
2.724989715777348
3.439466046215954
3.2714250255735635
1.435716722501079
2.919747037549539
2.849587453958438
2.5373968560702793
1.215040234843548
1.7359009669243386
2.609304834871286
1.43934029740838
2.4594985419950643
1.9806345851552123
3.769132330787183
3.327086310989132
3.5720112293662982
4.375688177426276
3.09344880175717
2.6191523421094494
2.923140552324669
2.956375777679956
3.2122930099031555
1.0239144413647088
3.5916794367418086
1.8645249312075767
3.028091318007268
3.353337021341877
4.496135867376938
3.3731119888701184
1.0448753315878068
2.8426743529917893
2.7779265100367043
3.3608516843751945
3.1759225559644237
4.0028005282398
1.9152408296838543
2.462486291854578
2.8773208469303135
3.1542101955624795
2.8005524610100996
3.515769162346082
3.9125894363726745
3.1938637950855635
3.8370011047604016
3.6261619687038795
2.5836435647082334
3.2012651194304405
2.048662696570186
3.7306738980986687
2.8028338526613936
2.9722848953697
3.8508054811246777
3.6565215839079825
3.0177239804320313
2.401831257605037
1.462763277677624
4.026163838354216
0.6334848765487793
3.808003802016841
3.636905021967958
3.244623630566257
4.505013667773457
1.5697910349008077
3.5825620464954055
4.541275842885862
2.3545789838285893
3.0704743506358683
3.1559476442575733
3.726965769976363
1.0730266499042596
2.498927380454565
2.2633574300657866
3.6460382620364618
1.8265153562054472
2.839985967303464
1.924219125708222
3.3340827786919767
2.998565826933541
1.8667486284186305
3.331778796922349
3.824200683674994
2.4171332201047924
3.1030463329030797
3.584899989251005
4.138009608601269
2.845719346638559
2.782373721749122
3.7092674487432693
3.7951603724699505
3.4457525062901113
3.321916733599908
2.77743497128895
3.315601091071677
0.8275042563294426
2.5017193543981358
3.027461300767893
3.365463736661131
4.375997130240377
4.188310752733858
3.2394113344974422
2.767298009338611
2.5462866861345756
3.2703714807528965
3.335298647597983
3.6533211164419472
2.7023521738143104
3.9372300956491806
3.9352234834441076
1.8768036712209433
2.1942531541451986
1.9404004229712035
4.3783371814472405
3.9578068266417215
3.851446574104593
3.328833205189012
4.066824129172615
2.3201399919860517
2.2317080290211395
3.8526241677459994
2.755727201552532
2.4678915936382055
3.8255668074495377
2.9771449831135777
2.263221399592126
2.9773147342152315
2.5896794955354117
2.0329938517847426
2.3961513269403354
3.777650839583743
2.9744374155156734
2.8759159903896467
2.9578991986145837
3.5154542943852722
2.89834782583987
2.5731118618996187
2.6984692549366778
0.9821545547314534
1.3025574439674397
1.1897949021811673
1.7602017431744637
1.903674978016816
3.1889736923537293
2.5336433145917607
1.772693266880023
2.0599974867875814
3.699939899719349
2.1322595381139076
2.6813155229513272
3.005271218182874
3.645598735865942
2.606037365094021
1.7600456716177304
2.7724997471034647
3.735376450029799
3.367661570926451
1.7382064519905347
3.313852746138044
2.3136362770528742
3.224997650643703
2.8947514928193145
4.388658045787131
2.635918354726019
2.9354413120538942
2.5801009534681176
3.405783964360231
3.99119429044204
1.197406509978029
2.704240613739184
3.934358253893332
3.2771145939462056
3.645866026112183
2.878492790947995
2.529325815338297
3.984102439634726
3.494338314017097
2.5793646749431356
4.340671819005345
4.181884034012289
3.6853972842300826
2.4907147964823486
2.893440703503631
1.8805702234288046
3.668497323182867
3.2946942772534964
1.5516494221926298
4.48694714341823
3.5941145481107637
1.6691196173598999
2.4912347847980922
3.053077528784335
3.3721241959031714
2.4714173239552326
2.677473836024082
1.4117711830420858
3.400256780545983
2.702645565578933
2.6769877001464457
3.1611718650035603
1.4372630305123335
3.775579405240918
2.468640853023746
3.6060844683626194
1.422234991684475
1.806482999925061
4.099598621354506
3.5901649764522117
2.4005401121209133
3.7770760990890855
2.2028820912636076
3.576291145816235
2.5012853989968233
3.605463074019528
3.346554486927132
2.288617714443356
4.453206748609045
3.687115335812113
1.7738504093253875
3.81367013704443
3.7165582469130527
4.089643082461199
3.2741592980347405
2.6569257859312785
2.8342351824879928
2.6517087640262114
3.7759658345250138
4.258142316009434
2.7722028222954145
4.006605722364484
4.299663247175791
2.7319540006220198
2.830061705495256
3.5737124377970693
3.17502549664102
2.494827873691285
2.595648015013253
2.887139006105549
2.3535148194431352
2.50016169966324
3.4624873535761136
4.218356382328189
3.0923218852784053
3.2065519721055185
2.9566381001766264
3.937140730918738
3.061615876915862
2.891270254960505
3.9528983603809635
2.9884489986095626
3.801704399943326
2.816378626438849
3.807787264484766
2.66890460142084
4.1734405185581025
2.925032719157255
3.549209913797944
3.6787143816324703
4.2236430548737145
3.022288347763436
2.085955738539715
3.683634106665806
3.1726491014157565
2.9574105248480795
3.3177816567386498
3.3383190519696435
4.492369811452071
2.646339349889081
3.14515399840207
3.571816441806783
1.5805635100418394
3.705273794294682
3.4107037685020685
3.8964600743962476
3.200399632718406
3.711439857998573
3.537656120657046
3.447606561842962
4.039650730017024
3.32207827597917
2.433656483273475
1.8522027302030166
2.911080463051024
1.7646235083678075
4.21504078547042
3.0134385650951794
3.4365342957233223
3.247894937450884
3.7060581305186293
2.452308529333192
2.159535847240536
3.2681527353502644
3.800875761326313
3.5109034598275914
3.5695415565793014
2.9170305142268176
2.5911151336554528
2.853961669065733
3.2788168784853733
2.886141199278591
3.1798845888305
2.8912030345408257
2.6979054948219607
4.461924068101737
4.025458896394854
4.369526884879973
2.5560312431475283
3.864761301310843
3.1940284386050273
2.1458574964590396
2.261905922297311
2.5893735282522705
3.366397920769919
2.912443477342474
2.5296198114680357
3.556166913029331
4.390810818467652
2.6489592735336807
2.4813678116580347
2.989463528625798
1.5459492330758342
2.6506588333725154
1.9589906194015054
3.6942151429571486
3.3034004338914777
3.0543948670471037
3.5984338796774655
4.1156258337637865
2.4365923660175106
2.6033966951104976
2.7171703168301184
2.4727169084868543
3.8160998496347447
2.3713146445967617
2.595524999337004
3.359008830501392
3.7299076456887357
3.139267370962357
4.2025201383424955
2.802092895643429
3.083026180281911
2.915654909290359
3.3685049520224193
3.133820708924968
4.690289059784453
3.3756277677012005
3.2060527008739252
3.3956374182730737
2.8327785274106048
2.6804712043378447
3.2383103826717723
2.7805107523658106
3.475974324853212
2.436967697203661
3.553014794238124
1.9069046025399154
3.4005632139019237
4.561400145849654
3.7546476562975384
2.39323951349127
4.275750397730823
3.2363311473321708
3.3692598779066123
2.8378379770861164
3.8556518639090256
4.784904931758653
3.762191028051403
2.1837604477720873
2.4192109066523755
3.9291900901841847
3.01426484715262
2.6045259015016167
4.079172847443176
3.7364227830214323
4.06804899662775
3.132084120288776
3.706571793268138
3.7958489605086387
3.869530169481171
2.737882127661219
2.8588058292690057
3.9446693767239926
3.5447137980893033
3.390448717646705
4.05902435768099
3.76284521644261
2.803777498471932
3.0534297906719545
2.745382023648538
2.686905928227868
2.910656795013623
2.799786956995234
3.6729585237880045
2.383686915236826
2.4881011575350054
3.08333788800674
4.707828875487358
2.516442545986776
1.782434134230964
1.1714238105041936
2.784562580230597
3.2759528466438774
3.6152075012186526
3.5456681146103706
3.4460014344607104
2.2772555898744233
3.971305869948536
4.017321881169184
2.3414996625732787
1.224533418553295
1.8497298598876764
3.397515514238806
2.658192795405181
3.8870096573625785
2.0891331176228
3.6008663742312246
3.0219145289851244
4.2544150784604815
3.711371287656899
3.7328542481913605
3.628450424875996
3.3922177638277193
3.3852729741322958
2.3145295482410684
3.549215207580491
2.6498180361209465
2.726756608032117
2.9820534640847076
3.138952713630827
3.4611191809063864
3.397235024185014
2.1566188097462526
3.035090377025108
2.26966807973765
2.5344657144700835
3.6429636787548185
1.1421738510364432
4.481019548354764
4.062800398343067
3.6700504450973446
3.6854642449537227
3.1907623299897483
3.6294469089782564
3.9148568391536243
2.9312875768260658
2.7324176911048537
2.483692743935665
0.8129378805483719
3.9786550854523046
2.6561053381191697
2.3837125273125
3.8983506786549964
2.8170269376483135
4.186124347688067
4.126537531336985
2.8937595654898356
1.3116279272752271
3.025160975020135
3.7841186280703107
0.5530398780063119
2.600658846201815
2.078708564892042
2.452683927999266
3.7294733167190386
1.5068702265965248
3.9288535537667086
2.461935285654025
1.5048614156637954
2.331218744233504
3.146224069407898
3.134353134265841
2.205897092869765
0.7807416830149403
3.4176837850723816
3.449602261404638
3.7325386616102483
1.5509800012358317
0.21612177341593772
4.340428368590718
4.2157534424308745
4.262286479435775
3.6240214541257996
2.0352587367497446
0.30491300937333754
1.9932270038617295
2.3647666867913184
4.040404159311196
3.4658028841626303
2.9692870271159593
2.7213976788074175
3.5340420885552137
0.5603823613404784
2.1094168228196817
2.1567144648202055
4.091616745879491
1.70088753574035
1.7873927433322334
3.7661387739102357
2.33486562407701
4.1290810122634225
0.6939095187017834
0.1619905377492312
4.3567289960317135
1.6510969465188683
4.321847797389445
0.4500609141782249
2.867042122701817
2.6502722593896118
3.4650975297578457
2.8442239789737855
0.7525607090636677
3.2827958786371645
4.2979271726198265
3.3637126123171153
3.429663277220065
2.8468773370393143
3.0571717775902223
2.6873245688017384
3.3573044729229395
1.4972464767388913
0.7547039279482022
3.9328807812057724
4.1408203521032965
3.526802398874717
2.7651659207367376
3.8636010740192805
1.690583059211265
1.4330510676558736
2.666566710438895
4.247054026436152
3.8739844576621385
1.9861972365181877
3.7034639658236075
2.601271400630281
2.5577641440409358
2.557566913556705
1.8085001417658515
2.0681397876270786
4.651278613628397
3.1254877233002927
4.079685088947506
3.157222260479414
2.441071297286077
1.7727286975128085
2.545999994560701
1.0098692586114117
1.4768380387464615
2.2637647274045922
3.8621105290930275
2.050943479389839
2.9965909447423065
2.3372470256470295
2.4980505434376434
2.819632559509292
3.295467812697158
1.9644417323313252
4.314092523685345
1.8349499833127527
3.0306485883619896
3.444799348000109
3.4588646662753684
2.9553910366371836
3.2048033509591454
1.9513277550704344
1.6092513978435823
3.0727638497229814
1.8293616022197832
3.6373018401300397
3.966375653236479
2.7862200721381494
0.08283338494766321
3.8646979587378385
3.4889825446861518
0.6589072317660163
0.5481037549668373
4.192285426317967
3.5252843687651736
4.004789506035199
4.048261704471416
3.808111770442501
0.6045623696436111
3.7782571252362325
2.582616824302909
3.405149212493606
2.7610445389874028
4.830056334154402
1.80220915623285
2.1781506735946277
3.6194602130474673
1.7488151186383056
4.2300517149316414
3.723713669810856
3.8685526357358513
3.8058211865250566
1.6181683160860534
1.8195607278076975
3.25714370302359
2.79359596921751
2.1407254924656796
1.9967829836845687
2.2837535306762127
1.4853584921199539
1.2303549694563267
4.059949681646769
1.907797027842061
3.434096964434186
-0.2861158867055721
0.8795993306628244
3.149796157587597
4.298742711435856
0.9504338079950991
3.4034512230404927
2.93739693316337
1.9755194082387237
0.19134882003944012
1.9916207972767535
4.250512961376162
1.1026455018776942
3.0372742998284514
3.729994851647517
2.963805096258778
2.208221251855694
3.7793553725710196
0.9478962549064232
0.4855082446157536
3.9400389795173236
1.8815873958720644
4.342372040354017
2.7886306202404865
1.7163261375463323
3.324292379149181
1.8754407806707694
1.8923907495831311
1.954768016993158
1.7931683690847726
2.7027021124328248
2.8929806214241784
2.8698951043078815
1.3964426226003037
2.752899989488007
1.8466268953007139
4.19891667294685
3.9474923638239265
3.6457632903346835
3.347439700223982
0.2859109015923319
3.5229088762731062
1.5722042353444152
3.434248639092375
3.6533483686047994
4.330441155126151
4.335700350254519
3.336579993376486
2.982504438251969
1.0843276983678998
4.134311818601334
4.148623976539615
2.383257652887715
2.0158761030463586
3.4310670240526204
2.2958431190506077
2.5899977650515664
3.1731371727746756
2.739226314814311
1.6093380718647157
2.7128158554107293
1.2760444724567614
4.782335202344027
1.5672361348019115
1.1259828324217804
0.42749443463776204
4.508678036969415
4.368704537503787
4.123282151254183
4.834133279493299
2.6938105031843356
4.594264569967576
4.763888770673072
3.8348050142081065
4.00332668970353
3.7843149868735395
1.718386060265137
2.9632197578702066
3.990536473505603
3.1679381360673315
2.0816681729000757
1.7353605690573337
2.9351711067176955
0.5246098360825496
1.797981791009875
4.017598802256485
2.579704426139617
1.4206656544315324
2.922571946816627
1.33245152999554
1.6794217628237076
0.646036837603419
1.6807995857527303
2.53716750082766
1.4906317839798024
0.9722022015981271
2.06920169674667
1.0854919860962484
0.6563950618838486
2.0505508019362115
