3.6534410426370836
3.9482644160094145
4.279147621195931
3.9412809503772235
2.884226480257841
2.6820362819001535
4.170476476497099
2.846205374140753
2.7740805561259054
2.2070146036755545
2.196552698487765
4.864430337922063
0.7626449478469992
3.3234046576170146
2.71966602285967
1.9590800781035325
3.6650796412387465
3.55825371869985
3.4926061541019506
1.5653424178068742
2.760604017896977
0.6959154538169582
4.1018413831132925
4.046441958604352
2.543984509384083
3.2991053904850673
2.2377014272298488
3.273252207148691
1.1185623030037
3.5391637763850876
2.363093928089304
3.3828982275896995
2.240601891962325
3.7377148815154584
3.1793690499431206
0.42182899815028924
0.6055227618171923
2.477040158892884
3.2607831249411072
0.9956836215282447
2.686144614942803
3.4844915457939796
3.6709456200818846
0.568812434800881
1.9952236697732337
0.6277509270456046
0.43016133593871925
1.3841848808946302
3.6043816025109736
1.8299273815570831
0.8766783213359652
2.5991759569494093
0.6367667543373533
0.6196097203657687
2.3893484890587544
0.15248669795621825
3.824074597627813
0.9822015550892471
2.4043287144868564
1.6696674097318713
4.613680459755051
0.13839222530502082
3.10216209007269
0.9694737553353421
3.019308133892072
0.788730688734746
0.14427342762051878
3.0500479945025236
-0.01582122757643773
2.608534927413602
2.336084018158875
3.791748372082796
0.657282723493375
2.7314249023859527
1.8988858729850782
-0.07623110329654867
0.5596492130808031
-0.18545025321815242
3.571662421213576
3.0755096326878824
-0.07977081555510004
1.1225828722669813
0.9560768958386352
1.0164760085953184
1.1082199891381
2.1871162969037665
2.849052734197611
3.9845597918127855
3.3607807205921767
3.1089195609800213
0.6969741885100713
3.95096358930223
0.5667828833079136
3.644363070655451
2.0191138470133847
1.5271766366974264
2.8428235710753422
3.379242641444231
3.0889074080818086
2.234428426350909
-0.2199124625277265
1.0826460590954308
2.9113917984280273
2.7834893260550584
2.507341610093664
1.657824827554654
0.0726708523579652
1.974933532311885
1.4286772405921913
2.466859828963931
2.3646997783435477
2.8016839106651
2.9461913066839585
2.72407905797335
0.08653191524209103
-0.057696741480598814
3.7819246399349944
1.1886757091370987
-0.1359216058926813
0.7112445809416124
1.705080215204639
0.22805036068712756
1.4851480641552903
1.266563290135946
0.39596375149630475
4.623223134261818
1.017771886099452
2.9791354650371664
4.770179112089466
4.005661590491885
3.711130345789818
2.602162581422063
3.5635823831133044
3.454198973137205
2.7233417784761467
3.8271344129742797
4.797344489304112
2.875058214272047
1.8211851568731132
4.189441734119493
4.861159805307401
4.1282659094506835
2.7078043632806916
3.3759776466775206
2.048916748758917
2.070408111842755
3.6393095393348527
3.581280771750499
2.1558023085059994
0.7628338927211528
3.0705339623689176
2.8983389661117056
3.785818042259676
3.4172582998851877
3.0598926119222036
3.1150793568978616
0.45580388369331154
1.0665631230633221
3.7410012950759834
0.8927235287588101
4.9500377602127115
3.113254262271505
1.0246855141810929
3.472920864424479
3.9994328674013038
3.6815692850981283
2.9708418336164937
3.389431230429803
3.8179560517498072
2.7583958380519418
2.796815456788918
0.7951711961035384
3.52631133234542
3.3476731581408314
3.3820839283874236
3.3061202367696434
3.144214243012318
3.4671624033738753
0.45685210600256615
0.42345789986292015
0.5598393045414691
2.7884336744960314
3.071477354237229
0.785812483353336
2.47269026114744
-0.11336062765857516
0.043283923544205204
0.9138842168655268
1.2354295273427969
0.4266414370198344
3.1822916535553434
3.0957427277408294
3.0734237899002017
2.848084894172033
2.710063799709187
2.9966027990240196
2.74695091862456
0.6002319014428128
0.07686309142605835
2.2880235904949746
0.7435535828025831
1.0040536221312626
1.7400799712023356
0.45958893628391184
0.1637377085799236
1.509655460610664
3.674686376888261
0.10685939116762436
3.107657053241681
1.2883749170471728
0.7562070614820092
1.4895575894731328
0.7420091003092973
2.3332624833312425
2.596883047259183
1.5216462294172362
1.934527879333646
2.198693445846692
3.0907959692256157
1.270123540817172
0.5345358191048899
-0.026813771135133675
0.3129461807916688
1.931447744339638
0.057771291667625034
0.2901339252116591
2.1886354982433263
1.6969840974671722
-0.11325084917417616
0.36282448884410873
-0.12171457433267291
0.0665040040901653
2.8017479318470104
2.0635684605842353
2.1695231251045093
2.3269820911807466
-0.13856815453106586
0.3315414919922929
0.3755305456766492
0.03281532320907201
2.22287042583512
-0.37007396099501244
-0.01433021282343059
0.024233118549390843
2.314293583440199
0.21504542991807438
2.1361571877542027
1.7625320597321315
0.38113354667267557
0.10568321757360302
2.743329071747125
4.149527719646682
2.3682544716519454
3.612402065861961
1.6294030199521223
3.4186382470656596
1.881363012505146
3.4181190836786324
2.8648293973862584
0.17781944057394203
4.200545253756688
2.8589841832858816
2.903190755226577
4.379851290491893
3.279314775347678
2.339211160071763
1.9867469034760503
3.366910290568284
2.180249620419852
4.409391515418265
3.2815674817829943
2.315853154925768
0.6449021752973416
3.771265565703073
4.333668907768195
4.595015353573842
0.6402684567226478
0.33611236406794287
3.65678159857238
2.36228275722635
1.2879157017752416
2.2500839894065
2.849984066092026
3.270949009457303
3.1535081584827203
3.836799312883226
2.482593714187734
3.4050904483929867
4.034746980406879
1.5392324124013537
3.8491673258673966
1.197909281425513
2.8017287889717415
4.187458523267044
0.45144459913103147
1.2723388020009743
1.8056663884656505
3.6316854078849663
3.172269724994301
3.2311970858587933
5.045993014337615
3.0345406308783756
3.2593531954380763
4.275471904350056
0.8323147668893274
2.8456988286058436
3.822793903166316
2.485349727463434
3.652549414021253
2.61170741798157
2.9864202259819246
0.6896211484678758
2.9990893231258444
3.42691794614834
2.7782933313894858
3.8958503575213768
3.2279345949249327
3.998417549523747
0.06679443381288638
0.25066353640976785
3.952456113591655
2.1174711785553675
3.920240798125508
2.037406571852187
3.628997534859959
0.4808962848243877
3.5234264516339686
3.0013950297291965
2.673529389714156
3.343218830419396
4.51057090502351
3.4037394863339245
4.190469578692148
3.73158180398184
3.0226996360823706
1.502669538298994
3.8845401856229222
3.4927565225474244
1.5065321014971005
1.5108373891619635
3.3065263790966517
4.374774645120689
4.232880008707867
1.2659339742004334
2.0806682941032677
1.4118241625307146
3.305656664575572
1.441466920334638
2.097352166591836
0.33909450170781147
2.4394158667482704
3.594841512719472
2.6432689965926897
3.7492203400716324
2.9789643202369533
0.31677996828518723
0.6941374683309474
4.034924807615249
0.7305372830133576
3.1404033015078343
3.9980689038112183
3.597201313547582
2.6879692532552153
3.216070949425403
3.62878622180961
0.5735395560258648
2.7876993689312117
2.7221528997299624
3.167618840089346
4.3294747449744975
3.386125389815995
3.809646580812614
0.42593617638131015
2.947806708442722
2.179623373243514
3.7909601704505347
2.3184763122191683
0.2611641635681526
2.8051995610296836
2.199167744732752
3.457568821474582
3.4952790746255773
3.160553729719582
1.607019502226622
3.475372463954451
2.912124773816513
4.427444167447478
1.7541064466851186
3.024998516616808
1.312150836001177
3.5531882441687443
1.8435322533467922
0.7015560136336231
1.9474110994771714
3.199491459429781
0.7970021645370909
1.4044587420006345
4.8518114759907265
2.6585247314992975
2.077441037784808
2.209107325735267
1.5160499073373772
2.0780603049492883
2.544980217526723
3.8585768431743204
3.4361612509456108
0.7064563220330202
2.473457658124772
2.9134663103697034
2.1717881553026
3.342694122755112
4.272219846574848
2.4899020507114606
4.159040993893753
0.3358943318474487
2.286394909208099
0.36000477921994006
4.220079928002746
3.022862948084176
3.5553568633637433
3.521344041216179
1.208288051869902
4.033417040660339
1.6159683575394765
3.2310056895624126
1.7909098973572901
-0.046998686915845723
4.801926575697627
2.7017911847930445
2.3351212976680733
0.9763540267299622
4.592582916898222
0.6686690878970905
3.120166069618924
1.2890585817446625
3.49307959730594
2.5224713874043796
4.680541945960528
3.1122116238725996
3.393018635560248
3.2810809448503457
2.8223173686864893
-0.017740944183281517
2.21767259717954
2.561076115452203
0.029907787798086415
2.1161021308606673
2.634397224819117
0.7279677182248633
2.0118486076455118
3.422272974053524
3.757942759285721
0.9607678302406615
0.21045139140488686
4.459304918726779
2.5735107913251682
2.0213313178698327
3.640356350748492
0.5164008845469351
3.3899422679947335
1.6065723941004755
0.8542563846262652
0.23539252004733333
2.8353653652866218
3.331544556953579
3.2066104613790816
2.222213026919754
3.7892832875466733
4.092728400043199
0.7722365053282249
2.6144042066911655
1.8698064024036538
2.991593499219691
4.031105112221213
2.0718080539100625
2.9253275563738907
0.755927868344706
0.9879894932070623
3.5042426537487974
0.7857453686814337
3.2058952344489313
2.998830340453329
2.6927362318509322
0.3107232624228548
3.580485422843835
1.4692711315079277
2.686674102690509
3.4155514528706106
2.6754453765178545
4.5263023802426225
3.5404866294466317
3.888957893403466
3.174266048639043
2.9448728990324753
1.6999054566572391
3.3358657734005734
0.3506570814505047
2.56761959444269
1.4335890551676174
4.017718986366404
2.948147928804549
3.018822623310093
1.575814902975315
3.456582363242197
2.0289316871188285
3.779182436767804
2.1487276645850124
2.363322596197342
3.154918251832915
0.19618259068871152
1.5197102553146746
2.267730709977133
3.2868944428374314
1.516646476765921
3.1443438385199403
1.3511356324593076
2.0198714267775015
2.715204062387984
1.207811965001282
2.558794809428119
0.7690552456393331
2.9186695735575694
4.004872062755182
2.073606984567629
2.5966168234919684
2.357111391677478
2.8910051030291704
1.4693350210194203
3.0850348551135176
1.4068819191651343
1.3605228184343683
1.1270445242496958
1.5761415834319912
1.8830471492006575
1.2165499081359121
0.3117831748856612
2.915175304272782
2.3376988051778125
1.0097926554740617
2.4426730451768233
3.6741763478818714
1.7693890340566296
3.5274155375884013
3.675415071912199
3.6060518532066665
4.114317063766753
0.7135216491342066
2.393234000694377
3.1447029509654043
3.75951251646488
3.4217637576229594
3.0708445946208074
3.1148269562575366
2.940989091145163
2.1044916622378134
3.473105749022016
3.3306293688389874
2.0527724019810942
4.055359405864474
2.4799481543492314
4.163419306854158
1.772712087673075
2.2812267255987275
1.625077719016113
2.1938863945845237
1.9298070728957712
4.121717684656421
3.668707004070481
0.7451788967864386
2.9061162573567976
3.183011805844232
2.724389601101685
0.807230976214983
3.0803246824695285
3.6506011773700147
3.427901313568794
4.172198004326716
2.737027944889325
3.1496226550406776
1.7361293717013278
1.6585149173390163
2.989723318667933
1.4788952932910868
2.3357394342108466
1.64297506308536
3.1718953022173646
1.509583750256939
4.165105845397267
1.522923931435453
1.3500103698218358
2.1633273387128393
2.8713900871582694
3.75227924192937
2.524705910167835
1.7513337136907476
3.685743817231294
3.9957729884492115
0.36659399967594414
2.388764193931488
4.514738649079264
3.3475805768204743
1.3968079699550466
3.499427288760435
2.8117697864039575
2.1481336413178957
2.7746036380775885
2.716602932504414
1.9695518104151473
3.973611207441492
3.948415626027711
4.5329796691065205
3.559699468639218
2.7411967049834853
2.2981836741701294
3.848408633596238
3.258848832265105
2.878966762791447
0.726622120817505
2.6399263551496914
3.740627214501762
2.008718463498401
2.6261183901335383
0.5207726743707801
4.4770724644134186
2.470577538406419
3.7016459460748177
2.281194593091794
1.832709823593946
2.7957725800846616
1.3115687336000923
3.041260447260615
4.437474850615671
3.9738291818786142
3.4396588532729817
3.228722658328655
2.931570074535127
3.3073037680084103
3.4901929676782157
3.337516230392786
2.8085174358655594
2.3372512082389076
3.2651683761616943
3.1575255216410647
1.4391093873369025
3.266985284825914
4.110346477803235
3.923194463911286
3.82081176972871
3.8764246869131704
2.6710927518231355
2.44807746999513
3.898576829684347
1.9208034163227374
2.1070698831433954
2.0835298626410412
3.9182432486850325
3.7166499706457508
3.2029725827011766
2.8875339587703377
1.2719294878018896
2.207233202111877
2.5143601473622037
2.4298016119605164
2.9485219800092994
4.54112091504592
2.2795520217077523
3.6912394628650036
3.8431291386732402
4.000881187037544
2.0854673302937488
3.6872980203800365
3.890201714257515
3.2306095384937437
4.6371811560260365
3.7184483130832966
1.667092081321122
2.8421932301775645
3.6535651984036597
2.9179438762606167
2.016774557694226
3.0100509330100196
3.295311701404386
2.9298277528717693
1.1181911593883178
1.598928795465683
3.0017323721899127
1.1670342227512214
3.1179818138684636
2.2045132533827734
3.8770283961514322
3.222026956523005
3.5442380143906167
4.516281415289797
3.0600590432564965
2.6315948224125902
2.868422405037981
2.8180682205240246
3.4930299581356397
0.8882812207041579
3.783257377819487
1.846051702923492
3.096314880886016
3.2284209718131334
4.3532336934299805
3.785587748462572
0.5134075344152013
2.6321898559275385
2.8365815787751862
3.569674864869914
3.206109938267164
4.112128954069173
1.8270336806062335
2.623428887996807
2.9250549462534123
3.1107823549822275
3.03389732269822
3.7390977689506912
4.080287044435606
3.4004480379198747
4.060733088105498
4.2921802296967515
2.8224065222181385
3.5294842774038284
2.4019075429813532
3.889419728686501
2.474284680096295
2.9174030469759384
3.912401693118013
3.818638477059369
3.452777361444879
2.2874420277759766
1.7724221354028606
3.9024472092726397
0.539056997915701
3.8952396564645224
3.651753045799843
3.3085258060470406
4.530991146983065
1.6889227052620577
3.672175067793302
4.147442550168357
2.6581437643211583
3.1638118028999225
3.4069241427264556
3.750048791584431
1.2311309177988652
2.837011436085945
2.1512229801610965
3.6932651029015644
1.938969697052417
3.0275556418059812
2.043541043459024
3.439959478690182
3.169122036020362
1.8511231518042384
3.4775373281411452
3.935401436082071
2.5567242968800548
3.33856941566745
3.663090510724518
3.978184878419152
2.6307299993816717
3.023793746181935
3.2538979327913338
3.882196385672749
3.3922257254417363
3.3246417793595717
3.1158495335340546
3.8267284624697164
0.8768943870756156
2.5303475230121157
3.3451200197091064
3.1568389125671845
4.184204897290512
4.349346758105712
3.35653435130772
2.4869909937232646
2.8171047831247207
3.648430881522096
3.3900366539111646
3.751184391424628
2.812183809560287
3.8805349249205925
4.096703186506858
1.776932533640011
2.4677342196675904
2.161022300140348
4.217767645013809
3.899792865554281
3.874481299452811
2.9860678206920652
4.177283345805925
2.7590205071725653
2.7179110809961995
3.858728799914994
2.78777794689613
2.5855681803568715
3.4791527443615196
3.4126126673635944
2.0685205848451886
3.149060090547547
2.767935369260462
2.15875704555292
2.7762729376829416
3.8619484411256173
2.8494476993138442
3.2216533088299077
3.1564609191689126
3.414073594634915
3.2631216323759547
2.539481568358086
2.5427765554125594
0.7840995750823034
0.9948249210475719
1.2239258313143953
1.9815680376911684
2.291661498854693
2.9400084716965273
2.30997868402298
2.2834373204646004
2.354881743127406
3.8322056143391223
1.7021863150843763
2.4543068709202935
2.8753681171120427
3.8748324803622447
2.400429969958495
1.7673402512706156
2.84875162989383
3.7054346970327035
3.571038391095473
1.525118847403703
3.4161090794081725
2.3894990595050047
3.441575686446989
3.3522707576558646
4.5479129256589035
3.0249335210689146
3.0923599286046763
2.4258621013716692
3.6234575130805013
4.174798255937763
0.9889098951419564
2.7586714888281088
4.127530124966007
3.251074705238925
3.776586357087287
2.7747357355473197
2.3728640858487426
3.959904710746986
3.768973885586474
3.0753426544806555
4.253410977829452
4.07693171974025
3.459724702712505
2.4612127251554186
2.8550641534796597
1.6473981399721513
4.011871336712147
3.5732834783808807
1.3269486390846523
4.5941434134509915
3.500420824950681
1.8152913730349094
2.441768515607937
3.404949163503003
3.680825150340019
2.617949987760367
3.0089619606878037
1.0596351438934148
3.154053427631996
2.9724462344290035
2.9974643340544027
3.248525102945984
1.2835490038674704
3.610189026895943
2.436139809689986
3.6303747338541412
1.5557176813806275
1.2957989083125048
3.9343122356436186
3.870429707546741
3.1713332327796224
3.8249884868628556
2.1716423387606523
3.6314583886660947
2.6301894507695454
3.516258623494141
3.5770279140735686
2.6381436351937047
4.406724245663519
3.7608804761921415
1.8535456909275674
3.7420405985847762
3.7585307514379354
4.024465207755318
3.352690392175942
2.7205263129775514
2.380285305161
2.894259521971646
3.7524907913268777
4.310511817154806
2.5178999330772087
3.872346039519515
4.314003938393324
2.4951853941136375
2.5752735071895443
3.5311799001622215
3.232769831630564
2.5513245342023816
2.556145503742606
3.0073967881475507
2.618322079475291
2.541447575779827
3.6525002372897437
4.255973423511904
2.8243433975336343
3.185665862114008
3.4571025675090064
3.9389476283910345
3.3807979433547724
3.0684036098174867
3.936042866786682
3.112390588044368
3.931447140199951
2.783988053865866
4.1082838548482
2.2477755946110163
4.241606204070718
2.998375534438613
3.528865305702478
3.6645843370134368
3.8866395034225056
3.155079535720601
2.0434622272131904
3.429309636174542
3.063777880322521
2.7894080181838663
3.1714124613051675
3.338526785741991
4.276833798464422
2.4077955166571545
3.5088058990019455
3.533745292053032
1.725146479028505
3.997863001279573
3.4788475007090174
3.8908561867863756
3.252155937787195
4.02708441378731
3.58685661363442
3.6323744400991824
4.184018190676114
3.186817184118723
2.3003505055619713
1.6905262386399948
2.808252151736251
1.5262080834324052
3.932344735721054
2.994028684300537
3.5577807026014834
3.155605811672386
3.7517254698628903
2.1162867072706075
1.892894476824525
3.63851488948225
3.7514314819523435
3.4122953356168266
3.528395281399669
2.9423536259668635
2.5833359968404657
2.933197491687726
3.4334578130247544
3.1386824490577996
3.4468568625413982
2.840323206906754
2.8634460328108013
4.529796074950254
3.9561732460091146
4.206800187629999
2.6039649317901814
3.998167466426969
3.442536801805563
2.0277652387513423
2.263322115310689
2.6773196128182413
3.4002848328332274
2.876283650892144
2.5980218935271484
3.6036813591395
4.48881806070323
2.866377677569862
2.755441289600637
3.31939560541938
1.4801088008959973
2.9776246433489084
1.8101864293672885
3.956923866725386
3.7180826586083544
3.0466242253952487
3.5456848793679883
4.232162534484559
2.4529235890419674
2.3770539636102543
2.8851662335893224
2.3467139242220774
3.6675059401577363
2.4122884535880025
2.3694592625828226
3.029727389442438
3.8552805379658976
2.878240972370443
4.351403651188521
3.101513338250848
3.122405477326675
2.8465745713263004
3.0659813133882174
3.215932095989445
4.837470570263002
3.5309649374854577
3.046947307383286
3.331102771944797
3.078994659363029
2.7492311559847225
3.278850218879909
2.7758751656226077
3.3359747652715366
2.8280025721038817
3.376173301141455
1.5529006693609861
3.5116219813263507
4.607427981279057
3.6682385754357516
2.735761797597403
4.329946425233945
3.224713138250302
3.294552521530553
3.269133002431106
3.918842207592012
4.818859686120082
3.7568772931971535
2.4000383575850353
2.519026769139137
4.172373238231811
3.19127007634212
2.357472594359525
3.894541186535402
3.6750812849980803
4.022645989613035
3.195316411497053
3.878798492492495
3.845030959540154
3.5960266838842934
2.9975371115381324
2.9129723282015028
4.041217733540948
3.6702589185082575
3.500793514816595
4.025292376041532
3.8775312662209003
2.852023197098461
3.1992316104266263
2.8958034048013057
2.8495157076639024
3.033006960657995
2.772361210095833
3.6386908146172225
2.649306085785214
2.6686844164816783
3.0841814314645073
4.681174240725124
2.6207426310147364
1.7513609754052852
1.0594550924027015
3.007640127355615
3.2075344994709165
3.536612358986836
3.587815601726592
3.3570649673595367
2.5514805830138356
3.764630517839447
3.9101868829879307
2.213276177164711
1.3217481660167416
2.3649313082238446
3.4584117701756254
2.7241713036407
3.8287887190984926
2.004524436390349
3.544524226581403
2.8743495417095075
4.139939331719591
3.7761234641550043
3.707372870185972
3.3588749566163867
3.377338501178302
3.113904832280766
2.1681865856113904
3.613942287451157
2.832071641233252
2.892761598078257
3.0347049164338418
3.272735100922103
3.494006934496573
3.5740381434868245
2.4207982427584387
3.277471200820787
1.9757559912701617
2.9173715543306495
3.471949600308404
1.2123143388109379
4.929378428874954
4.0773239548917655
3.778287496527503
3.5869082717343397
3.19504174693342
3.4528240259464638
3.782211768957099
3.1395784907682374
2.8558175800475545
2.8355744294641623
0.9232821759401211
4.049507315038132
2.7147176262899806
2.370303902427087
4.0859554145830135
2.7709623296728965
4.031306885742805
4.053394459257759
2.8516450231019443
1.5876474518552885
3.028524046832156
3.7172077374146366
0.8245453223548571
2.397649843254501
1.8433191126057258
2.351831371520284
3.6112239980244665
1.6120458584673816
3.8627704455273255
2.61914481132434
1.6051914131542322
2.09983635437802
3.485861762938474
3.042516798719635
2.384426516390877
0.9292043182813501
3.5916880477321236
3.5820217777149925
3.5968503293302034
0.9251816618476425
0.10197127255141686
4.257516357865428
3.8034416832026334
4.160642671229829
3.473065766983272
2.1493614018347302
0.0016053796684580637
2.2004014699575465
2.094122696571462
4.4304910949672465
3.316688574608323
2.164498896033783
2.468158753813564
3.579653100185327
0.3165970339968042
2.2149113144267574
2.3844421002275573
4.104446659351544
1.4466651352528914
1.7215745269960976
3.728834438222716
2.059401635999555
3.6510613933711666
0.5312375712921562
0.2923800400201331
4.455433830918277
1.8190995945338855
4.173706531221323
0.5435396377958313
2.691216173544501
2.7484982105911144
3.4003557489895706
2.747774458269039
0.8171809880939761
2.9274582092347408
4.3267625083925525
3.3252173581367317
3.446084991273007
2.8470117560475683
2.942157460723145
2.389273228497685
3.201793630417605
1.752322830003211
0.8078442529765466
4.137000037192485
4.087840013320433
3.6463545846927614
2.7498961781562614
3.530900374116946
1.6582669774478653
1.6273418587065354
2.74252559250875
4.171234910613585
3.950948555621913
1.6591260500633218
3.681625284870754
2.732185983879196
2.811985204296073
2.897460814106909
2.2741780054435243
1.9624707423261605
4.548685932632439
3.1073487968528806
4.273437041766676
3.346129880051633
2.4787244244806157
1.706150774864587
2.494199146560582
0.7968997444534355
1.3969271531762522
2.0174025498426826
3.999684433688946
2.0854821982251206
2.64360562513274
2.394374846951288
2.1922226818290937
2.6454426486167164
3.522540663791244
2.3715932255484766
4.322135520327349
1.8496247410629103
3.183983230366545
3.6197771534263596
3.3954676104549875
2.960213950849916
3.206554881324364
1.8549968885274424
1.456757325785474
2.9548775816581974
1.8163318610804668
2.7911339430460402
3.825027173139132
2.5431486112027817
0.29650943572765837
3.7236070375070263
3.376861934241052
0.25885137489985405
0.47321104612753945
4.174843421448922
3.3317534143121263
3.695837093006559
4.294291397104609
3.6544993156403547
0.6856925336858554
3.6732482810345766
2.2718971128212404
3.5834825272053163
2.62779962471135
4.535764318795617
1.6602467423461167
2.2418285693440194
3.4888771593431236
2.1001677500416625
4.080811515368918
3.667597548633947
3.48560127641415
4.006333053131442
1.310959076253178
1.752864156010557
3.0430325814443875
2.6786790083677503
1.9638021237065806
1.9516917494258565
2.171322285250786
2.013443728599488
1.2552333578823933
3.8977573027006422
2.1278886688052157
3.4832179944322585
-0.39451256730009715
0.8524080386995129
3.269830789514704
4.124287443985139
0.9124345642833648
3.557986487957809
3.038625877935982
1.4428944406929582
0.3275416759106344
1.846670382477426
3.98851305670613
0.895615519439088
2.9980495569376413
3.5917328308662806
2.877656776822746
2.106374352442624
4.112778912783666
1.087523727011739
0.44282865326132853
3.954310976716469
2.1695416187936467
4.404118773714752
2.417942103551032
1.782712520569816
3.3060453473627356
2.050235800447999
1.986431016209212
2.035965577531882
1.893910028741722
2.6945658538586463
2.955647529893738
2.91983626042357
1.3595701975999785
2.79531110356788
2.2325413263358973
4.195082874041967
3.507780456479728
3.5907472082595167
3.2420211276311415
0.22511438058593522
3.334978965190706
1.4927209584950212
3.295461630360584
3.4706526640335027
4.039869037971654
4.338112247536675
3.591372499465976
2.6730314214358937
1.071202325986136
3.8783605636013476
4.287763451122209
2.47906764500852
1.935468875738824
3.1801724045746287
2.387624111620085
3.2866351099151045
2.9905591626911696
2.587329502780067
1.3305905771423299
2.8307942854551347
1.6177586496815561
4.61225976108889
1.3270173214697742
0.9848692930815264
0.5838643806801289
4.317059689128201
4.414269699231172
4.1427417765829775
4.7901578388552695
2.7333627226967794
4.499196290048926
4.54899043486721
3.8488956814015034
3.8463321652437963
3.347808645843799
1.8391509389903045
2.7877480372926757
3.365266451817713
2.9495069058791086
1.7417523185683954
1.4483215226523432
2.9257771962773607
0.3514516084452464
2.113834110554531
3.971965291763022
2.653923664332621
1.769258441215915
2.791653276180042
1.2565691386380387
1.970986495642787
0.9803825380893989
1.8423312831693168
2.3477095807000814
1.5799418457677923
0.4873233962758879
1.9834903587992716
0.9192605754414823
0.6814287641516933
2.2437609519166304
