3.6306320297305055
4.219845553689354
4.458014704067405
4.461894164529512
2.5759353928748885
2.4091972572325977
4.124969630818134
2.9473136422506263
3.1670768646764573
2.1609090777183786
2.1609090777183786
4.901162096707669
0.8666972177754237
3.478705695987295
2.6609708790482705
1.9287214547530462
3.743721949533861
3.716478240648345
3.1807682988787995
1.5264309431205474
2.4475942090393064
0.605972917931596
4.405241710212838
4.620357388603234
2.2281364582393346
3.5009576881221003
1.963155190707064
3.2632952957625205
1.0928723770543725
3.7185758616774063
2.52344762661928
3.671713260427329
1.6863914498768091
3.934640146174723
3.086422420317735
0.2940222832549013
0.6091422656812862
2.3805347705110886
3.6168344305357065
0.9725810728647408
3.0427605743770716
3.6692894875708255
3.846593189918674
0.6270493206715928
1.709775319317571
0.8010149158022104
0.4492904486952307
0.950751229576988
4.352636696653002
1.8875993061635477
0.583987972393011
2.6393002054367773
0.6559676765158917
0.422001520542282
1.9699964338360711
0.04831533301798974
4.187354511828576
0.9948379102849794
2.6855019891594445
1.9040478748090592
5.298659259446751
0.06604874264708904
3.425998301771238
0.9844960514913543
3.2088760606572526
0.5937187146526339
-0.15922248790805416
3.1332048361627622
-0.10117718235048567
2.482078063910248
2.663689126781313
4.307859776032014
0.7910763161637719
3.122024147691124
1.6150463612871286
-0.03814280817967575
0.4968791484083406
-0.0019064235010519681
3.6416765214123696
3.0307278992318976
0.016463194022866112
0.7571659836450157
1.1000384879771437
1.0661745699141365
1.0216673580480427
2.171133459434576
3.363338475913811
4.404755310626613
3.557592816573786
3.01320127547178
0.8676983571050672
4.285145355925272
1.0363285210335436
3.75798245329534
1.4082262158437393
1.3428109700164788
3.00449101407059
3.4710674213833874
3.0238776512038816
2.2290919165753857
0.09654683662264762
0.8542756817888764
3.0102278446848922
2.8786099158305953
2.6114744010956272
2.027020198409274
-0.22385819177346367
1.9887245797713335
1.366996691509411
2.51704677745437
2.235566739705236
3.07483864140299
3.1441304985790106
2.912979566418132
0.07709333615708314
-0.001237549065874255
4.045723736084488
0.7140001116707628
-0.09925917856373712
0.5519170712545227
1.3574642841935587
0.41086184612035037
1.089836317543198
0.6422883495731222
0.16885821304042192
5.065188805257704
1.29600493888608
3.303152510782698
4.892105321415988
4.092852291646886
3.913758240097514
3.103714451285197
3.6033860094686867
3.4715115354314108
2.9433873930353833
4.029834954798411
4.890778510038001
2.98527507743127
1.6829651575765414
4.345178932715014
4.892172784527406
4.04508235081984
2.6744284197915835
3.519965472521373
1.891696817706877
2.1593944341309603
3.636649709034436
3.438452472890832
2.2357628415772153
0.7242243913342978
3.1218012702348634
2.92875301708363
3.746583509917758
3.4869525155718124
3.0937216630677193
3.924623604662653
0.48618612376521586
1.1398357728707813
3.8416147497182003
1.105840941306755
4.930902515916762
3.3072196873518003
1.124085052447767
3.5655259438128155
4.038684336074281
3.862419702681853
3.2066397244736473
3.910211734179387
4.302539272965999
2.918624278946605
2.7402118257396983
1.0457451246451095
3.587717332476159
3.4775771183186537
3.4892583381072297
3.3923544805890087
3.536487318616003
3.493351438086881
0.4255427887336056
0.05906385213185761
0.05906385213185761
2.5046598928282435
2.929707706903036
1.0127204834819912
2.4714406233740824
-0.12165658938788848
-0.03283835479777597
0.8380096157293986
1.2755349753544225
0.3094450094741239
3.084848525043232
3.3878220063648667
2.883457487513307
3.168923541912707
3.1852816214752337
3.273769469921473
2.823535668252454
0.494781699367846
0.07752564852479704
2.3013328373974797
0.58096127744379
0.904683633340297
1.3330852753494407
0.440734635736729
0.2535271749724819
1.1941821463439366
3.6974573060432228
0.029502566382622497
3.2518427350389274
1.132541246425622
0.4633643807269303
1.1445743887031403
0.757657903490716
2.173587030586984
2.297352787150081
1.2724375638444707
1.8098695491103927
2.4355866259836185
3.4510582434130157
1.1730651979433597
0.438948783906544
0.13948424577928176
0.39175614530037084
2.028129064135503
-0.05249705725813225
-0.04993673639356633
2.4282019435150044
1.8815992476373227
0.20245484750368536
0.7057399912673565
-0.15044553755532686
-0.008696572160832083
2.851246550249244
2.0581937584009307
1.767622047455088
2.0560778677700107
0.039875657625176864
0.16913629331688718
0.1102703370685214
-0.28896908669750854
1.7916222908852424
-0.18725123370693364
0.053251750516192686
0.039777518403728784
2.6792706977544984
0.3115819357398584
2.6130189652622446
1.9732067562791036
0.22333286160397048
0.1878912480070154
3.105347027628601
4.230268271251567
2.237369066619263
3.8538626426867095
1.4324560622356666
3.7499602739918485
1.749141915033591
3.4357156097693577
2.7491091767226044
0.0693911901920794
4.339482672116375
2.939156360759468
2.7306131944310534
4.459532391417048
3.0472829860638866
2.259543296321402
1.7250181785505214
3.5203457996292506
1.9154910427011433
4.6149526246051815
3.4996052785393132
1.8189607694354164
0.7072803892997372
3.905066759408098
4.44599346145031
4.886474350593032
0.5842045960713618
0.13982849634739392
3.9773519663890218
2.053780641984841
1.0272529026842951
2.0195583230572423
3.1139790441152515
3.037329873338278
2.970713029973699
4.0442266002012435
2.590858827190046
3.335736464802178
4.281845591084825
1.469322639643539
3.975915683034674
1.188306916607993
2.520363773329038
4.484283158611134
0.12319671597797477
0.9941800946486721
1.6479764018472407
3.580916560742021
3.2771285567261144
3.545164497064948
5.077897186279038
3.1282421515809133
3.248011550666381
4.3185823813760456
0.7587015539713322
2.873370798483169
3.857276685518685
2.6403918893032676
3.903702225405751
2.673545563598796
2.8247224458246825
0.8585723863000512
2.760900877937149
3.347000110505528
2.622111762198098
3.916668310937572
3.304614650248241
3.8722979733750487
0.0019944208918447615
0.08648584159718009
3.8069311807018247
2.077353096143363
3.8080598295707633
2.103793933541911
3.679589198721227
0.6561681197820226
3.8258571619116504
3.1732252479911685
3.1428153259729212
3.5051630958137263
4.882134326002365
3.3799228705067215
4.393122357579912
4.131928465719018
2.886902821622674
1.1278097881621987
4.08005948736635
3.706328840683736
1.071012519415226
1.1464978769672003
3.4583932256653505
4.49212286645316
4.169440990674071
1.0896784970824394
2.0226906579893607
1.4243919408392722
3.1053568372849325
1.2325686296515679
1.99163787137429
0.5147730436956328
2.34890587156666
3.9337455984973912
2.528427707939902
3.8274208837958685
2.7841414497181765
0.375542416005179
0.8867498478880664
4.361821803564886
0.4017367493816488
3.1259425206013303
4.176398563629539
3.735541080696974
2.748820435302605
3.5222038358730297
3.728791366346166
0.6376220088260682
2.597151910908364
2.8656350998858198
3.355743394290151
4.43383966862281
3.207078063693193
4.511549230556725
0.6923514432045303
2.804368283245606
1.8512140767192777
3.9915479444874578
2.321429416870383
0.2865318394601575
2.856061389453707
2.2090455361112946
3.8043327111121474
3.655177648198796
2.781821118804767
1.3688946640150528
3.437511489393004
2.988229736775934
4.409772447503795
1.5327272070191755
2.8648517461791787
1.437603401498495
3.6666229179364676
1.8632932337440415
0.5185270424640303
1.6443303053826765
3.4204804694687194
0.681526667728888
1.07986422142839
4.952291380235896
2.5192043112328486
2.0382571742294706
2.0025840257644036
0.9232723154468276
1.9842929628647754
2.5994523767210476
3.851263299158483
3.5254450074515296
0.5824305150685882
2.5103157886788514
3.2228566167698824
2.110250436843473
3.1754702269156896
4.275429947220618
2.5384415615213323
4.372045184095326
0.23166352057265183
1.9450432831698379
0.1101703373844094
4.438523480188398
3.1871057498102413
3.648668742207982
4.017638715513216
1.291206122237777
4.27126811170949
1.6915300525629444
3.016134097396602
1.4439348746963274
0.2138553399868277
4.94815727530627
2.7594661681420147
2.201564520869809
1.0116775392539124
4.8871584393185055
0.4788430132639663
2.9809416673051876
1.1580330468386313
3.2766246137004496
2.1827839616812774
4.885075215915958
2.985687899618452
3.674170061706964
3.33451445533127
2.955403190687413
0.1391934076172321
2.468268568801176
2.435340280710359
0.16251521756303244
1.7896556328594135
2.5180488258319818
0.5789088650596179
1.7083730455883144
3.4719541521610857
3.9880445877047688
0.8910095112919967
0.21457809518145776
4.645676032600371
2.3825428609077433
1.8654413265600924
4.011327008167874
0.4566492352716507
3.34164537006855
1.1840182931495375
0.6109644811268868
0.329726884618478
2.8169741905599848
3.4325234837810177
3.526464880066623
2.1690014883000375
4.118431838949031
4.165022304400139
0.8294668860461512
2.673585458701722
1.7705840319572115
3.1490026183593125
4.355135288893793
1.929628171890248
2.822071766300305
0.9200956107129725
0.8532523505893339
3.5831650289266843
0.7599718069515768
3.18907874774243
2.7605352686777964
2.5045063947567714
-0.07255712375673529
3.7351508433983227
1.4762114453764754
2.865407895621108
3.8746083311711317
3.1402666434526667
4.860155923721
3.552049360468126
4.059190375530487
3.1386410566317178
3.1742218799413786
1.9673425370245665
3.4088195162862363
0.5856751201801442
2.512688418295739
1.4419318727765456
4.363320413699581
2.903319097338901
3.418232702329612
1.337631777228645
3.714354933750216
1.7821342565389449
4.080040768389329
2.697258556296748
2.0873592299304553
3.065685268747554
0.0455573726238887
1.1899027763598982
2.770401645245486
3.413562818467848
1.1599573352364425
2.8709539369217136
1.1062700977380802
1.8139396366226999
2.5544756769148016
1.4189644304375522
3.3592640364713056
0.5803482427912554
2.907902880920667
4.114375092599585
1.851835987150639
2.2940468701426164
2.4190462855047183
2.7291885035750445
1.0289532293924593
3.0444724538869616
1.446200572133642
0.7545693346546001
0.908681148058549
1.3078559193663866
1.9663904744813605
0.9746202372325135
0.2806136005840134
2.4690943437905153
2.4092779427144198
0.9287963230745904
2.51422214246921
3.811693089759255
1.7681573666234032
3.461010345573343
4.370591260642462
3.9210286317401595
4.426633474374589
0.5007232421415209
2.373026466026861
2.9280106079820394
3.726249163603213
3.1385151916617415
2.698956808773157
3.3252090471451305
3.189847439177332
1.9852440952623844
3.5720021761206935
3.51178986280555
1.8168793559212197
4.494093164711507
2.4653345399225923
4.4681236511470175
1.6235624519401481
1.9989308112275248
1.30640716127344
2.0084032622039425
1.964599291004423
4.206467555024742
3.848117856554116
0.7570048614615628
3.0503199825183076
2.679559200418134
2.476990095016368
0.7111772991452776
3.249173182513089
3.8980727351435602
3.4856541230448714
4.101103641959164
2.844518688354264
3.123970383333188
1.557461184838691
1.8255262273413093
3.085139365040936
1.8572763667696055
2.479784230826967
1.8542897106561123
3.21256077172979
1.3122213900113326
4.451837745249346
1.2418177386285798
1.617856934169704
2.263086163090369
3.130944849989185
3.7535117213921767
2.358256956623163
1.4135335215320106
3.865814834748095
4.245531690170853
0.4055373813143044
2.578477367939067
4.524292647316646
3.4014018036672278
1.0152736125964958
3.378153989933608
2.8754570299563165
2.022004553961076
2.7451142125711527
2.4534120855555734
1.489318470954042
3.9653853182637713
4.061692856617601
4.903374998156184
3.450591428776109
2.537408806615672
2.5183616169857004
4.017627989984997
3.6687434671841936
2.952600559108892
0.790596117619006
2.7287995076822034
3.894933978008213
1.493223216505588
3.130423495130743
0.9411517849300344
4.893299966892528
2.2785518268752556
3.878230950671255
2.1957071253614115
1.5126946641756236
2.9627159150249254
1.3081480067237594
3.484339020132441
4.47133012087698
3.9222808608668958
3.464962923266767
3.013299393103149
2.896250417324355
3.275273341902711
3.363758421191953
3.328965570289488
3.5883433895054697
2.0387083091953393
3.1017735762608734
3.119017969768815
1.5217878206578819
3.495502853864144
4.055274181514087
4.368227756025771
3.7204183531841784
3.9939776210755245
2.5054001155860135
1.949137314843445
4.5402841629038395
1.9359188812432473
1.8376298103742368
1.8730139629942117
3.7637363066037217
3.522118867885979
3.0773982762606655
2.9183176276106257
1.27253215460384
1.8342869206928052
2.402220890448354
2.129579137597327
2.8943606561597504
4.839269527156801
1.5425109381095856
3.6207184467202467
3.613214525000644
4.1457916462758755
1.9770763718228404
3.719496411392136
3.9312485356745457
2.9296891349357894
4.924410345080355
3.8225298567315567
1.0026788570593324
2.633749503470077
3.7769715551188705
3.2291861700783153
1.4786502826008414
3.0059744192073365
3.0300031364598032
2.8921258338569995
1.0568117431310373
1.7036707104672049
2.715061685036365
1.3754138914853655
2.882337196563565
2.231498388890432
3.8509116246867245
3.296135943435325
3.338946004771281
4.852692922660804
2.9626415582224137
2.5112645338584008
2.6035838162965366
2.8829215505362624
3.5002124727576476
0.8670246177192009
3.7734132847542874
1.9867409402454888
3.2963811822209985
3.644366373289402
4.371364321804265
3.687831338195031
1.0159412556893654
2.7995188397155664
2.663441918819573
3.8107743990123177
3.4164809288707234
4.125950125406701
1.670798551155385
2.2627333375406984
2.6740946773618157
3.3909160312244717
2.7829066817960966
3.74118808816252
3.9856790984769557
3.1988811815893374
3.8638545296915856
4.51633939323921
2.593120527238896
3.6750185680763625
2.183464602258539
3.763951113641883
2.7787659606707162
2.9756248308077513
3.840337131387212
3.697927102744086
3.179087833449806
2.4547759558643785
2.2222967843578294
4.32443262204899
0.25006645313861586
4.223865183247054
4.138280578739329
3.232120044857756
4.912790026727595
1.656155751668856
3.8424894929233258
4.761365185513845
2.350973004585832
2.9324910030969953
3.444103165098289
4.264319847731131
1.2931727905518242
2.7602754252973627
1.9917817662857695
3.5748101922422153
1.5908360140802795
2.9337475759472307
1.5904890912807366
3.4476642524559145
3.174152110473055
2.135710310053965
3.361167568321605
4.106857142100512
2.56750477757192
3.365252044616457
3.97259922934008
4.213112064639078
2.8403093926717906
2.856367797180182
3.8653532704297984
4.129702371970142
3.6060499586678967
3.680491331446383
2.9836456963937925
3.667287839219008
1.0330325845236645
2.2271037269913156
3.054137847320928
3.2883429323585824
4.303151372099653
4.633354867487829
3.05525435876518
2.7836799005250645
2.9195687648326087
3.7734355672654827
3.277744663418871
3.533516711326512
2.8330299771761993
3.811111825190621
4.111044525746094
1.6899319765548588
2.116634293535996
1.772173222459032
4.330195673380157
3.814930101297615
3.9172912862358746
3.4080029242416545
4.133313038357542
2.6608715439011963
2.156079183516245
3.8799163315369194
2.601043483603241
2.3827394683951644
3.8696753935359665
3.140607331937608
2.0032008271029857
3.1943213000056163
2.5176477761480873
1.8930218716836897
2.6427325692021926
3.7811346604803626
2.810380470534586
3.0554982593777194
3.0622876507441754
3.5011315104642193
3.293421376390456
2.4277634999835485
2.4838129682562062
0.8648096842572999
1.2909413522557092
1.2123178944463868
1.4700265261370102
1.7292813725221317
3.2197731317812623
2.8792179688610675
2.2470478755306997
2.142747150838761
4.243176293344401
2.406654911442792
2.7522460058273284
2.9343024068964425
3.9739985516797125
2.2769014997319825
1.3519182761190836
2.664911560131473
3.8797355918818592
3.6106415223065627
1.7062917874173271
3.2736097913544713
2.331043555897475
3.475786439493482
3.1732569523797496
4.857273497856928
2.608138744323191
3.156464345740546
2.681152298896544
3.48928784534274
4.118978565008776
0.9955382120574754
2.4778900978463483
4.13215070917673
3.066995107884863
3.779985950707628
2.956371820028287
2.357199747348818
3.7820249340277945
3.9172803802765133
2.4445305760502523
4.309751528595478
4.118789603300217
3.790278669490947
2.2147092879910266
2.8815481867625268
1.7005774649956757
4.319536507618987
3.370756937884372
1.3273230632051094
4.804926204331496
3.405970040168568
1.5030546535307776
2.1237036669937552
3.3753933589950638
3.40619937345863
2.344985574465328
2.506972227054269
1.3126055442318014
3.391684974747979
2.931459232968426
2.804177182078069
3.034179814845655
1.1775722946326157
4.113683648364414
2.477725266929565
3.6499587949624797
1.6518032848579178
1.4035724217364427
3.8774605338202237
3.6990910252841323
2.903600908768312
3.6677710914185804
2.015104903046578
3.579016691469402
2.63435016351404
3.4762650160518414
3.2318048479734065
2.534727876286065
4.49948985353693
3.7214369800195497
1.8492195585153217
3.744361777523099
3.4421780869011576
4.0154967481085775
3.3897815072698156
2.5976859053768093
2.6071069389009898
2.8381913794961955
3.9127800275428353
4.340887361074011
2.739575242529365
4.0582451438600415
4.449195602127499
2.592157274754703
2.619149136350635
3.5245592563500816
3.340519168022797
2.4399619519214477
2.5403808650019135
2.7823934859663764
2.4469821412652832
2.2132483700604118
3.678583035381135
4.116155323787398
3.0638207372039608
3.319551958867554
3.4858713087837137
3.4941490038140364
3.441570616557992
2.9782445275922855
4.02517009387348
3.217889348874192
4.003585021352111
2.666309569273003
4.046574643751264
2.507865888459375
3.9496725857230492
2.978299013412804
3.6917857446190974
3.6774063943180932
4.300386287974744
3.2791183233531305
2.1776391076786146
3.3086784464877557
3.3886952320067705
2.6106725359942304
3.0494747585145
3.3382954469851187
4.458281276719478
2.696765062296209
3.347734287471547
3.5624682950782587
1.671116532349422
4.067784304554505
3.2401438440128336
4.073920827307373
3.1136184004766028
3.8298629569276885
3.50667790895801
3.4891945951459276
3.9935459118053194
3.0778102057016783
2.350038145326038
1.5925568571584874
2.644663576382638
1.481083747782134
3.968597457664373
2.9820455624377766
3.6714309346994343
3.184887317058693
3.7654839052262554
2.402168056739833
2.0540617634254135
3.4925843785134854
3.6421947862578294
3.4026828340070496
3.5040846602866926
2.874620827446356
2.3870861974588644
2.9263422467408615
3.3640271702825926
3.0728238835312824
3.3949084536065994
2.9927363551933324
2.9438768531217567
4.553791569634076
3.990176324051215
4.3716085676858025
2.548768845700761
3.8951689637527815
3.3351908649582027
1.9595893291838236
2.063960227676005
2.6763581947700894
3.388767465294257
3.050317143655529
2.491027136389101
3.7815759106437747
4.45458218690209
2.8235627490553012
2.7884753255289274
3.1772422031764203
1.5906061909392575
2.9301315200337212
1.8213438565421187
3.7755058356040196
3.675603120714306
3.064569324687313
3.2221505455683355
3.991231328746424
2.462682551255736
2.395131671495869
2.8820719190721453
2.3039307774202813
3.7165970472030834
2.4017705783344274
2.20376453407511
3.0245272049859073
3.542756465323831
2.8074526870585723
4.248695139959573
2.6678082182860967
2.9560634528659486
3.022989795744384
3.2624488345964044
3.130853843219101
4.98477257396875
3.543881880514193
3.0704488299851205
3.2084592358575774
3.096254630265274
2.762509074499266
3.41261623003244
2.911410448781216
3.3184086786716014
2.983170205766169
3.1601565136651635
1.538357946762189
3.797472087901194
4.757609535315528
3.8622493468466343
2.312883549564833
4.286387205446571
3.4660592955172467
3.244399174936322
2.9781380876706356
3.913070149766196
4.998316596391403
3.701137716626314
2.2990921601608063
2.4327353150590847
3.5332456897895694
3.1209381732999217
2.615205301582983
4.098658499179483
3.52587709589172
4.0923468957381655
3.168935261727891
3.7409662770333094
3.8522857943882354
3.8869836176075
2.885214083052987
2.8672515592176984
3.760460017410403
3.5882103321963337
3.0248321017468855
3.9272566501461332
3.8121297609140656
2.7961918708416347
3.1188963439247273
2.7545950564912536
2.823592484140822
3.106552272798843
3.036787783702178
3.6208878235357886
2.4396842993024306
2.410621466147721
3.143251298680787
4.9592203896798885
2.7647591255414623
1.7892538854334417
1.3290794774429022
2.7509252326148284
3.3979431943539504
3.8051392675583946
3.7182114472868255
3.517306437158136
2.5744457159667826
4.1211875096987365
3.9280961376764347
2.013804314751858
1.6840331040343868
1.8111494381922997
3.5980056379468186
2.165519601526154
3.7436189957348676
1.8553923665127092
3.280982093162338
2.863196510616347
4.172983614314207
3.8192803429901687
3.8460804714844086
3.323529465564076
3.202433853785263
3.309374912982615
2.458981715931457
3.3185189578804684
2.57410926145936
2.865170859395163
2.933713480858615
3.089680674316452
3.697215365610943
3.5537214311236314
2.127963473958707
3.3331691318283427
1.4242487239857997
2.831615141265977
3.469448786206729
1.197348245641467
4.98121814439026
4.121925816011468
3.6200010881945106
3.599977646361359
3.066552996165318
3.5738613880632952
4.035355066683731
3.0095512128536273
2.682816579150761
2.763245428639972
0.9027649624990692
3.951830513003176
2.7473369205567133
2.287571570322803
4.079364523086725
2.414770791786215
4.095085653810341
4.255012659913211
2.7044275852882214
1.4592300692157822
3.0809630230936085
3.8028012611232063
0.40958943221338817
2.5366807049700784
2.113473049060235
2.3688741783849343
3.5747202844431074
1.7201895543925074
4.182286841370144
2.446303997370939
1.0167877438679271
2.243461594244363
3.3996817837111974
3.2211855909495535
2.349689687344145
0.7921827215551742
3.6679763908487013
3.632784721581623
3.940774591929972
1.3349276496110898
-0.046530778720792476
4.78686785979198
3.9751051921806004
4.11002544482474
3.66292806234111
1.7088742522922091
-0.010215305022996723
2.0917277398987286
2.147735065457092
4.316491498429266
3.4784006466532267
2.764458781534519
2.4853099600759174
3.3566344433831086
0.6540022258521683
2.0557630671068514
2.158835732734363
4.145854428441845
1.0658028627938814
2.0798202873824208
3.428413790301545
2.1896337057220334
4.2205132046283795
0.7044590616115203
0.1384645393420909
4.522164732906572
1.5080317915575892
4.19461838638226
0.444178341008576
2.5536607898759724
2.757677820142029
3.4994014387854415
2.7212077526979135
0.671982526759801
3.1410454170181614
4.557267640361981
3.349321611236266
3.3150987417624487
2.803550053708725
2.849241724612603
2.4220754350827534
3.239811849359527
1.3217371254070782
1.0932638592311106
4.195232574352601
4.451835023542299
3.6788940465123607
2.944251393326364
3.558762028506048
1.4484122114000764
1.3925654861402306
2.7231768851851106
4.511519973454399
3.9276947738013472
1.6501692584478151
3.6181746877917247
2.530257875678017
2.6910057906469786
2.5129325516651972
1.7363558869601965
2.007424322694276
4.549425611186637
3.0653779129359338
4.297368509288186
3.4356091407564735
2.738805955776967
2.0730090150806815
2.238429015798574
0.8106225047774691
1.626296415620616
2.023985491391703
4.048511465001631
1.9213325614774943
2.8131521361464973
2.550486183355809
2.446034816458565
2.8832451726634014
3.664984686817432
2.4047990381738478
4.415800671355
1.8060546930640493
2.894599571473056
3.5500779064118673
3.7291515413492844
2.903977168015742
3.21258885378134
1.712216809350184
1.8428193149859586
2.7673177047267368
1.9695754892269806
3.270190316516083
3.882603949844797
2.556837068604609
-0.032270043147399896
4.13454306860197
3.614419322197084
0.61207138011543
0.4965778162828718
4.467040949538235
3.5065833493515433
3.876528379143612
4.425263026054746
3.6729125491010004
0.6924349451186904
3.741287828295442
1.9890981754933863
3.7900235818591606
2.6052831742335743
4.985607274975716
1.6550177269462614
1.9924871685269379
3.51168721054212
1.8180856442782423
4.049515985234087
3.7107679218999676
3.7275936795817275
3.5910110044894656
1.4599801607637337
1.5813302144202988
3.3088134475525193
3.0524821300607483
1.9555164159485008
1.9876666234104983
2.0955236997461553
1.465807524306177
1.0837676939185785
3.9179138952075876
1.5780506017848266
3.4422232299255873
0.00972952636652824
0.9754205858800349
3.3166147545294953
4.262088894928339
0.8628895445519484
3.4800034337148036
2.9800735562697875
1.809404940180955
-0.02817535932247761
1.8704892940578501
4.025056616335061
1.1784963106208624
2.9319250653732167
3.7539864063783925
2.7354910941450514
2.1445061488415407
4.054240058359373
0.8157467848351354
0.3460198476632721
4.127530247028665
1.9154486545416018
4.519887106965287
2.800982900433154
1.9974363176323182
3.400918843893879
1.7964037143728708
2.073638747178916
2.068569150457024
1.6991238397852149
2.763702824894154
2.6646183601749582
3.040400734744072
1.2170137124728813
2.6929625960353016
2.1775392967083453
4.337653693137832
4.506731753395406
3.557373481442087
3.280061822610752
0.5108895175815489
3.7718996084929097
1.271288250765367
3.5580897942930756
3.503344569445475
4.608563875612382
4.542140570531122
3.713223695353963
2.7059545181592837
1.222871562796704
4.261184666621122
4.377825229283736
2.32772432387688
1.7634762501494636
3.5675278050717845
2.2944365786358434
2.919503482729465
2.8496809798818754
2.4192529068846236
1.2774039137520061
2.4449520936588316
1.623293010240853
4.637004333418434
1.6961946292730739
1.154411880345136
0.3007940943607865
4.339867452460774
4.103164040029548
4.107427902929818
5.007626436754816
2.561400401856841
4.679812814370648
4.7690235901784215
3.865968783980665
4.126759097626366
3.8331072553669427
1.607136274388007
3.012174710630993
3.8935742027877653
3.004514821083789
1.7314920750407756
1.3915153337268054
2.9271303134020785
0.5679577766409851
2.0814093240702443
4.492348122782931
2.8554304257883976
1.2363217578236823
2.5578158789514527
1.1357952300987995
1.7692268399315791
0.5856186473289897
1.5835134108156455
2.153091418320506
1.4709999287063598
0.9022668213311809
1.7593068836044266
1.2218120495989107
0.6944627868610587
2.1011030634439356
