3.652002776589558
4.2366542103197915
4.355426221853961
3.7857142469586265
2.1917155100815786
2.5386822485607747
4.024552947701803
2.6229999203027874
2.659406557366235
2.3136868525577516
2.115884172454824
4.8143108237573635
0.9658206341460314
3.2442934803199246
2.232576102839137
2.3424137704650345
3.588582987242717
3.5489769001893525
3.6707444851966664
2.139411697441077
2.454171162239937
1.1574503295471135
4.307127213799035
3.7746877576125217
2.1258211345070976
3.51297048696124
2.4949588236371145
3.7417738510332366
1.2305978870939382
3.485020747783864
2.069121577670957
3.3026315671543234
1.5233176602785932
3.661208541530887
3.1610804827325
1.1127206304631443
0.7364738572385943
2.081442676310649
3.310863989340995
1.0370565151930982
2.2293127118180416
3.574705016270825
3.5525208263211936
0.6243953486283151
1.848685336203842
1.1006209102766342
0.9036570770019381
1.290222685932062
3.3729033524187755
0.8558594698349838
0.6348467960855101
1.87921034255879
0.8104304909625035
0.6686258277079309
2.720700663003389
-0.19399900552918892
3.9689037480405895
1.207301119980167
2.348860448403903
2.1023667071023655
4.820818449347618
-0.25423285694004955
2.8669480493189554
0.8563068200998037
3.1910733786683876
1.308047115797065
0.42928133024743353
2.41362093406007
0.04011977972477622
2.5145936408005682
2.1475580293982253
3.695122587524202
0.38001594123329585
2.7652047967465507
1.7706329072429083
0.2277282621333067
1.0787888173374471
-0.058500672777072896
3.4005260429186364
2.682029717319802
0.05711736292757286
0.7289714954219104
0.9854475112342643
1.086455968136836
1.3521816128050659
2.0365700459934972
2.5915820744916607
3.728430482483707
3.231200254012385
2.888258206667207
0.28058325192150196
3.924950532659897
0.620120658576001
3.7386412055578053
1.7434479697628427
1.5722730995001006
2.5437893142349925
3.3224417760102494
3.0552283431494494
1.5261318225550742
-0.057701161981537144
1.4568096788925553
2.5269506905649037
3.2452954213043173
2.3861578019246106
1.5083419604588713
0.07548161563336563
1.0247515891201158
1.6072185278800126
2.078971049081397
1.6386302125746415
2.629514791458979
2.1093806113715896
2.683298553028081
-0.39025440826639096
-0.3600035989551336
3.571455416392984
0.8217248211143605
-0.08675137228059308
0.8060958187821825
1.0894267905167112
0.3847505105906779
1.3852605831638174
1.8931428276847964
0.4544830842445037
4.520795161412179
0.9087255424128399
3.0279431691143937
4.6110919593916915
4.026380125668191
3.6787718873662594
2.7891266159252432
3.7130546028932794
3.677996468987588
2.9882961658493166
3.8233881480002654
4.83918396775579
2.8432440312395264
2.3194546756632617
4.0837231607245945
4.670684804880162
4.213607417658807
2.2808493953984548
3.2359743948282444
2.253586747897819
2.4125657306457877
3.910905307180563
3.437317044140257
2.6090916579847905
1.1244512202826908
2.613694904777336
2.7156947740773556
3.5571223735589768
3.227653613607773
2.953990951692313
3.000652681507433
0.6954826776226846
1.228465213889617
3.8960528890156536
1.003614820141843
4.692698522765676
3.3183665118957735
0.8593973963107384
3.309061368624229
4.116651767716054
3.8023045737845567
2.8633155556497565
3.3273834853592787
3.9743329373658987
2.682405518676022
2.5423085529247644
0.6521769133720866
3.3925687955928643
3.436431804339845
3.3464883923308375
3.401378189691218
3.0225199990649974
3.7339369701078264
1.258757284940752
0.15164545263887153
0.15609242173283355
2.633426326917514
3.338059511150434
1.009896766790816
1.6273254415979241
0.06297251504431454
-0.20870178662661687
0.7364766691778685
1.2639799730017385
1.0752822804051054
3.216863777994487
3.0840151424380675
2.6906158739477246
2.8100793771743424
2.7378445044686215
2.8053736379524534
2.7059892066023714
0.9574989126502831
0.5203677945841417
1.7713423233789025
1.1311874930873929
1.151030208437648
1.7476778011533107
0.7082607059232644
0.7273276848999132
1.3676138918408927
3.6878361675660325
-0.16525121286176114
2.486842687823795
0.8765153658938323
0.8499197294746283
1.2450340431845248
0.867935077450435
2.3808487415635367
1.81349590469622
0.8809399802088052
2.382512747228781
2.6038144505775542
2.9845037177704765
1.4833019107750407
0.6928086531452429
-0.14983572405879858
0.46274339085774996
1.260686851496494
0.21363286459450243
0.47722724414325135
1.8532044031359494
1.2841781052590189
-0.042219833151528455
0.20501975546916934
-0.2889171189674359
-0.18035961699385306
2.359144728766396
1.8334019244150332
2.4994061485230348
2.920322712210553
-0.16417864594433673
-0.29117048328509376
0.09095578962608027
0.3151881302126328
1.9992931265055396
-0.14472079158381368
0.03765558767706033
0.0649632804322439
2.131054611825259
0.5171146792921029
2.3220596284452895
1.4847595770241901
0.5419767136505923
0.2963589561796286
3.082161776146695
3.9067990378396935
2.049395311488761
3.3082342476679125
0.9248094802040207
3.3655868277391416
1.6990235605717514
3.3937762605690316
2.6794475812539513
-0.17907159935139905
4.1801502153689665
2.5207652845913073
2.8045457922019668
4.356701712109073
3.291620420395802
2.3931965099158723
1.592416997479993
3.433299607350347
2.028497404225101
4.51579860950331
3.46859449213023
2.9730703865951615
0.8687788638760819
3.555819994476934
4.341542869043857
4.618270182489005
0.9731053482719672
0.2522301700115667
3.5182551931506167
2.448224229758854
1.1167440138894718
1.6472574906623332
2.869567490468968
3.361320730315787
3.05026070333385
4.0049973372105
2.861039361263238
3.738336903332378
4.0574801703558725
1.3882602470625098
3.9502149660003565
1.9891482823021724
2.8747797619430284
3.9658711912230245
0.30723850507513534
1.5862176897581537
2.3973701243344583
3.3423385871285824
3.1515089389984206
3.132372458008885
4.927036650443803
2.8881924364076124
3.414490685126889
4.426853713576323
0.6826058596123091
2.950211255924259
3.801833513018276
2.024361613708516
3.671977376368876
3.095237425167006
3.0425025869399067
0.5978281620623705
3.1454096438636974
3.205925654991888
3.1755040946796456
3.973902214476594
3.2745378407281067
3.789797244011799
-0.08822685389347927
0.19992333403804413
3.9500414759337787
2.7505731101926374
3.7468294784240572
1.9420979122059152
3.8397381279587726
0.38960808951980164
3.4995992699799685
3.0849180141871613
2.520030582546864
3.1084713190718074
4.140294963749222
3.4812087156509013
4.2086781564246465
3.795497526353912
3.446120772060772
1.5022292827298473
3.716369932849841
3.8644125088709775
1.2875473232023713
1.3826993617171364
3.417358452143994
4.413775683564438
4.081534257387879
1.0487619140140594
2.6159987766236354
1.1245242472925843
3.217074936477284
1.1834585883755897
1.4295366709406134
0.3746759916529854
1.8437586551608676
3.542969172627015
2.579918413793583
3.568616232710631
2.8419739713121817
0.4596841468089387
1.252050348275624
3.8586365257363875
0.21447288917326018
3.1849008974301865
4.070580412788845
3.575494074531825
2.256431928327251
2.989017859235275
3.6886634584146023
0.32729800665196146
2.745537093107616
3.3184787739297996
3.2777615442197354
4.32176299529131
3.2660535743912877
3.626875315244521
0.6738108967497057
3.536864746358229
2.4449168553503924
3.678788744854016
2.586517130372664
0.3411585987645848
2.8375682312323858
1.7638526226046047
3.529556250826754
3.7466583626876115
3.342427294011893
1.7774215620688405
3.3477564740617236
3.3087840711979446
4.107840009400751
1.9477685421990092
2.802413990174451
1.3715922420693492
3.4393581677450027
1.8282650442404116
0.867774690538092
2.029689864740134
3.461894998222701
0.8406120514625773
1.2435200276199083
4.681916295917047
2.9242665477249354
2.222104483637844
2.3179261354948824
1.269507489147238
2.0754611906128226
2.761430023903739
3.928923253133687
3.5265211462909547
0.6252317001615371
2.4748845830891493
2.8550790157227595
2.206903668476819
3.2040453720444786
4.437229252126836
2.652827986943634
4.2912747685068
0.6294916000538786
2.4475606856375696
0.35254976617265577
3.909678937026015
3.3534531929258136
3.514472380215008
3.1325549624415823
1.7039040803634813
4.025935774605108
2.0450506399408805
3.3685073202075175
2.0548110946726212
0.006027987971399543
4.689156336021898
2.5923022699275218
2.4454582875370017
1.43061942094999
4.19472028136497
1.3478297848331524
2.8372919331250714
1.1153288346155232
3.54283278820787
2.779597108899047
4.6340959313164
3.026807786802511
3.2282936909778197
3.2104062772933157
2.430751755181016
-0.25216451393586903
1.8163770483608674
2.478129143610925
0.381896071979542
1.7642969134200492
2.764831867616411
0.629315423421031
1.7131854766648673
3.4419285830093473
3.730208650114279
0.6790717916674
0.2852790027991899
4.351353115743541
2.7978922503439843
1.8460636142748459
3.544550124144856
0.722726922644726
3.624958704026626
1.6555324585158364
-0.146198155349898
-0.0992946271066681
3.0704864806251586
3.3633377823630846
3.2974628643438213
2.2415556858515013
3.8619690690705077
3.7370025659418453
0.6725168841894816
2.320864732330272
1.6440141708236053
3.3031532454026657
4.133469062500219
1.9722605473801742
2.95101378398063
0.7823893534715285
0.7338904541740162
3.6860281136405475
0.747594865450395
3.3950186887923115
3.019381769502998
2.6258324536930515
0.17872891458178197
3.4421462801569556
1.2931843758551258
2.511498184636985
3.650261664919026
2.8018323793346718
4.455874684599486
3.384458389762212
4.0201467563898605
3.12299801257902
2.771540731378573
0.9152620055258618
3.514719812804661
0.2958079452348104
2.9212519991916372
1.2063086743978741
4.06174267703447
2.911558467724302
3.1247805146702725
1.8926039624464654
3.3730832514257942
1.520302261863423
3.8313921336580363
2.5091646532634857
2.180196290042659
3.10310433129681
0.07943528319739772
1.4852182272371912
1.6505914834991917
3.2482101535836034
1.3515336821193271
3.1270971652837667
1.363642573615501
1.5758600385950956
2.7101883186987465
1.9023461109425326
2.640565651713097
0.05614245453723886
2.903757705093635
4.02913576162485
1.9105236816962974
3.3387875970169225
2.6572399425915543
3.017198487844025
1.3946807402681225
3.3033715610716237
0.7648672986526796
1.0562690148531537
0.42251003617383137
0.7893834893967994
1.7113078017953771
1.0973923788213598
-0.20346993866648178
2.7973654671063026
2.2926960932222076
0.5426178824396116
2.2727805445331897
3.4208363931498798
1.3749502836246492
3.3202906059301878
3.479803185169285
3.6247923041308794
4.08776366421879
0.5545053621209046
2.439574855786854
3.094682214533399
3.780325075647282
3.3518829698342407
3.223669068866178
3.0938012642539547
3.1513032067068734
2.1394970836671097
3.554242110782312
2.9179374850720023
1.6975680457845845
3.942923990608544
2.6791776359108543
3.869948168812389
1.727825161669358
2.1542263428144888
1.2528590113071882
1.823769766892636
1.944819896744531
4.012431549479646
3.7033068758288166
0.5282382282948431
2.754279553043454
3.049676455502501
2.6868222365435313
1.4955727208759022
3.0250018880084615
3.7670578120201386
2.640339841138059
4.1728626159867215
2.902848447395902
2.9581202557034048
1.4736070229255438
1.348714197240324
3.2554488288217263
1.7963102191345204
2.3460731170841527
1.3792995258702672
2.880168959972051
1.6531482206229207
3.9000167701964625
1.2436056207462
1.0243409360084526
2.2307982872819596
2.875357134672497
3.4805382041261663
2.8394208567833155
1.5671271909312356
3.5657911667017657
3.865096805244318
0.0826755634890514
2.612057783329182
4.315094130283207
3.0744491312569298
1.1947240586597372
3.4991460398084167
2.8593776350030713
2.2065735472625456
2.424519008641049
2.016766940118621
2.002171541722322
4.126539102554554
4.061105340718508
4.1185946859664995
3.5338561606048473
2.6958166295818757
1.8836649753342036
3.8459851200567416
3.439485380279646
2.5783420392574183
0.7011819490477801
2.4658981477663127
3.8136033750610325
1.7525241428258607
2.6277513487962785
1.2895541215810762
4.088757221452818
2.1386706426062543
3.7666711726639215
2.587706471189426
2.100336657590115
2.6060655477288592
1.4777714801028523
2.319898769008842
4.418620394814417
3.7621306544955835
3.2893246285919067
2.9439663277664576
2.913355052915407
3.080198389348511
3.282483686734322
2.986494475246939
3.020478439193037
1.7392958761080513
3.0578555003264296
2.8284146548820908
1.0355754301650293
2.9503996728891453
4.171691370416788
3.483519529024806
3.4834164429818006
3.7733017206025585
1.664534170401462
2.9767517447542136
3.6105446334344085
1.3295739055566314
1.6400687426487242
2.1581398478141773
3.860588336281823
3.709107272682741
2.901923103257755
2.896675141781994
0.9832580146317618
2.2726297728676377
2.162280370687209
2.8871444303733083
2.82522659274026
4.16368187018905
1.6639390402697813
3.5922928423550746
3.7525130273729523
4.054970095286437
2.1679320306898506
3.3571227859249206
3.9466967559982726
3.0311019238786208
4.49599898504411
3.8905207352304787
2.42118193506636
2.896336808045637
3.5642534214042523
2.6190706571585705
2.3369498320856534
2.844833949838708
2.941582531238647
2.8065529879210818
0.9492255079827283
1.6010024049663718
2.3588834008784314
1.0174449371069014
2.606767974955755
1.7779819905907412
3.8969977411620396
3.717552946862079
3.6235725192830874
4.262286693828164
3.107178371244433
2.7088237963589274
2.637847201608736
2.72085292363045
3.1117376267441634
1.597905382686015
3.464748759097898
2.3656243520322584
3.109729447947252
3.6837631271996085
4.392914918531321
3.653078913413939
0.6205610175518166
2.7308151781813095
2.524497459864938
3.5446316731961187
3.0256606291994617
3.966632906282802
1.7361550731196114
2.5145852646705555
2.755873294244315
2.694916976911704
2.5833619997265553
3.4938050814975328
3.881617864568078
3.382110222030697
4.1394459897790075
3.809856536967876
2.8340374218175857
3.1027071099054018
2.2749646206336074
3.7902807070861746
2.788550686612217
3.025045867688141
4.093112689446085
3.694768523198093
3.093748936482801
2.065025605811151
1.430985705046032
3.754683548132161
1.3221071611397515
3.5557361243978813
3.596445975376461
3.296046902574672
4.5205076388719405
1.709090987954078
3.6598526019529936
4.382312690092425
2.7496950393112436
3.120394312923124
3.1944692043122886
3.5784916356602143
1.6897453045279889
2.2822211039488294
2.355579686502715
3.564050423853872
1.6040836929474267
3.108249569286483
2.0940204643957596
3.396125064702652
2.9499319588114368
0.9467204248360614
3.3272526128293998
3.867830872438443
2.5226633110804397
2.947855681307264
3.515797814578671
3.9725320716687604
2.922459816901138
2.7600979335987614
3.159533925951534
3.724482232578067
3.311587146252458
3.281491161881718
3.1396892694199585
3.944779011066054
0.9494895546580162
2.4493551460539043
3.290002959717522
3.1727371864187313
4.48914422801154
4.3463286299620405
3.0790361158942203
1.9483847426967402
2.768228415114524
3.5112349765780846
3.1535141162702973
3.612805984868377
2.582143002055606
4.035735845538641
4.147339610369578
1.1368684097752781
2.3106508012752727
2.407425416211535
3.9806499134165954
4.052625571619349
3.7199634429680186
2.748162513842759
4.089065674625299
2.4272059601144362
2.789414898014291
3.8192411859092124
2.608643015084162
2.033738434590925
3.575860351815727
3.1327724911721986
1.4501486585382137
3.074504029331179
2.2587959485713553
2.406602480058321
2.558942699616441
3.811274579784551
2.5277798531173326
3.05164316533603
2.661632891600186
3.188334049898732
2.780961165951026
2.324241744266949
2.1545511849188514
1.7401282302947398
1.2198698114414994
0.8632127562913716
2.6660552372752186
2.4565466159301437
2.7774281341983755
2.368316644965097
3.0045351642495386
2.16615486062411
3.2925763748561407
1.034167004571026
2.633155999961717
2.8239197284045696
3.698006611095877
3.0528136625011983
1.6601018306970883
2.475118729173382
3.8276484381878517
3.3846927236949553
1.0583038484788783
3.3665220427575036
2.245045756526392
3.552478912162296
3.3003531632550316
4.158559695578689
2.6352351262436833
3.0076786907877078
2.728101081385105
3.3332028941518534
3.7845583913899836
0.7632655668590477
2.872674050864687
4.005586339424902
3.4232772664289572
3.4429522538309585
2.510163267366798
2.3746201889273437
3.836474435173012
3.745213723838029
3.2366751514571335
4.342072750983691
3.9459250394010232
3.725699353665521
2.334891869492551
2.87071233766736
1.3844203469582643
3.6831322884620055
3.38916849841533
1.34875408226333
4.2200695150881105
3.3718668729867285
2.0848912150460426
2.80743291117973
3.0718948098235677
3.693939771139529
2.2959162575674124
2.896264081603172
1.2295599744859858
2.868300031677423
2.688169061914112
2.640788312270247
3.198143332284077
1.669116406074694
3.3115915535173968
2.61108938444438
3.7214858023586586
0.9382202839482918
0.7640624325141487
3.828917866524922
3.822860504564255
3.0649371113374673
3.518127631704415
2.1066135379582325
3.4849472930914813
2.546010749581384
3.321310541147597
3.548553478941581
2.616951984547896
4.178420730276795
3.77896347775145
1.7786160712573738
3.7089673069993183
3.7008723399372943
3.9246172606123997
3.3600072529975873
2.4037487057318465
2.480285659811367
2.6572394081386292
3.6452263878893967
4.236994868025967
2.9739079635604693
4.007798672461868
4.428959525445565
2.6594928307279395
2.336332318302902
3.5053622865052296
3.139147513635543
2.421012894386293
2.3542167151613698
3.239844069808985
2.643224380010012
2.1640411767996164
3.2626069285259303
4.219588136980304
2.9340812941126813
3.218130338357582
3.607018596275851
3.927743684256012
3.457366186022974
3.0189206153015955
3.9278360306085705
2.8262009962111523
3.744324278029309
2.7724898777244458
4.30193222294733
2.033774635269328
4.1730013220360505
3.196877860381344
3.4136232515465443
3.6716123983209643
4.220331673109444
3.1455118399928854
2.1668682672713926
3.449977635390041
3.525862884282851
2.877636307158944
2.926167152046031
3.3167179204238875
4.126015571036618
1.9149997371917258
3.605182840056261
3.6152420064402744
1.9167276487968183
3.6917713346565866
3.3251950531048364
4.052363167307889
3.5851916137910007
4.2410807540161635
3.5790012635103854
3.4231331860566594
4.257236196695303
3.7497823228587515
1.961247822001016
1.792753178980892
2.8674708795351598
1.4396355111983687
4.092491044860909
2.9449728548675416
3.744628998347861
3.451931860813193
3.342075178740942
2.5043126592512603
1.997399606241124
3.691027498530596
3.8460722267843463
3.058979102032297
3.2963165343284695
2.851844486789482
2.6292358978727073
2.5200233003509704
3.3921190768018907
3.0372411814640756
3.331001625325714
2.4722144080089756
3.1033674889936287
4.701077529896291
3.7507350061335134
4.1836530804459375
2.719938184816353
3.5872953477607226
3.535805286653186
2.424615176815357
2.2943712966682943
2.71390424870082
3.140621199394079
2.8591001569107255
2.602960426648995
3.459004141286546
4.515602262360115
2.70051853056604
2.861095833351032
3.194432727074362
1.5232149142065454
2.898549819654816
2.0609135700022283
3.869707377644495
3.824863582839185
2.7130280594213834
3.221910111494035
4.202145069846318
2.6689192588482284
2.2837359882840613
3.28230663428853
2.16970465047959
3.722034109166194
2.7108266856690943
1.9678686287884726
3.0083074216697727
3.696536254141193
2.3985027697984624
4.348131147250341
2.877053791446764
3.369540138075756
3.234843196165803
3.315586546128101
3.296177909473378
4.759178322120114
3.289330735531693
2.9614091039142916
3.1048251646166967
2.721898802406011
2.4063233228973364
3.478561019708746
2.7065484964276583
3.1757152517200047
2.5902800927454472
3.4259354632577166
1.762416599238766
4.075601197636935
4.607402568107558
3.429951034779823
2.9362464423034536
4.154579649562124
2.5295314184251994
3.4180626649134775
3.2795070971555664
3.9762463184349235
4.6191798016227725
3.905664815532778
1.6189781386110342
2.1899510075764113
3.7185494475194267
3.383422806676506
2.25353621459776
3.930055510943688
3.4326468122002347
4.005602799664603
3.3488299006966167
3.6822440850246303
3.6903235169477155
3.573785072884569
2.7365261452845764
2.884069573093277
3.7344148413205027
3.533848870699541
3.225428673635221
4.332171526847695
3.9771933074110666
3.0058778963968753
3.0999362980007015
3.10127263726373
2.9175853601779154
2.770129270617779
2.7301938213216435
3.529301831461899
2.542583371163887
2.9911520756395906
3.040322426125917
4.551931551376407
2.7639510474899867
1.8407067036371716
1.471994640040286
2.930719720510897
3.2546317405164715
3.6806235385880526
3.661980619534673
3.214896419971015
2.6876944096076847
4.023983391235443
3.799914559506729
2.1603909518587128
1.55081961022564
2.737254175714861
3.513441951480945
2.485860816160615
4.18026060074717
2.5052062551023875
3.764555574050698
2.6421812296686857
4.167202156199963
3.709361924170124
3.5865343110810373
3.5421419672975545
3.4211242327800515
2.9098863958297003
2.3301652362053002
3.637385275640669
3.108830577038719
2.442345947240633
2.6585708678912163
3.3945217456041616
3.335802592204454
3.564879906663022
2.6885124624835277
3.0982867126969036
2.1215087412293117
2.9966840085225614
3.3731290088055697
1.3106293439275478
4.360983024292328
4.349652325962135
3.7891099696373134
3.6791258682249515
3.095766299203866
3.3315623907533833
4.0775254525481435
3.195260085676951
2.7382594283081523
2.4669461422361985
1.1678441617227389
3.9094663293517757
2.733482177377192
1.8071942115270216
4.191351657191133
2.2783451454197636
4.024458401042881
3.9615844573194794
2.1304241670310833
1.8070081160792086
3.019365276526813
3.9278815821293
1.3744816360457968
2.3000122124942712
1.8780212878999132
1.3782828345051459
3.281491418492181
1.6592035158247613
3.8111786475915266
2.898263988008643
1.689959241734965
2.0621373477885485
3.59272083095157
3.3551030852315424
2.4537208309200422
0.880171666873438
3.2297028162272325
3.516465954135736
3.598065195683519
0.8174945314944222
0.2105939036640025
4.1027860858078675
3.888416339855777
3.9246901411618498
3.4642619508213213
2.279836123251103
0.4368638103501272
2.043842574679196
1.827718348883134
3.5951667462076276
3.263281849183382
2.4003509493313846
2.6456735657318857
3.591869249359945
0.42023389336492845
2.268596852533989
2.706975139778685
3.8097101049477575
1.5746477863531383
1.884318268147495
3.6450939489060494
2.0082637801776837
3.819129092478405
0.5659205043131412
0.37207085869864326
4.2816867152467095
1.7305643619386797
4.1976903323416295
1.1391253544310649
2.8467771711939154
2.844837965194157
2.940468769805367
2.663070863191671
0.49567434122396975
3.183392922923614
4.599685220978737
3.3856446191163836
3.7962942236553574
2.7138574354878835
3.0504078846881524
2.367663351056845
3.0227655698321887
1.8258968155835351
1.0072759216474358
4.16580191325933
4.562930742929433
3.9489956411078198
2.684860031154479
3.689918960243738
1.636919190332546
1.801194100068928
2.567143599074946
4.77477761947709
3.7320248409031826
0.9131867770795922
3.532254163307907
2.8259914433425317
2.2773428902650674
2.769812078165431
2.3845299333648957
1.759791301880937
4.575147740442039
2.8303788238863947
4.16162426863327
3.3046114560283706
2.141803256352763
2.4305022324938412
2.4328782957537007
1.2813799209964727
0.9635280920001641
2.0377341499502357
4.128470048905392
2.2262242120033737
2.597651148603842
2.2308084117542006
2.384517066184569
2.864193864970705
3.165985393982066
2.4540256673247423
4.016812001190753
2.0205915798873435
3.356689868722004
3.656602134926004
3.926710670654289
3.021739562469924
3.2655221179392773
1.624769194282755
1.001252557092564
2.8492357540025384
1.5293050405915247
3.432676862191204
3.7645498638851023
2.956195980163066
0.6363855047219157
3.579831248238001
3.3708783140168928
1.0519063417038408
1.097337134215263
4.4644799123604155
3.4368771233197415
3.64473824870549
4.3568362264507385
3.6312606793181965
0.911101894271501
3.558611027374671
2.5531034682085765
3.6247948048814678
2.1865364658506397
4.93587377512418
2.1232165670686816
2.200402224030529
3.5711305881555364
2.2451962180803573
4.1029738295418205
3.6515635146442684
3.549846447101031
3.8962436146106127
1.6245631906799425
1.7267392157691432
3.2673907355885006
2.286577925588922
2.4015067098122924
1.858220877116433
2.2533769135598103
1.5779237663340007
1.233893584986395
3.895495585220345
2.5197969022191065
3.2368181584716953
0.1829846600529239
1.2097195005237402
3.2670261804528145
4.069866544960865
0.7111275478765997
3.357311455252243
2.9116017896949216
1.0631861224854688
0.4155689754055668
1.8251679675254975
4.442822531533875
0.5295770391325707
3.3658000971101836
3.728212447407362
2.426345235339618
2.8630016077492577
4.303403755910098
1.1352720438452935
0.4712003106405126
4.0378808492242015
1.88715387764121
4.02990605094666
2.8423713978356697
1.6970784120599456
3.214460563950177
2.53038203505144
2.2063660637663562
2.205725564747882
1.833940922051905
2.5329636476645443
3.477201203269839
2.8842841388945337
0.8310088486375258
3.063874754723093
1.8368464449041444
4.447453245281982
3.5429006941994303
3.6190003040916165
3.050818652732604
0.78118206408445
3.4638725214762838
0.9303052064438667
3.181183854995764
3.5531887319819186
4.37381277470107
4.463913816798559
3.411384509417656
2.6095130735840892
0.9586274726521083
3.929501466379213
4.546791485310445
2.288475224265152
1.4866945390207325
3.1248628354680643
2.4526343254797554
3.3406799056630185
3.2913255268327553
2.502791890963528
1.1418338442319556
2.900586539635295
1.4614717051506674
4.715105592863244
1.612485468803936
0.938034006965524
0.06560630937749862
4.130937605502898
3.957444584712592
3.968850884020402
4.757275344098646
3.1712616625286363
4.36856888525865
4.612963179165063
3.897217555484134
3.364878834104068
3.4936983722269983
1.801460772514904
2.6725687408276486
3.747428576812449
2.9417626569571307
1.6428386098696484
1.822215892288976
3.259303226486389
0.4115493190135396
2.1633917958136686
4.318942113155602
2.4081013835159664
1.514679294606671
3.2476633951807012
1.1888020364621452
2.0164671515408514
1.419340728069683
2.2927065626722025
2.6282759107059124
1.6914020064763449
1.4815068351800185
1.8397326253447557
1.5306743806638934
0.604852615892502
2.018105885370748
