3.5645511200951807
4.1067295714739025
4.159259764549553
3.780855881718614
2.3912986480145504
2.38682375896152
4.0490939006297655
2.241356298033282
2.438936473144122
2.3185956664103125
2.3524422421717968
4.749946950734879
0.879788476994678
3.442796824108025
2.3663869271684255
2.1976609052197613
3.5495940403813613
3.6110839936161225
3.633931838720103
2.481522365394653
2.450188566190613
1.2957486270609009
4.162294248200506
3.70412499939728
2.5775657061981674
3.432332633502381
2.8506549334610964
3.649280884920273
1.094468066455205
3.4104750455482002
2.258406056694246
3.3741187763527143
1.3686547367901056
3.7894641524298853
2.9343964219142524
1.0621132303630616
0.9593811278157311
2.0927228304046332
3.2660353527828745
1.0063578572029406
2.2283978662747894
3.5763106348479172
3.736501546978019
0.919294225791991
1.7967370883157092
0.7003157331566356
1.1245033955429098
1.3813683972485327
3.5183377614832225
1.8199762342328303
1.2798207831343191
1.9502104043978787
1.053657665502753
0.8450210537928808
3.131460121883833
0.11922040614110449
4.104344785974596
1.1560394111366092
2.368485945737146
1.8992094695235648
4.67375932352326
0.04734973077368837
3.1394669558937176
1.0205298011180217
3.2795141253405746
1.443993878872706
0.6121004057753643
2.23240765337498
0.18990685112731515
2.585159546097505
2.1300704881899692
3.9008598434296573
0.6411612768636532
2.6702487544364053
2.342371382372841
0.42893646773165384
0.85950814359977
0.11062837442187173
3.318994050511998
2.806704181608466
0.0
1.4192175348751577
1.2221684266438557
0.8274097784771814
1.368662542068554
2.119324890770638
2.6428168768263145
4.0497619990056375
2.975668828454527
2.8229195083415792
0.7456381602244982
3.9644474803658407
0.6181581579898571
3.6684229537177435
2.2303039404189424
2.023030878103528
2.955591350876116
3.5193707664815106
3.2296070433629893
1.6735381267016285
0.1721611603428189
2.2123140894782725
2.8728594061456447
3.575562804081172
2.585724904922521
1.8292300890604645
0.18156575444698547
1.0967116351518365
1.0251652494550734
2.042605288215609
2.1669569338349484
2.797217320145653
2.5234437477535963
2.5872385904362165
0.0
0.0
3.6836775943277638
0.9331462760731797
0.2085545332879412
1.0278939857324254
1.0862769004804538
0.5015773787954629
1.6310560147303559
1.5766358488383818
0.6942737201522473
4.768190537451083
0.9356269269360715
2.9057575054249147
4.640053213576835
4.008928839990417
3.585355821633327
2.7761910031827726
3.2983184524322917
3.6366015427042258
2.683935766201871
3.795475336593599
4.694747447486868
2.774870208123553
2.3074133821130864
4.192174689606418
4.604276260644621
4.048689814751132
2.2828180896319084
3.0547354612308277
2.2030289633393507
2.59293182918801
3.824194309686199
3.331822155113409
2.5217743204946284
1.0457719812893373
2.66209187672325
2.58629166693026
3.8454876942919136
3.4307329424134543
2.946071892997591
2.955689563437249
0.5447152048164069
1.0724834559411816
3.8508131377383927
1.021678814543181
4.69573264321447
3.342112673861852
1.0618356062004188
3.4950879560705523
4.023609658857622
3.3861635571876283
2.847880364994747
3.363214401186517
3.970003831947773
2.9293170870871297
2.4079494311710765
0.976832794747414
3.505131656073817
3.3432453370397055
3.34501183303654
3.4631124965996607
3.1616884129448204
3.7514220396052482
1.1311889419152898
0.525480955506277
0.5347879490509836
2.59333035360724
3.4130848055517893
1.0455486003936898
1.8932127739138007
0.13836612555433003
0.0
0.6906507555609357
1.1318600163577037
0.9729836843129966
3.1246011075284748
3.1613169300617936
2.6224738986783738
2.914116988712681
2.707543692990773
2.9124728374515465
2.719203138636285
0.9361010610037923
0.37305883990239236
1.613910785887945
1.0394843452132583
0.5808727123325101
1.7824964972534278
0.7492837949081119
0.5785484311644228
1.4237187568500262
3.5056257031167073
0.03166380510582628
2.6181347196787303
1.565239303683468
1.1863465733218694
1.1823012988619446
0.9058490715581302
1.8152981598045002
1.9878032985273353
1.1561667141358258
2.360098985840115
2.0818349357114045
2.989743500058114
1.3894047174801936
0.7269775239520673
0.0
0.5824878292664605
1.5361433558821402
0.2320466556994089
0.1742211548932729
2.0253374346676694
1.589951139147031
0.5308122214939927
0.6093426361283226
0.0
0.3302355449797753
2.4616579724635548
2.081298849965389
2.22051953085738
2.9019215291500196
0.0936696644460942
0.2426709705865568
0.40027498543240475
0.14660936843776512
1.9297443907191714
0.0
0.28450800668582027
0.3443597441464858
2.093087881937866
0.6463781575416836
2.3510309937787226
1.3072779232456202
0.3975585676438183
0.36186395168103436
2.95070972708069
3.9919215656331852
2.2251488930639254
3.490333208562193
1.717125234571117
3.7996166402937748
1.518644264567681
3.460219308413203
2.6777514173444543
0.0
4.19102080676269
2.4733521529823355
2.6356128244436823
4.3300344801803385
3.154106698363223
2.4456202874202786
1.7183225774745488
3.3938150290960865
1.9995751912805737
4.329052852286404
3.360025236674422
2.8153802778710184
1.148861094177667
3.530715631766605
4.230100571316932
4.475622670492356
1.0800874997726475
0.30750617611294234
3.7773998773435613
2.2693995732122425
1.0064900564768318
1.9254044271112756
3.0274863878253475
3.241772165773762
2.9464295121783532
4.077952626405819
2.583625437753293
3.6670385119075743
4.048165143889529
1.5937243397765455
3.965823394486316
1.7638483524906743
2.9469918082226965
4.09043915834864
0.21485749144254912
1.6736154994689594
2.08081163660618
3.4454781446606493
3.2875407846390576
3.0186173412549113
5.0
2.9768081952162686
3.4326275438514404
4.33754325309901
1.3726083284704598
3.1389019328399113
3.8539808584323434
2.046933383641583
3.775287389621898
3.019564038288258
3.043257940423918
0.6935062761961501
3.160942880664688
3.3139544954766467
3.1451310826303205
3.6953805735108594
3.3240132811801235
3.6952342264028757
0.1381465163006844
0.2288521657590867
4.090477167045649
2.8210030002295565
3.7637523002415794
2.0565999780043454
3.8570558682833402
0.4345164147942169
3.6160575007007276
3.2194061045163207
2.593482610524437
3.4790152793834532
4.297160144430963
3.513843328849255
4.131121908840612
3.89624298041383
3.4293171033613996
1.122153493996697
3.822442175200425
3.641704733070487
1.61943864939188
1.556679030907707
3.1899944143165344
4.395816674103692
4.271852485993759
1.3818236497612875
2.444731004550381
0.8830750962173678
3.07047780079661
1.4248546705742886
1.7753595194274814
0.27784618307429926
1.9688197304604926
3.7816005515772217
2.546612734439453
3.6382069315634196
2.941519252955218
0.5243983816957609
0.9634274976760835
3.8623309737089855
0.4709156133084014
3.262412089237639
3.9962934451219096
3.5838759604727723
2.3388291937537056
3.017286584010715
3.5734119664691866
0.1921745953177169
2.8532258743516756
3.3443717826068813
3.2880504108461395
4.257235156878025
3.2898828353565177
3.5710191704819554
0.8255957393080413
3.4665170053473737
2.2809849119054046
3.7597943771115245
2.7757769425218166
0.5248678483768809
2.892034552872988
1.834716478099032
3.4645763969388668
3.691590006402177
3.3768590513728234
1.4748987822812785
3.4132385284979687
3.24754127470636
4.234577657666272
2.2909997136430365
2.873844303548531
1.6775745260300123
3.329644970601211
2.0316760626271106
0.9500489634576248
1.6285195725986188
3.4163515839914274
1.2260278609684656
1.441289278201224
4.641167605302651
3.0813954845817664
2.2006741918249864
2.2428534749972013
1.7610569645143206
2.188225036822651
2.6749905042635107
3.680803730546301
3.5412928105837485
0.6803781318530658
2.680978554238329
2.9957489308995164
2.3899457945163607
2.977550977567416
4.426349682307111
2.6080296639142473
4.233355165694685
0.7114242564939435
2.6806991710161103
0.6168970913869642
4.064206857134302
3.2840640296623116
3.455407467671502
3.1498798402945427
1.8755220655885498
4.08300437273073
1.7685575221174692
3.43525895219595
2.059006058300839
0.2237967366204649
4.579997433273339
2.8033870245433907
2.202102450845613
1.4586005545090448
4.368769430703092
0.8629342363696306
2.955554363252096
1.4658461000865541
3.5507507527395394
2.891413457149018
4.492366554040543
2.9573453901175104
3.1161057979543503
3.3409910367635853
2.629748591407429
0.0910571303541636
2.1844964327261174
2.669177758762406
0.2068896772310841
1.995342619230411
2.605454834510183
0.6447491803742535
1.976039918788076
3.352326930097285
3.61975556055338
0.9960556293673699
0.46027102954549287
4.455571859154412
2.7190763968107774
2.2396605023155933
3.5511547300638755
1.1211481973895991
3.4898460202335615
1.1090759495670337
0.43726740365134936
0.0
3.094392616645178
3.5144681646701823
3.410601434188677
2.2057962065055197
3.877654719948991
3.358918470662972
1.011581699113596
2.2014623264504958
1.6473468142217602
3.190765413431559
3.888421708768727
1.977873998801539
3.0056456520461707
0.8557970300217952
0.8187229559046133
3.7290948718597074
0.8342284031549655
3.4781555562845163
3.15653050930619
2.483262342153535
0.517026066581568
3.6626176516002085
1.513518684485248
2.4535364830885977
3.5999312242506836
2.845112635987254
4.407694590304464
3.6124339781709542
4.0960590601839915
2.929242922881868
2.8634558156563634
1.5790834617374707
3.3041560600228683
0.34138750665901896
2.8349523152331173
1.0520309853085226
4.009622106963386
3.3090054236200777
3.374536528980287
2.068477580189632
3.4574150787156834
2.0476807554056426
3.774300507402525
2.3708166041995153
2.441943882099542
2.972759982984396
0.5999132951709925
1.8149299166645623
2.0261600680489193
3.3566934140393987
1.4974774436223643
3.492729573110043
1.4020700692782686
1.7802069267987055
2.994703829745541
1.1150104894160378
2.6940414091063642
0.49931047020012836
3.061035880716656
4.037738878361433
2.0035829583538733
3.3865801852973223
2.5171591474539508
2.973078179055731
1.3040775705947971
3.2558874241600306
1.15138327334418
1.4462008586546253
0.7428674249362238
1.3805698174407106
1.6147350186187788
1.4437718962082977
0.21974579638091057
2.5158097699685174
2.61809255344121
0.838289657014685
2.416677500797123
3.3663282507441936
1.5530204697343415
3.3106180938130336
3.595565819797564
3.7190606372237043
4.140308321305181
0.6343967010552676
2.690981769626565
3.0806303126870622
3.7877770067322554
3.454547899577082
3.3038027035850854
2.7761452273646627
2.981615251358063
2.0699378154710812
3.5771203454682325
3.229959711530713
1.931348893246975
4.10658121704663
2.8232370975484335
3.939183538037394
1.907334776221357
1.9595610007501605
1.4982293474134298
1.918959702489991
2.045799112695901
4.018806354337878
3.7396571697729213
0.8538649687437674
2.5321898512715597
3.174824064848023
2.4781923534616825
1.6000266032509716
3.104068796283748
3.7033627357856522
3.0935935375089962
4.11344203199735
3.0986503280591613
2.8523957245077076
1.560365863756174
1.919716085238766
3.4648682940176965
2.138839170256421
2.360647994137989
1.4238915993097996
2.786844551881674
1.570660428850215
4.036320937678068
1.5145305853921966
1.1752191715449058
2.249707646908555
2.6631174158237823
3.6157872966930906
2.423874806111287
1.2684867548894068
3.5622819932968337
3.9673600163630653
0.38987908079640726
2.7685314654016286
4.416771888754212
3.522455279363875
1.2771538923005097
3.5879887870359264
2.8466203159589996
2.3592081162507776
2.430016648003987
2.2371550566819947
2.3202489058288664
3.9999285855905997
4.359229096297122
4.291761185836702
3.5120369627791024
2.7088249025070033
1.9558116161047554
3.8607885835835143
3.513220691713304
2.5990836920662765
0.9217719309629568
2.5322737994770943
3.693643874350779
1.6744697860075646
2.417947029863044
1.3233751173384294
4.221387409234595
2.3518833915143786
3.670063824119894
2.4581774851524782
1.9055529406546263
2.9963142500514284
0.8105491689797614
2.9725145434854596
4.371356075333123
3.9590690745326116
3.5856227037817145
3.3478240178082093
3.0054491823388503
3.271878061325399
3.5876543091495083
3.2682054245023977
2.913956006821927
2.224578970858655
3.324594497581823
3.127204231866637
1.5294189151314255
3.2892281335360405
4.205698561674181
3.240972550992474
3.7140114871953713
3.8818548535012503
2.054531801564429
2.7377515515470354
3.8862636335636713
1.5430815789473424
1.793556400312084
2.1275855106531445
3.811429455701448
3.828975020832261
3.225678490729401
2.904413588280722
1.174029850014671
2.314365857628179
2.5608619203234184
2.829675742305421
3.1722499289508823
4.307466516786981
2.444704110159519
3.7161965317015073
4.204540840274746
3.9457552458760317
2.293078374718151
3.6740590292317474
3.876141124092735
3.1508380910204465
4.4646567065032725
3.5417224802287723
2.316314075007245
3.032633492960164
3.518465602233791
2.9359158106310783
2.1958768319497928
3.1420933455695237
2.944086354835261
2.9937314634861574
1.3787925592902701
1.7435609538189687
2.652485345334058
1.449573443333507
2.8594593118301743
2.1714368974972014
3.8256108074769855
3.543653783260842
3.635886705735849
4.317836681495411
3.240252266012068
2.955611900566061
3.0205888396527683
2.8174203161694886
3.4450460799136513
1.0880844833558962
3.737998691943132
2.155225541119207
3.1126266578796313
3.739257353934181
4.234645583397618
3.798638220833739
1.242985847265214
2.7892960954653567
2.9219910700522993
3.77037987743675
3.1967327371535443
4.047515471705631
1.9298834709376245
2.7436664331793805
2.524715229856648
2.9672684153917173
2.8387293085754344
3.65070854589377
4.034740895924326
3.2349734038155655
4.2451990140604865
3.8570926489893136
2.9960896318702472
3.269132955607388
2.1779849546980516
3.866524357265829
2.6835705665302307
3.137634498709947
3.9034155064044516
3.903894746312272
3.2590256271907587
1.9563827952938673
1.9524185631058186
4.052469480020607
0.7799206902914452
3.8699681351093664
3.7782925239702982
3.5296237549971665
4.620900741635749
1.7980113631474959
3.671752114336396
4.139898445425973
2.8845349346043037
3.1408570886776674
3.3398242963714475
3.908217984874362
2.358292842551487
2.600686413426832
2.469374837422041
3.8366121565835596
1.693511011479466
2.9817531271149984
2.1206327724656386
3.614041072217547
2.8445065521676227
0.7689898545561317
3.3615731680064416
4.062273624696058
2.651098611177931
3.2322762223804054
3.4962592309136244
3.794166283113409
2.701096300861839
3.187438487118662
3.422606202910388
3.822903963553582
3.400153656447298
3.3974717894132116
3.271245308578007
3.9982046992011
1.2336287211752088
2.435060655709799
3.4721962974975873
3.291276917528598
4.36706927235585
4.354881213906912
3.343697497901225
2.5051195982792467
2.9781592602121356
3.854246634362952
3.2018436464316102
3.7886527761805544
2.8104869534954995
4.0100530801668235
3.9388517560234693
1.6976222940181727
2.3341378289958
2.687548732568504
4.005870954133595
4.125053912016661
3.8664137645907806
3.045320713528107
4.169065171730978
2.6269418830062934
2.9607972791840016
3.9140858506647294
2.6873461204180025
2.366144791951487
3.5883628331075013
3.499605259148528
1.5736667483846785
3.2887275618780487
2.580873067403928
2.4120833508038166
2.979841927089248
3.913759466147285
2.2913580412946897
3.2183004834373703
2.997298046305847
3.229176883128397
3.077166463085516
2.7560802068665486
2.647850970833833
0.7177275550767577
1.1782066581181594
1.3147231533582984
2.78582043899004
2.279690590463244
3.152836952459022
2.557634102551653
2.49614101369699
2.5744608392298263
3.517816265931179
1.9212021298945658
2.7016928643087907
2.984709044359728
3.7840032829741244
3.110075783104426
1.8499092119372185
2.593397898191472
3.623230032866825
3.5385195551848296
1.7307303563805685
3.384414621587727
2.4890488786862632
3.5781064165331973
3.2440313310068993
4.312307391693028
3.077508735452942
3.0532893275372315
2.6292864583008173
3.5898243936532683
3.9612756014433073
1.4086167395613973
2.4592218661917347
3.9553152056390037
3.2235383433058313
3.661422473218694
2.732014290562658
2.62393643406122
4.02422343520982
3.7778861624340916
3.1350712844497193
4.158977374520724
3.968850361821828
3.794296047080412
2.7812840209409444
3.130389606274155
1.5335805947708918
3.897886706417969
3.6415486929014715
1.119414395313642
4.393286725059198
3.7411040734311105
2.116512328572804
2.9085412911049593
3.469931001167072
3.727659477853722
2.6459086788587363
3.0480235045877473
1.2950487808856277
3.1290452798590467
2.912134221758609
2.9834801177304735
3.3833262376374855
1.7657797897614735
3.6334211462653103
2.485625354329231
3.6391991246364874
2.1650778947937557
1.2996976829989013
3.8115785552031287
3.6912326208571837
2.9576695436389673
3.650252415450313
2.1469971974852338
3.5005799653064864
2.595849577263029
3.6101087823931843
3.2462477785870156
2.7508739468640906
4.300658636856413
3.6482095209586527
1.7926943288301591
3.700996810752591
3.7070888624304907
4.006706993884769
3.28354709786018
2.0483038424740103
2.029416171408264
2.5505961883554034
3.619156987838906
4.431011981232855
2.808432353916136
3.989163850035805
4.32788683568697
2.78844998078349
2.314783938505217
3.1970633375039608
3.3958243056487145
2.1780994965782887
2.361704320806015
3.470234533274638
2.791691877751519
2.5891830530886186
3.46303092615332
4.526492541608304
2.8377251495501734
3.445891538964968
3.466937938597069
3.659626259155635
3.5216534062037295
3.082574840516184
3.78091099851234
3.1863660833126515
3.5809510707408
2.9692917894660584
4.022430047764742
1.8254347208286155
3.990656407013308
2.8731202699691734
3.5413214412835456
3.654756558256127
3.639373204244478
3.1346998264083967
2.373507145459471
3.5253567642076016
3.4077352444720304
2.90082470671189
3.076284162048473
3.2920906990679257
4.009785222375314
2.159319581238684
3.6355009510148935
3.825313329483455
1.8002813390020331
3.8078919400125226
3.530413467707152
4.030852711864421
3.6903608681705204
4.2055541394921985
3.601376143905253
3.2954540182372734
4.260740235127158
3.052875635789237
2.0671435656745585
1.6788572926476357
3.059325228620234
1.4149235409576795
4.011461629553458
3.0479458696451633
3.5617162518169794
3.4233719953044046
3.4144566795851032
2.8088240731443
2.0753627847241285
3.862289409288537
3.782317074905394
3.439861461680959
3.317013494828218
2.972470690956604
2.5237230894829414
2.7225664091015664
3.286520310998812
3.1991331104552314
3.6230825088175207
2.5731408816500023
3.1831004703301193
4.588787297052354
3.9503915096230218
4.4433818507697005
2.693661201555799
3.6756967510891654
3.331344328010834
2.067279367439431
2.4910887962089068
2.805156970890214
3.2296365050580604
2.667393012539871
2.7403824566657837
3.0733272383222086
4.587614071556333
2.8470270524252834
2.8359972053415516
3.2665591492715604
1.5240881992702924
2.893231159159576
1.7751398523194237
4.110561740414591
3.82492966261145
2.650405895318693
3.2202875989245117
4.060273952901961
2.448296130955451
2.1709811475784386
2.9377871277748566
2.5484644225884887
3.8072254524457003
2.4569608610182354
1.5243418541383418
2.9021533285054932
3.626761046781037
2.4614520489944858
4.1239642910128795
3.118654092373448
3.3638857829354305
3.1103668408015555
3.175460914555563
3.231369655036794
4.924194940265255
3.5644038185462135
2.9397695254392175
3.2026059491074856
2.944348827693819
2.642945976765094
3.275047722843182
2.709292695310391
3.3257132613637053
2.5994569646273367
3.4290266813979495
1.6551411017061284
3.6248919172095966
4.860940890408776
3.390185158053735
2.7913448173556916
4.227221817845404
3.0205892067224656
3.1846652166676854
3.3710124910970922
3.8469047359252624
4.82784733341205
3.6342267530783077
1.8485024442650129
2.351158103115993
3.9035462981780746
3.3005828137031177
2.3533618488893038
3.7980034276137262
3.746403880912003
3.8618278079318764
3.1384265670744425
3.627381447192161
3.757758253353714
3.6927569709653296
2.9140150876217463
2.9870362803597343
3.968498047502276
3.658034528921028
3.3411571239804605
4.249255206050903
3.8280285310893563
3.116767255480599
3.2340940968494087
3.1378357807966015
2.9368428225672676
2.8378749005189454
2.8248775283715584
3.465159030608616
2.459419423675131
2.8811599406809316
3.2339784421579747
4.527573323117905
2.3989013425107033
2.132702671916125
1.1163027287586222
3.0227798666554198
3.1538747767695114
3.7151309630631126
3.687295383009303
3.1862292854687277
2.5924547278233354
3.766470293174988
3.7484933838459087
2.417606750557164
1.613435229683382
2.8163741105756444
3.3453319131577213
2.5799906708636295
4.139736597917521
2.812083046170893
3.8818967632889536
2.6884170328352948
3.9945804351676495
3.6941462150950395
3.630053575984845
3.4810904126711675
3.2007084966623465
3.0902548516127664
2.260343053049789
3.4816085661710043
2.5934870789409086
2.512318597471677
2.761285609813675
3.2917526075845087
3.4350894612341025
3.582549974095536
2.510735009465179
3.1899528930744556
2.267287477472501
3.002789457056986
3.516753438819478
1.2195938251268539
4.750760107071859
4.116303730348971
3.7346556792230476
3.8602801333822825
3.1501777113035576
3.367274031357719
4.274339697369165
3.44210089926055
2.8010857492686587
2.5622499654886988
0.8687412880459335
4.063960906212337
2.7218600139586715
2.3159877598677854
3.8017545401707165
2.6929349504586013
3.8574722642031656
4.091661822796744
2.549851340008572
1.5376506464878057
3.235909275897213
3.8133936534624713
1.152764811647066
2.4039824611297127
1.8769095726796505
1.704601921481866
3.1527620958621743
1.697497387616123
3.811850136697818
3.057838778804462
1.8687703379593623
2.275608566305752
3.631679648806398
3.285772102901639
2.327159805212299
0.9039648268717408
3.187353497990597
3.5240520667773447
3.6622894685088907
0.5498831584284269
0.02219592616920285
4.16818288035991
3.707346794000693
4.102420861805729
3.3199158870313363
2.3828248344749694
0.5776348565179292
1.708803124474799
1.9019624357566063
3.5488192240393515
3.478018260088219
2.487769542437498
2.6486037582852275
3.665135591864411
0.3042537675486389
2.2600720880474405
2.9218958444079717
3.8361779070057036
1.3746940438004795
1.6468353811607164
3.6421724144195595
2.3756050621267173
3.8411199636183957
0.9002393927307696
0.42849334800947997
4.214047121445244
2.348001907554161
4.230715584931317
1.2347390598187722
2.92174460426053
2.826225629685153
3.07059158770336
2.577007784423258
1.1322564207680894
2.9757965734621834
4.5565725902406085
3.4947586350157938
3.662911833770745
2.8295151611197573
3.036923016067677
2.5732342157716
3.2213722599475627
2.285713711748268
1.1588942248722418
4.013104289074791
4.191037763918215
3.7356318834424327
2.7154246974165552
3.725286647270482
1.5774417549080046
1.6498066900367396
2.8249525608077906
4.631312880679947
3.93593433526871
1.5841731867941764
3.5451551423931766
2.7343176290489866
2.412063020400265
2.7162767458280683
2.4051124856036536
1.9120081826342765
4.4296256452991685
3.0226197329892845
4.224868223782948
3.378456882182685
2.2215952091759155
2.1647497784145546
2.5337034321841094
1.0317411770453848
0.9628981354262534
2.0862377467939246
4.0294137604645215
2.6524961189780742
2.6647588161091496
2.2694412679206857
2.5232709686538635
2.74919255241939
3.3574781103560607
2.495201384026759
4.1003145172319915
1.7086769085775388
3.4038635173516325
3.618047575843514
3.8063160400661102
2.896272700148181
3.2843351247278885
1.8044764905258601
1.1272963438008659
3.0882803137633985
1.6269787234033213
3.0831335152879347
3.857882454538183
2.8232047071785287
0.4894269698115269
3.491144094801178
3.3277856163173722
0.7447922340232368
1.6295947394380639
4.174842035128935
3.209514235951358
3.68895793437507
4.304518430742634
3.6823393900166943
1.0006481761987018
3.635717310073754
2.573996395625005
3.359029725195792
2.3431318317835315
4.679026027597436
2.169223018062409
1.9345750723191728
3.576448752666371
2.348043734305538
4.159885627465726
3.5537513228151614
3.596139843705286
4.137327407306324
1.3526873949398062
1.625579764766937
3.487659793466669
1.7065041730377168
1.952051449605495
2.040893862498776
2.1910086500212107
1.7898958541250174
1.3540596764494877
3.8528172967849317
2.2371307035176735
3.402615161648473
0.2402845532192877
0.8028561567802284
3.15762683709385
4.147545353136898
0.8306370936862384
3.4874342293972074
2.7210390384266874
1.1866706371813964
0.45956111825403806
1.7902362938399392
4.274229933479977
0.6728413156481032
3.3580393797271473
3.5554593008671924
2.510412279129014
2.821101440424586
4.260314794103422
1.29009644950422
0.5923143915188461
3.9611853397508865
1.850909797982077
4.17157292265318
2.688957642880615
1.5474825139862851
3.0928446674099606
2.3482524506933777
1.9096072766918697
1.908437671984652
1.9476890376046112
2.9105765102262273
3.3693226573487043
2.9386953570421586
1.0240772578489714
2.736665163808468
1.8997267382592498
4.2560948517873145
3.7663456344608988
3.6693170667433708
3.2937814725522307
0.7358384219128079
3.415353457967903
1.23618521054069
3.599933698999572
3.845987051194557
4.433375572178745
4.388905437263962
3.3668668975565534
2.7636177770222816
0.9925170136788297
4.307018986542946
4.515723989992668
2.375098919130513
1.6654381554598987
3.1736043235468534
2.1057546881043145
3.4748119373530035
3.1727946899257136
2.470676943603385
1.5732482571241984
2.6690406866246983
1.8963674908829806
4.669744750329265
1.7185281303718805
1.019304823455749
0.5568532694244906
4.151836747701891
4.295345482824235
4.137704130407477
4.9136151986563785
2.73671022523503
4.32783340830572
4.533354369795866
3.7337620875943207
3.7347720124556267
3.488496510632133
1.7598524300539273
2.922595507157993
3.568682945871151
3.0399819139616717
2.5424587974792265
1.6729203997763005
3.0549910594799075
0.4315632036135108
2.114454598737548
4.205118020712398
2.59154187204124
1.3999929396785693
3.126403320974518
1.319826570846097
2.3918708858899094
1.4681902704476815
2.0422928555274438
2.6243440141956436
1.8339231352357441
0.910966557507084
1.9459905489377978
1.486767839186203
1.0506776370747157
2.0415681447693865
