3.460216451217207
4.051718410774314
4.36890596533459
3.913351266793315
2.31909950808515
2.4333412392883567
4.088366056508922
2.7063012368779447
2.9331655489734354
1.9731256957922791
1.945101538295645
4.738396964269801
0.9452576244843359
3.1404617567909163
2.6763615963582073
1.852785234740839
3.4989205119357694
3.6866547787962145
2.8003259566759455
1.8323855237151807
2.454917140246172
0.7270910242542168
4.3092795881886365
3.810365901848364
2.3325723503919
3.3683433108636534
2.502793560037097
3.8443044015287513
1.1196641372628997
3.618601132705048
2.387401525995128
3.4807723384736797
1.853612173646148
3.7948158711883724
3.196020020992166
0.2793118874689858
0.7057038394712992
2.050187295099726
3.6189394587038475
1.0367136966781008
2.7126751813291463
3.745755603321876
3.734610812536002
0.7537804304413128
1.92028813315177
0.8265673932827886
0.6940635961754112
1.3599921666800234
3.8685697478159486
1.8011257800058258
0.5159260886707229
2.6756351778306238
0.6677725701008999
0.3910679859491138
2.115594732577642
0.09224071430277435
4.035137036160094
1.0972072894746903
2.4477980873521457
2.000326774670005
4.642903213107162
-0.03654670669329614
3.3267230305107787
1.0316109746963302
3.118035988123105
1.0434555910384138
-0.05233923124219532
2.962329622762173
0.19708725422228918
2.5228687169099038
2.4685952955940644
4.010552024403865
0.7645426587218036
2.8040072955517177
1.763100830313075
-0.1365916612161336
0.7518827201181809
-0.06464332135408303
3.370688918086564
2.7306221600446126
-0.02792358481604247
0.6841125286815717
1.067947223299283
1.219708543855856
1.2389946814875228
2.0296815547658937
2.88834173570162
4.033047649191638
3.1640408409624197
2.9000201295776638
1.079873228559333
3.989471089593642
0.9490483070652224
3.751279711443782
1.385389312743938
1.433378326406377
2.9507824080703937
3.053290457991357
2.874158875446288
2.0471213654467606
-0.13207346699845823
1.0978831841680188
2.812148643918211
3.0817751458496856
2.545950459480066
1.834860840709309
-0.028382087796611152
2.0534724254989465
1.2431055444852661
2.2787485140894366
2.2811337380588173
3.0169680824605605
2.9437059704019664
2.930254950615996
0.0170415049012118
-0.06088160840718536
3.8420813432750376
1.2412753799089205
-0.16854817314863313
0.6271121127524413
1.3827677989072653
0.41533730968009575
1.1554500532055263
0.8460878861492924
-0.06144206509047602
4.90290371699553
1.0515942478658304
3.189446445847582
4.555607756107056
4.075598494146933
3.665382898530969
2.96972110727106
3.210415282314086
3.2685875353731397
2.939937779174084
3.835607049298423
4.720748497008545
2.7869549799568656
1.7455574744207274
4.129013967345778
4.622386869279182
3.9305261428094056
2.6771448685411734
3.3543898306909528
1.8319137759871962
2.1550496911553103
3.522577767981389
3.3470542201761457
2.234042086277308
0.862524475769758
3.188825408553249
2.72767316746412
3.61771692235232
3.3630234086016646
2.7940531625347447
3.3572022750763106
0.5949491379518831
1.2408605187079973
3.7744332534748333
1.1139194432245454
4.650369399572971
3.3889410836726963
1.0954509613193129
3.4724252108097255
4.234738480703138
3.4886835606188207
3.0662268756477014
3.534142649097152
3.9277947226565573
2.6908841561290124
2.8613017914222993
0.8980075829569724
3.2698437546107915
3.2965583796421414
3.1947405352828158
3.3014324163688755
3.134610160946035
3.419356829295272
0.5354729927490316
0.1518037243768594
0.16995209981061266
2.5993584413913196
2.959632306275492
1.0963812057778155
2.232122906502295
-0.3101652735467513
-0.42678857206564463
0.8359478691458939
1.2396286637152574
0.4260478379316996
2.812299818701721
3.3947960163961346
2.721780675927373
2.9604424590701623
2.9658704730659275
3.058575848155547
2.651970749434839
0.6893339094046939
0.2361749232941454
2.123756591143932
0.8002031048661314
0.9055950372270093
1.5455221072070018
0.5481884618306045
0.227146858028492
1.2356282252011406
3.335532390198577
0.13161977109136597
2.9652000052566647
1.3349997812688568
0.80727168108174
1.1483540440535396
0.7275358138019419
2.204932153801323
2.1798339616335767
1.290215940738501
1.9857920991908895
2.296725934441606
3.06532015246468
1.2074253198066474
0.5103444104247956
0.0748615762162008
0.28616439204916216
1.8335352084261205
0.004886124410725487
0.2627415438236475
2.4504687255955115
1.9553514812925308
-0.08262754142359578
0.5646028195705419
-0.16103966548376586
-0.20968561978246164
2.7758650050957825
2.136843871360321
1.8370920401132262
1.9451216849038506
-0.0559380247737923
0.02049436547394383
0.10731877837006897
-0.23578264709297875
1.8079311151544675
-0.38377906358497776
-0.3083977919747773
-0.010058943890760078
2.514617057347386
0.43779673103964684
2.2260729296691966
1.4741782430940662
0.31240124243977807
-0.015145879643106056
2.917395171417102
4.06286144412869
2.265260977421267
3.562365286133293
1.6213179039153223
3.601077677784192
1.5535157488006435
3.4904514096269197
2.5921510881707324
0.07379580952848906
4.237851879338223
2.5442482577118373
2.799158972566925
4.3104480153714615
2.760553444068308
2.0711575266620663
1.4735749408728078
3.5157617152363554
1.8890725491816351
4.256105300974211
3.206953353840276
1.9994513513973289
0.9654737512626089
3.7171883643962143
4.332020270034914
4.415410217341421
0.6203765882668131
0.22118764615359432
4.020931722906841
2.094376163249837
0.7366606895441755
2.081387255935032
3.084786229924318
2.8661297361926854
2.89582663197356
3.9513763284969903
2.682184522129543
3.4002832831307424
4.052429587789408
1.6070238361736597
3.963711161448561
1.3305707910691955
2.5777742718625736
4.243419154877335
0.45613683519231235
1.033043625113994
1.7103103404786404
3.475035906699966
3.1806149707964284
3.4542612728449003
5.006977256918221
3.006823880118353
3.521734012669681
4.213651335110555
0.9214817846686733
3.0461848411521992
3.417373811142084
2.470514065667542
3.8666261149594123
2.6661210231918266
2.6737332243863334
0.8633420463580278
2.9814912820179598
3.2054066052279047
2.7464529512035596
3.7512529022892975
3.0360589746592024
3.4342622328996573
-0.13203083141349686
0.09280317977638701
3.813604606300195
2.6060423098335894
3.7631623070780797
2.3762976733858467
3.4352162069102983
0.7101568532911913
3.433188915946788
3.0210401782673832
3.0351865858594085
3.319452833343907
4.23291325783918
3.5790590787391645
4.223569013422679
3.920951605555481
2.727277831605351
1.3666007471231174
3.9262493217443666
3.538607267185587
1.45394772388175
1.2515835012284717
3.3366883634204267
4.4217537883578135
4.213166903209141
1.1760308649211917
2.031615091893363
1.5664374271898571
3.018702064529819
1.558393579273034
1.6461021901414046
0.6445440743750563
2.3706051857107564
3.8288879519597367
2.5151696861725843
3.623655679010223
2.810411976762597
0.4547334805230487
1.3938881018549691
4.071048536135857
0.32389893931789226
2.8847780414699047
3.98153443387029
3.7401566898909406
2.660177645528141
3.207938077450322
3.6855269801449224
0.6198938095699597
2.629087888963184
3.0660870968041496
3.316062772343703
4.270723976961306
3.0403368498010916
4.185660395939563
0.7823155205477911
3.0310288580291713
1.8440289157628695
3.7174570710120003
2.3241874723689455
0.46826318340703915
2.801998534309545
2.112620626877413
3.600491055953409
3.563822424322698
3.023294909099512
1.4493129379001801
3.0640710328899123
2.839379780933044
4.174971892913842
1.5892346772518955
2.937451237065504
1.558615585570517
3.2075592741906283
2.0217890997600523
0.7015540844881589
1.6953014590656845
3.205981424160169
0.9526705457908621
1.174924922222386
4.5146528512361375
2.8482879204082066
2.159853889490134
1.9829182028716932
1.2507981961544852
1.7944325317411283
2.45419029201727
3.505656524342239
3.43247624352346
0.9559159584857052
2.503620325701796
3.055679145309596
1.7714403625210533
3.026852814977597
4.312161694722132
2.4130238158643986
4.174131899423821
0.5598490049046295
2.03461873196739
0.26580629371379677
4.155445845084262
3.131843355376774
3.1209608428214164
3.2461661453597914
1.7145989843344482
4.13758539019512
1.7314720516652546
2.8405799811017864
1.471358073201208
0.05611659114264193
4.457843444866265
2.7403436912107932
2.1776900636502416
0.8137602149754025
4.315250654071247
0.6160438693818545
2.7410344753933833
1.2920203684992977
3.2678072385591665
2.3835096402514213
4.39877611167112
2.7936030751111325
3.492942255194132
3.1619624521145573
2.8979002326513514
-0.03808790332299665
2.32446534884468
2.315532448291905
-0.03246059845786502
1.633718071776836
2.5723547459028326
0.9276768745211251
1.8175271790786334
3.4484031491690743
3.736924961187881
0.8770605282973217
0.2561968329813495
4.480775364360606
2.4230407411627075
1.6051215894382167
3.816273798643974
0.40569553929438534
3.3839145733421434
1.459721296982811
0.783081362878088
0.23768527523695876
2.675029215465837
3.4115816459740618
3.3977010802716943
2.0355581816404618
4.050859709189701
3.677190900650231
1.292163087891256
2.543791102745155
1.717049621222759
2.9707517747133743
4.056364240275234
2.2357833783343377
2.779249157959589
0.8960141454578555
0.6871905995193273
3.6612784008310912
0.9220342001238683
3.054603016227663
2.976363265083453
2.477651991792789
-0.10563830898027567
3.7180334369235517
1.514866440573333
2.567891782126778
3.562785674917345
2.9492975243634247
4.427832340921365
3.3925511352834965
3.9229456651232457
2.933757008441942
2.9861253891703683
1.785514619192917
3.4089454676533846
0.5920664603722146
2.372085319600864
1.332138529725994
4.29106413291633
2.8871341716006964
3.2792094030693417
1.5828021553291938
3.476312189169361
1.6705969452284244
3.742749781341677
2.373206696831401
2.3405966735270027
2.953509560374333
0.07524138104149312
1.2936360606359478
2.7270455678297623
3.2405509912842416
1.4024649564771294
3.029336302271374
1.1417201833106736
1.856167124629754
2.7771681744629912
1.4836318894915537
3.1285864365002745
0.605077234491837
2.9206216118785675
4.138380986581925
1.7845537451012798
2.407808940294373
2.5265638236143646
2.912030468331483
0.8590644225222351
3.460678405625001
1.332696264193906
0.9679530960998327
0.9812649253372842
1.3621017915824072
1.6289380898344221
0.9264510345896727
0.3229952264272746
2.345975178138869
2.8189110911825632
0.8491244924416433
2.3480395106315224
3.52840138853428
1.8043884079791754
3.429588523404049
3.693481654035199
3.6258469578349937
4.279052556086817
0.9814125393053287
2.0824930745218566
2.86972893309235
3.4168009544868188
3.090172460857104
2.8388895308862425
3.1930282872661024
3.0662798408359238
1.9319564276360837
3.512404307763651
3.310183064901149
1.6049804667078762
3.9839416665145633
2.8163072915293803
4.402666831117397
1.6116796446700083
2.2105019853393513
1.5945966018205897
2.05001352684622
2.0174678556425576
4.037747477350404
3.7194184900784926
0.8883909462558809
2.851637703432579
2.6900439296584677
2.2630038683713907
0.7613298712863289
3.1115285996403035
3.513969173795251
3.455300185314201
3.963039100993547
3.1764841524156884
2.944541420795158
1.8050432262346274
1.8554706047353882
3.4640210370720794
2.1167812298822946
2.32694738293021
1.5291999271814904
2.9008469723434986
1.4123764830856607
4.131578271940475
1.135531416037529
0.86642707824364
2.282797330396403
2.934357920877438
3.5272826619829836
1.965287041691129
1.9172046504815834
3.5364329120731735
4.1736210498015875
0.20905801460983342
2.6509232723806004
4.310647253021137
3.286497932614064
1.155086236769976
3.3160625649664777
2.8041555167660155
2.2616332130508505
2.6776534637573173
2.3130882361830514
1.963315957730044
4.105368668724851
4.305217461441581
4.219247134887108
3.370773205755177
2.3712350451746667
2.0551934164625716
3.8098248548146474
3.5257877527179207
2.815431157554761
0.9177836714281298
2.6416550740031406
3.6637434420123607
1.481974541222661
2.814696405704281
1.1004273384014907
4.160945138149156
2.4195876776667413
3.610593876726466
2.4503036260602395
1.158666299605639
2.925629622009851
1.3790363007687694
3.2714346311114486
4.383146848653424
3.854442240685346
3.690289508290504
3.080159966160695
2.8058319828751466
3.1271800207511555
3.38346378984441
3.3643730680942534
3.5485148018596955
2.0601513696422233
3.0371214239133986
3.130579468301331
1.3947482475735462
3.4029709094120353
4.248038527579693
3.932595064736181
3.6653538038886504
4.011295575531868
1.8338458528105686
1.8867725069975576
4.138547506603202
1.8685990131292003
1.7380311465519735
2.0505077521503043
3.8668192892007394
3.7940576129635177
3.1492587773812946
2.7925748206959327
0.9943647333265045
1.8911578280629067
2.482849868429945
2.253485646562629
2.976146341388401
4.260038553547622
1.4378213070010328
3.6165823093781646
3.685741214458047
4.15390498177762
2.1814957532995116
3.4984790334459115
3.8892105220001945
2.8373532657329914
4.457404409183195
3.5218525430132095
1.176413004637521
2.730448465512521
3.475617881859074
3.317272350901037
1.4408857137417683
3.131276379409919
2.742809092282003
2.660490357212068
1.0926702170791802
1.711117099865735
2.7381533405542635
1.4291799304629778
2.318645424448381
1.8830285793607155
3.708037801536567
3.4059762006219882
3.401157185430068
4.283036669763782
3.04615606892607
2.518235847196226
2.8175879124089622
2.960159830166299
3.3921839927862627
1.1146704018416826
3.588774263993548
1.845135008022136
3.054102905189241
3.386439473819798
4.407683591187279
3.5039929377267867
1.3187743773411131
2.922530176834164
2.7586634964138246
3.7303479284618435
3.316025714250358
4.059890436082725
1.4869962702306956
2.4575497474099635
2.8476335375773276
3.0555143314932485
2.677893694895726
3.5878774111852443
4.023701561159835
3.1117091025350745
3.91911130634447
3.6176773027393323
2.7612306838679954
3.3292790344165812
1.9452089920833917
3.8113982819062375
2.7264629369309548
3.0460022508147215
3.874284858217011
3.5481626387512994
2.976819996158227
2.332047585387916
1.0656566314648976
4.2499909179927435
0.4705553355631818
4.0694639843657345
3.9374277890876757
3.3685111450449376
4.520925448437713
1.3826856473252587
3.5683041371840836
4.7567005068377535
2.4766629331269923
2.988079200117524
3.2696080714110485
4.0750625177178
1.6165646383284586
2.6476889123915175
2.226184061708863
3.8431018530476417
1.5394200525088506
2.9377194910790854
1.5747767493969385
3.331378304809583
2.8076093758403977
1.6760933990344435
3.315440365336988
4.0451915091017785
2.487089696681553
3.0850269932139875
3.840150344972196
3.906114544946464
2.784608720524359
2.691788541702553
3.821468090933676
4.02229846167054
3.5227240724030895
3.4627481038884556
2.8275289506165153
3.2812110412501427
1.1604306922659342
2.5305662212257545
3.1752888432166158
3.142586613233092
4.434863047755135
4.418043487198194
2.9974467311160313
2.710565962951967
2.747414191230588
3.6523815911689295
3.14665835561312
3.7212861225977885
2.7300742750529943
3.891135935307081
3.935674872679611
1.561952036864454
2.229997521378638
1.7998486346013938
4.176845787676928
3.904859891582788
3.9273315636259243
3.270053824893852
3.9377445461031817
2.820236796681198
2.002370698776497
3.915720538460305
2.6979914971515555
2.1773872518942636
3.6430827658469087
2.970586525722758
1.9833254012444288
3.276172522225923
2.5492099492362783
1.9793625027246142
2.3709590691926423
3.7698274671398746
2.7936654824384015
2.96542804213502
2.9082639985772487
3.4611525889640484
2.895380966765221
2.5509975658419
2.671116436646183
1.4531564314088183
1.4496532558833148
1.0175987030597127
1.6646708380913162
1.875599278203411
3.21287636743342
2.747860565509546
1.884504908487953
2.041651096722515
3.6575516292922865
2.249235760584835
2.7084483263941888
2.854151304961733
3.8085491091561803
2.4765042466437137
1.4750938251501033
2.8363998985184713
3.6567266650313024
3.5499689899147304
1.8160365340733517
3.2627612459639024
2.111986705385571
3.142740817417111
3.076461431970705
4.2569701556716835
2.4695478495242953
2.9581267583544526
2.691591191002959
3.5642871787820836
3.897665556650913
0.8164353557286292
2.4486328039040375
3.9714952355031006
2.93910740670504
3.6667338497740554
3.0258590924876314
2.611833131549484
3.9049946332723353
3.9867694507642364
2.4481892793157245
4.342822207243545
3.9307444836525143
3.693785135414953
2.3784233475547296
2.98984545513793
1.9136779263954888
3.8756037018263627
3.4111246059964273
1.2169827198827576
4.33890080177846
3.1418760477261216
1.5260649761107434
2.4223268904715054
3.207706204040717
3.429708257404211
2.5017375122357675
2.650462021003059
1.2564822701482594
3.4256146664482223
2.9263653658612023
2.7243124164796417
3.123186781517443
1.30922507238429
3.6018640133885
2.3882988990548704
3.5554584652160894
1.5458476408696045
1.5563866236212225
3.8206166961328356
3.5929734982775856
2.6297126002907474
3.7163056125120066
2.228306973137233
3.5801567911507335
2.516653600396097
3.4494393851387963
3.2312366571915803
2.438547923049848
4.490870904458218
3.5392004154738252
1.7393786835148173
3.835882963713641
3.494066534344777
4.039552999039374
3.2368875119779945
2.516919173168145
2.4896627243390554
2.421364455743177
3.798493536899932
4.361758997645145
2.5821323138959427
3.88577480464002
4.4515695557567
2.752130447145623
2.7975229372309878
3.4705321361502364
2.8839189594813868
2.2622092411477506
2.520669529290922
2.878942545910027
2.2871925750596436
2.5286411408071023
3.6847579832528696
3.983723763914683
3.00811119047712
3.0781114331904487
3.330356075538144
3.757260201446179
3.185820255904585
3.0926414078326725
3.9690944229730576
3.133083147223162
3.7431059690971766
2.554124754896716
3.86865916896431
2.760608130456488
4.17012144265755
2.901999181085037
3.682863882163658
3.725712808994826
4.102916828315491
2.9319847259261427
2.0716850908825455
3.2743217709799293
3.085052557018738
2.7937477933428254
3.026683818870501
3.4334971759841673
4.379023086668881
2.65335733669946
3.0685767796583576
3.5005209741150924
1.6704618202344028
3.8314207391764983
3.3417669033581228
3.937582783795211
3.1985939668047125
3.8125982312306084
3.521695796833482
3.3773190120270247
4.079498832933599
3.124850191912514
2.1855171846002426
1.6195241362563761
2.530056308753053
1.6168545067021236
3.966246139571382
2.9481849723736593
3.4658355326556767
3.286200095425761
3.473860829672923
2.2657549578017995
2.4066763597124274
3.4109385938316583
3.5808702461902615
3.211398416213431
3.4835686669764296
2.965423597473251
2.3181440832474722
2.7621379875928875
3.2909068837721334
3.117323355846075
3.3472789487858927
3.021656613600519
2.8072603547533634
4.442869312720086
3.7969848032844062
4.279019954901171
2.459958755123405
3.715590999475898
3.112920415456265
1.9763024756347132
2.1846651539425475
2.666758004021749
3.4823399528330086
3.0410317308309436
2.2680196909858776
3.5601626379063886
4.454911179792921
2.6380510431095963
2.420690966263074
3.0996234168872747
1.5894575160775768
2.7191703811161556
1.84418166384821
3.6726034480671883
3.3142739590316657
3.010837119745
3.4180006077173535
4.170339166525563
2.396470016056913
2.4302174734767656
2.8151684161322263
2.278803290963064
3.664002240508007
2.3269561249912196
1.7920840463433363
3.095431148961313
3.5462740696673647
2.7698752819027765
4.3577182707838915
3.0447261504629672
3.1263532617862797
2.7127744494457406
2.99073593657746
3.2689670142634233
4.639235431980935
3.520238408590715
3.0678508557164257
3.0887509316788995
2.7925877981840754
2.6766603637401074
3.314534641540119
2.8416064565207195
3.2854992611138196
2.4776863843557075
3.283226234730453
1.5499114557452989
3.224208509370465
4.339455040928673
3.6071762811358674
2.248611148126777
4.116788716833495
2.813686747302826
3.1623924013803846
2.823005841136002
3.871527695107604
4.705470092569984
3.531746283560759
1.6305661475796833
2.341093701980115
3.951600366989531
2.924946237128419
2.8422821391731405
4.08173305926204
3.4825718919542012
3.9941766220879655
3.1515543404713715
3.7948061598341285
3.8493126254705787
3.8301791154974265
2.759416652692984
2.9725958886640425
3.9274260262409575
3.622321608888384
3.2751260373394935
4.099003259740316
3.8092411315757735
2.9064087657799376
3.143314116882818
2.6662127743804285
2.9138436648207477
3.046562127890849
2.873845359345836
3.7275952233753875
2.4481919618812755
2.313511980459194
3.2140620867996557
4.264167094800405
2.4320725880168914
1.8529336651248796
1.1323805203577977
3.0512866687515348
3.451050608027315
3.4115302521270503
3.8356187717460406
3.0236192792631784
2.3825784232233653
3.977516089457252
3.900063320889555
2.2903326709700993
1.5811353465928513
1.938238651185005
3.4175325951418376
2.5575203436266856
3.9660148977756062
1.8696023738560352
3.3896489775219436
2.647151599118525
3.9988325454905533
3.719068471417006
3.8073875059038578
3.580048989509174
3.230796863055018
3.2260520737567875
2.1519982425923447
3.3890507685546107
2.7461172230971314
2.7275850508014274
2.718635938050994
3.0739672134754557
3.549955295832979
3.513994547969449
2.089388023556201
3.1737212305597
1.9329529694667646
2.6086136584648196
3.4654198844186848
1.143194827638594
4.900519757635758
4.021354129341306
3.452168550944573
3.4939971878776155
3.1041106087435075
3.55989735364737
3.6658554856616714
3.0879396672680937
2.5738492023479775
2.547503633754462
0.8240848894782316
3.8745217632677287
2.659899295887837
2.3570375378464887
4.025635483501901
2.4822472267897524
4.113095917731703
3.8678407501622702
2.6725912955211277
1.3081144428039804
3.1254562160117243
3.8552461687137183
0.61131254017507
2.3498802905342093
2.0244910263626483
1.9946373185583408
3.4829942498367212
1.4841260146823243
4.048467585659184
2.3172799868181886
1.4802285770141308
2.1525752706379664
3.311236734727417
3.403713367998801
2.2510709943640084
0.7859318401908509
3.4641302169182406
3.579758488139616
3.7229802094250526
0.9121131799484341
0.2037998788070275
4.1676285304436025
4.144443449129529
4.002526535398492
3.493732174965479
2.237997387772676
0.09351890801553105
2.0548183238077433
2.154863316907254
3.920328851733876
3.398388958736371
2.8510354196994356
2.767782249318599
3.3371577697500134
0.7027759220177958
2.2793810857909658
2.50469410358839
4.085428154845827
1.3830068734509013
1.4933621683048446
3.629550172404592
2.56840303875517
3.9720177744199514
0.7796919752808108
0.41953060871424225
4.252858838664272
1.9312672331887206
4.23835550559697
0.6705131259624421
2.54542856923131
2.8428124500208045
3.390100484877957
2.593527541598646
0.9935996328327416
3.316138744763675
4.3255204479136955
3.2822942102718917
3.5080705820774347
2.973145658213109
3.036340524851859
2.568902429504683
3.3558805230174107
1.442623908523667
0.9961287642364055
3.9943784237640063
4.067976781814149
3.60656428489967
2.864384807545912
3.7013096289463823
1.5267693335968842
1.4921767481204122
2.7159428306252775
4.393018007838265
3.8402994231394443
1.7387676797601752
3.630235886619412
2.680579528563734
2.459328207741076
2.57244810082921
1.884164759971248
2.007484398123062
4.540105571038859
2.84580381931325
4.2638013289796595
3.0627372249889446
2.4299898105139093
2.012868834458023
2.5011040580647306
1.187900746906417
1.3357892010001196
2.236539026280064
3.983356685616714
2.0527046557135944
2.8032331789428113
2.3818263279293386
2.406211518902859
2.817629219753994
3.259944762815639
2.2410592710791013
4.2602129748835
1.7730213136557003
2.95261473380854
3.5171488548376404
3.787181669771564
3.0496503796731007
3.0696946645841034
1.6521930204044863
1.4741826061232113
2.91976470108951
1.4940693150643345
3.5187287903522386
3.9234748872653196
2.8987208849269965
0.12034884859255911
4.041500245552703
3.570372675059035
0.6451333247050303
1.1231123302737116
4.174358265557323
3.5693139535443037
3.9055233191145886
4.141494510757631
3.5395358574575195
0.7101415489121317
3.756574177074065
2.2637381247419923
3.4116078236941103
2.549321870438365
4.202291551080663
1.7560445983872435
1.9716826932007667
3.4634675562350266
1.781484551922284
4.194804582556394
3.516129128642028
3.7828291111873025
3.8729498101611712
1.6455233697895306
1.8569083188569138
3.0295879746813585
2.7086354864240656
1.7461755722167067
1.785689832872954
2.3642788708275884
1.4491070063945861
1.3662700672729025
3.938893534941754
1.8256965385887147
3.559396799282097
-0.30675746130355647
0.6009513039775879
3.288126122198703
4.00791083470807
0.681026572797433
3.330011666398429
3.1374403066914294
2.0235923210637266
0.011343008656923934
2.0003622072035414
4.273892155479559
0.7001012251473989
2.979763436322548
3.407066239468355
2.881165512453253
2.704293422329383
3.8779160965808366
1.0942911642297013
0.5491813650503022
4.061584056916721
2.031088737133741
4.1801196039574595
2.385529351319661
1.6386411481540308
3.2403977610323125
2.1637544707948795
1.7830464773734718
1.6738196306188955
1.663116343394596
2.854788598607556
2.4967858005311454
2.9812099624996824
1.2762277727247897
2.4173386956967158
1.6252883047817945
4.07643672759044
4.076522909009579
3.457852420874277
3.0224289858995705
0.4774223879706396
3.461780286321172
1.1902188462213925
3.54549136979527
3.540217755027229
4.063574061420353
4.297665925922417
3.3483876744952386
2.659520843361631
1.1283235446290345
3.7472823013081378
4.283077676306847
2.197362514786963
1.7946495616953653
3.3110395516337356
2.193536256063938
2.8950464525572928
3.1646178859715643
2.4639548356038268
1.3442193434456804
2.615062760216588
1.3330709197071144
4.673270493812867
1.6183461124566427
1.1964702922299857
0.6980137181469018
4.193793955722273
4.090240214645391
4.127825425746751
4.807816675051385
2.542141743895682
4.417095761282955
4.636525946444456
3.850098579280472
4.062567534019933
3.8687741103495528
1.7500704024316942
2.9555461350964354
3.9153095155742887
3.0360654239589344
2.0154750813913545
1.5060639314690059
3.0726767442790486
0.4757992081787125
1.949097206822363
3.991965617278632
2.4808355921295107
1.2755269690447728
2.7635792434327224
0.941925413418428
1.5431065285972767
0.852186324483833
1.8378833895809004
2.4555914122353615
1.5839544674499793
1.0286683354974386
1.9807820515067462
1.4294155768858192
0.5849849352276287
2.192267101847009
