3.5363457306936676
4.2301319339188455
4.295984518475506
4.087234260200941
2.5462534580470404
2.44849538715806
3.9768762388857954
2.7326338940631905
2.8832337202268628
2.1942349827995846
2.176747683365996
4.859697849987061
1.0262627330009189
3.5826774664315595
2.6350347639924605
1.9351934606238839
3.7102036256368915
3.557830248150293
3.144470208167686
1.6931505455132339
2.429187252515333
0.6657582318502916
4.206680146117464
4.04213821736309
2.4323123287986426
3.77667540318149
2.2274183408872466
3.1785301359010543
1.243187276442801
3.7014197943859344
2.5607548677154126
3.5505405634091387
1.96344043672446
3.7971715900625354
3.041292050500659
0.08768510415624564
0.5018245187696451
2.5623344573160036
3.5302849663554277
1.085613623709771
2.984005158354843
3.516062062595984
3.824193054800584
0.6333860283318767
1.7725710365136305
0.8283105709543628
0.33583804556689634
1.2312990357329914
4.116786848238873
1.8059959592558634
0.7120133318901121
2.4543371833393346
0.6236173421789166
0.39563202243664
2.044616672256966
0.19209784935159366
4.062647179833579
1.0891978642077196
2.5567738198133627
1.9064564320132842
4.5815427448062875
0.13057103743128085
3.5722410129927287
1.0561025734657714
3.1643882076508776
0.6030504547835412
-0.05390417008513845
2.8707278032861328
-0.13758316792084582
2.5162951132477236
2.641452253946145
3.809915988765871
0.5642188587435999
2.9248972305583187
1.763305058683351
-0.1104624202741972
0.6016104360134862
-0.1679546549623979
3.332784541977535
2.989618872595802
-0.16201714088744928
0.8208345068005699
1.225934178378314
1.271184385676708
1.0528090301354005
2.0424294216016254
3.278085600105225
4.167440744295834
3.2670262900927813
3.033358304125513
1.014055878142462
3.972866986528234
0.9450788060905102
3.737924815259542
1.6551361330859298
1.3042053693324316
3.102990364376409
2.965607464710204
2.9359514339924155
2.432656594671895
0.047036059906360644
0.8856948802174787
2.8762569134312956
3.058778159794442
2.517499924128989
2.0116544436067176
-0.046006082919265584
2.1508662657660214
1.2571470620423386
2.6097645984208513
2.2511455577039152
3.204566832800669
3.0427427245492966
2.9565509622168538
0.13425473555799033
0.06492280625575178
3.8502825720498928
1.162660958867367
-0.20353016970783222
0.5760719350278888
1.6253844963672859
0.32413007633943025
1.370010490680568
0.7583729071144485
0.3140742347939317
4.827995172134912
1.1098740504713658
3.14587352302168
4.615802127058552
3.890270099726415
3.7748200635858606
2.9688048732772323
3.3407949360751656
3.462283184020834
2.722128447740828
4.011886868674369
4.857727467294587
2.9581442233871638
1.7250442118768088
4.194868874700786
4.795255640775623
3.9824720147738306
2.61968948942939
3.4104781926271555
2.031730319440099
2.0181090823099472
3.6096537300161904
3.4080017131503304
2.1698431211194698
0.8121122914238558
3.0671933375058744
2.876995559741198
3.6421838546218055
3.4286733919054955
3.088888065670297
3.5764883414328907
0.42748225557868236
1.4235642417375438
3.795475609214999
1.2221650133512831
4.822264988051926
3.258691722459723
1.0906269764695815
3.5009453562941646
4.021506142621141
3.64262668428737
3.3071392777171553
3.6261798180424516
4.058181136826414
3.1053971206860016
2.745571707966529
1.0634701678277954
3.442352663616235
3.2773687497660324
3.2609053186431076
3.370590294262371
3.383502891196919
3.4999934145046763
0.337288901895645
0.37796503917331536
0.3431764738532612
2.4738654503547455
2.9187953026990074
1.0648424784437527
2.523991835072008
-0.09513260855387864
0.02754372193280169
0.936396703656184
1.307503504619096
0.17031579578034142
2.9902849193705965
3.237886809115323
2.9633062952998226
3.188593394114143
3.0858559435864237
3.3641921245559265
2.90256184335405
0.6576027804435216
0.18158827555171317
2.2146294436026808
0.581965200234122
0.9970476319611963
1.6054862040711444
0.49599405650535
0.34547484350733004
1.4563914097116986
3.359708896990954
0.15699495271611494
3.0633411363594862
1.3817913632401346
0.5590652292002293
1.2827518764607482
0.7238885273675171
2.1064830327550297
2.370318470596606
1.436181460629121
1.941696151572886
2.3994863622855314
3.320471114685975
1.2375335480077436
0.4114110141402605
0.1328257160955971
0.5518414875462466
1.9319999628591322
-0.01159404841995984
0.21880668144485202
2.6995641855290193
2.1180363578725085
0.06759613805496731
0.8980407615253848
-0.14474544833779954
-0.06362372866841695
2.8644758368645062
2.2313156859814858
1.9373489435124984
2.226197632843699
0.04069808678669132
0.2764899687948523
0.3297178238302947
-0.2649392686008817
1.8518712959624704
-0.48077972656744083
-0.026827531748826197
0.15143172262423152
2.5968914160686536
0.3502931747013416
2.3420981915126027
1.772057267988957
0.4640936545654233
0.26836814811453813
3.1349398661822048
4.23346874512449
2.413995862931179
3.6697633139045243
1.66214884734002
3.6311550856384076
1.6767791820460465
3.399857693473141
2.6984446401380953
0.1813651074372115
4.388654052603749
2.853003983881405
2.7444000278576657
4.450480269442532
2.975744501392633
2.327467204063434
1.7582562561055217
3.5496775008834582
2.047744246809571
4.356894871476091
3.496874607479291
1.9406582575391367
0.8951241717739816
3.8653535317576404
4.2859772039342845
4.568251627669702
0.5556021588464887
0.23436953986037365
3.81884529742989
2.145232479247863
1.0984607982629182
2.1681783725099386
3.1786411320110086
3.128295637119074
2.8980768288162047
3.8696605733257963
2.7081507904397855
3.300110644421864
4.081523169931996
1.5508624892765241
3.912332064185419
1.1310885948500087
2.79948140161631
4.219399078935924
0.38836664097484164
1.060982356821681
1.8334791153934704
3.5347974629970498
3.412903310955226
3.3809486015062764
5.147620382486457
3.128102490388925
3.1361278311329586
4.416224270698045
0.9540074362914415
2.8559998907682838
3.6226452393942044
2.5291499225961607
3.84631170736829
2.6043527987641437
2.8551155685567853
0.9331758346410464
2.9159635554208694
3.182664097000912
2.9259125153876364
3.8191310430885244
3.1733834825730827
3.66819622451419
0.09988189752017648
0.3919976665123315
3.926778700415224
2.3189956338743727
3.8693247312644328
2.286436016433747
3.4368304936873386
0.7815620103464125
3.5185500458976637
3.2673147085374934
3.128989866706324
3.5319376552412187
4.390324937508194
3.2830551314265106
4.212736401448998
4.033387427623274
2.9347630407056005
1.2077384138525986
3.960571796629786
3.6681457261374373
1.3460675439062277
1.3917108775163074
3.3466284091106253
4.304157555895078
4.220733660148224
1.2530699957618947
1.8281030401900105
1.7327192241570637
3.142883695378928
1.5603509845404173
2.0800208704512455
0.745708838062713
2.3094419187550885
3.6505237138351116
2.5672114110659554
3.6844218153437867
2.787227338477174
0.40831768135199265
0.953527394793015
4.151250977998144
0.2416894401500919
3.220175642151375
4.069491554026069
3.641563980092831
2.677079625083573
3.3626878652266603
3.631740231024004
0.731520385973135
2.4824988680686504
2.9546854962307814
3.378355697769822
4.395960183206113
3.1455773865078
4.152180189246188
0.8218491109463089
2.8100044754745994
2.0005728182810034
3.7902833968321707
2.2811508599931347
0.4415433986805649
2.8852323280937084
2.212486001167114
3.6428916341717827
3.514563194162609
3.071164472835758
1.5375093871499486
3.3317582810735273
3.1202848481335064
4.442076134562365
1.7518268584873842
2.9928609284003223
1.5808662067956252
3.379164453592277
2.096848371369504
0.8113077655239279
1.8846856132964511
3.3634294831752882
0.6812715758538717
1.3183210072522586
4.640018042822644
2.5699327328650394
2.1443273149297015
2.2718015174890613
1.2971232057363529
2.1691111479382674
2.7002734455733344
3.5766618862452217
3.6511539374196897
0.9742709330840746
2.7463609045862625
3.122330340200478
2.1598954650194595
3.074546526858625
4.092345591638801
2.539269654194138
4.216779000469706
0.4856672676082755
2.016700612265119
0.2818118832707548
4.432012843489242
3.1126397503571095
3.6536644492484855
3.6667469323902644
1.4850489909668771
4.293029826016046
1.6995232982917046
3.0730030663458736
1.609870951655583
0.0750099329433882
4.632295623462095
2.8454822609131663
2.172041258969678
1.0555988032706658
4.436003042888033
0.5644570678702081
2.8857827404686214
1.263769990469669
3.3714754843309
2.219851119408865
4.466476593071205
3.1128543162142535
3.4879207396937115
3.2861133089308288
2.9295324225301007
0.1236315276970584
2.596639451887552
2.540358087393205
0.03663221051242674
1.8183539944090437
2.678835165706841
0.7060998636666539
1.9976682291099639
3.5182409005722057
3.893491770693165
1.238579386265251
0.27076376172193195
4.573877815393973
2.356641494912897
2.11388872021473
3.7394503350526755
0.581102847260602
3.3477717876216593
1.3473828194644841
0.6659258095657801
0.49716843751658557
2.638903619719467
3.393398166299943
3.4239061156796886
2.372869294884371
3.849558046383554
3.9676242461452027
1.1276194627625318
2.857447878141505
1.7791940347752524
3.0250363875975674
4.057531032953212
1.9804649976254147
2.9769456831701335
0.9502348205841389
1.092607731645655
3.6102950816517216
0.8448780807614978
3.1792782190195386
2.6855619501286654
2.5091330663122946
0.1431210236928909
3.7660204397393255
1.6839835721852383
2.8156674174785863
3.742889203583543
3.0013829284958593
4.530509289803473
3.5165142871635475
3.86935653564266
3.057998132878662
3.1483478784901373
1.8319137247948833
3.2818822692658536
0.6560648022644515
2.822767855238497
1.5229969596152104
4.266914335837718
3.0100272672508184
3.3728105027920297
1.547460857096044
3.4814638649448852
1.8912004923489278
3.935908717037467
2.587405128246282
2.181254610713423
3.170384584556663
0.18047231337639622
1.50160409104681
2.8123071376812496
3.435141765842403
1.2083377338803896
2.888492894310789
1.1189943113590495
1.817730183768684
2.7507882846001444
1.8583357190851912
3.1188598059716406
0.767739784059605
3.047083043734414
3.9457095156445314
2.0945240640946583
2.1615997567700305
2.630909497065552
2.735276732819629
0.9880033307464511
3.0212969455078533
1.0148299509553973
0.791173014677295
1.0047069045033163
1.619658363011938
1.714275958740818
1.1756631815363812
0.5172984568132323
2.530872641031011
2.2711191434967635
1.2047143908948363
2.4433400114884023
3.7088486921761614
2.296514787186916
3.3723157514446216
4.014268925759735
3.6916745889316873
4.319321762603247
0.649603631551477
2.3014366333781386
3.0452775690297513
3.6909492616852106
3.1498508317583016
2.6692968220507516
3.5328807525001613
3.107776887466159
1.9257393539565184
3.466426061534235
3.2729405778622787
1.9201234501288735
4.150352507886819
2.512237523791019
4.450249290039384
1.7593214315635677
1.8971240262437945
1.5352909782382944
2.215362835703046
2.0962361134301273
4.102094052408572
3.715912816606095
0.942835965634959
2.803932863062444
2.8765634433811544
2.504597778327639
0.7577232018261554
3.286532806357452
3.8049473298300405
3.4412674607028397
3.97470714846029
2.9394995368865096
3.087668992686566
2.0230711766551552
1.854045664670962
3.4287906590976904
1.8376281539080845
2.397762134258085
1.3664459192054865
3.0908107991443323
1.5166625510698184
4.239103467851874
1.228605935890004
1.8807303389942365
2.5073908061139556
2.9119208400412226
3.7298311932514334
2.185727080045475
1.3828789502425574
3.5998737508636856
4.0354031180462115
0.3774523554807162
2.6452566902887904
4.446127614625914
3.41917666163309
1.0344412688001952
3.433662460509007
2.8107933434656243
2.0917075327086523
2.8424567657327735
2.1900435210547124
1.6763370249678895
3.8532728230477122
4.043256376539545
4.351526498261994
3.315805563774766
2.671495768986092
2.5680443694599586
3.7354924867627686
3.156582006846726
2.9931558528140836
0.9453891177055078
2.825728490670747
3.9122516906734033
1.6167757762702109
3.117549077575898
1.1380788166239753
4.266402442060747
2.48189974074846
3.7297173043257468
2.4607595175275687
1.2892130685261824
2.6443912845682838
1.4904249470123716
3.3916270543155855
4.330988519485588
4.016724186912692
3.4048254810363057
3.0986724585984557
2.992922102347118
3.097522611222142
3.248210947602356
3.2984539940960014
3.359712616151219
2.1697695798988246
3.014249926885128
2.997737658865328
1.3089356379385024
3.3625372731161915
4.25086588525897
3.962329147141504
3.6026109016509276
3.9806864238830553
2.4234812540451394
2.220227552637662
4.036200784065836
2.0764102633412502
1.9026020890063204
2.065868096530984
3.776466211723652
3.522911040442037
2.941003029060381
2.7969420329388988
1.0985287575471678
1.967870982595083
2.397349206027699
2.2834791672235593
3.0064794798066754
4.392040016353893
1.7912092992744275
3.656588103010741
3.8959574186140165
3.999959991916765
2.303330164266998
3.567982270556617
3.814442262953284
2.8944061237698904
4.550240513822952
3.9114481870799684
1.1057868275208518
2.6665716843709224
3.520249193515192
3.15972397169414
1.874712072942267
3.0346244075771818
2.799593087960506
2.830091617973342
1.083143347329766
1.9503394151027855
2.9232477418873684
1.3409127857518923
2.394193711456319
2.0634934829153204
3.854317570467354
3.248565702313633
3.260058435011582
4.41723144940162
2.971104654849089
2.406992791254997
2.60200326800135
2.8399455884246763
3.3962508273092373
1.024954555711115
3.8839561512578316
1.9818342552831951
3.345800074142735
3.33027538746534
4.260622702040758
3.7208514831408213
1.1720335300980507
2.7915886449094383
2.5776047968684157
3.705287269395958
3.1124317023327217
4.163212269617851
1.7441662968794558
2.462200309386225
2.723960038577254
3.1323174256671815
2.803099292886861
3.674551050025592
3.9898867278892753
3.077219473540965
3.8757418617029193
4.3694764114747064
2.6539433201057347
3.311379534686739
2.3287515233078295
3.7471198703962405
2.917047319541246
3.1434311747126076
3.7929909313916217
3.8050976433288226
3.133279932323493
2.458237797612134
2.38888967123551
4.117496943710614
0.4673078345751417
3.9950824418037376
3.79877254656994
3.254732572498881
4.453959485987815
1.3661477707734462
3.7569453534069126
4.594290752975362
2.4260903983690536
2.8151387111613992
3.298899112781878
3.917828069493365
1.4887716911810067
2.6740744706190074
2.1657660018986666
3.6246775074806266
1.5976586974177018
3.0582949501922214
1.6068049581026986
3.299449521694532
2.9760662724482083
2.258449235541508
3.3549392360857295
3.9377014063265543
2.5053304806699175
3.2243498111613906
3.749207523453396
4.328468542383743
2.923340356592038
2.7101216065816196
3.451376566953206
4.000452505673985
3.4103893377081094
3.571102089278995
2.974254073813074
3.6245561014562258
1.1975727980896627
2.4400517922742315
2.9791418523346755
3.394944821787126
4.222374264581904
4.398503683633135
3.113996255102127
2.620469702038675
2.7372403518291053
3.5176401520879246
3.235701278628378
3.569162342398166
2.7643104128630784
3.8992931100107837
4.025834387701754
1.4826735047268484
2.0766459108959383
1.9602450276695524
4.440729638536791
3.871336318396626
3.9143154434648544
3.3043174387200844
4.071902336270414
2.627296602533252
2.246859512126426
3.900819733892449
2.6385565567934837
2.3606668801038566
3.634321034954734
3.034343427303394
2.0718168305409974
2.9528773016868923
2.473111467389555
1.9769194944469701
2.61009921772946
3.5842389513424817
2.651285459093594
3.178902464036393
3.1604671810873652
3.452399637558119
3.1599209063793383
2.4689629842998326
2.4095327736876584
1.3837116487945695
1.3544570017040074
0.96557438042898
1.5754301751179192
1.9461815336197317
2.834779347554884
2.6713761401505813
2.296120537340788
2.24451164846226
3.9153487497482153
2.2431585072392326
2.653701958728302
2.710527691810311
3.7240878302209035
2.476016944541439
1.3550673698470914
2.6440252183018504
3.770743447451775
3.5573959876991985
1.670032438750181
3.177526879493091
2.354655308790977
3.383447802404114
3.2782426428470304
4.397067153970161
2.575830422954125
3.093606794039899
2.5764171104475277
3.3669031300384344
4.084439047559443
1.012962024683648
2.4417070097111715
4.064465285997244
3.210048015185664
3.6694455305386633
2.917261457660531
2.5236075353861693
3.8908063108221103
3.849400136084416
2.676343398640893
4.211584658196028
4.209889223527466
3.7249601926512206
2.3858733871336346
2.8822439999847536
1.9220320038604006
4.2701016121605235
3.5398286291605157
1.523442529149826
4.4450324955489355
3.4196154243133434
1.74516192859695
2.4183989256981273
3.1237398930357605
3.434706108649619
2.110862989400417
2.5790596906276435
1.7052685196103896
3.262341587747264
2.788592152364083
2.745661403841604
3.1138314239398297
1.292139456732825
3.9261948816735686
2.4396670189175547
3.724050966727057
1.5725462523541518
1.5124543137870017
4.03495786709607
3.8174241333171617
2.83431882058064
3.827132466487733
2.0550874613970276
3.502816563613803
2.6132131212367833
3.3320912007680477
3.349548745439619
2.457296309892089
4.461920838927555
3.7632501665275546
1.8724529019930514
3.6903862431949896
3.5381990017064107
4.103893159126193
3.4112559670055713
2.3882094729736414
2.500062840278245
2.6519241251814005
3.811923821010838
4.372352598544224
2.599436512517329
4.072264803428285
4.458878077521086
2.650491006535127
2.6963226561315805
3.41039504022595
3.1805759064290156
2.5250720987002193
2.4007882859595857
2.963532866838177
2.3519075562580296
2.306018061176209
3.5264759098708014
4.336267115875932
3.0186140487253423
3.1993129195825145
3.407800326321781
3.6557120502898233
3.201529921404786
3.025240441457937
3.9285466064552343
3.0818953542047254
3.8144755025081314
2.809772047913562
3.9942371794719254
2.8717267417197867
4.222511003100684
3.1373043227728745
3.5691953033541703
3.579255557202267
4.279450822324491
3.0766997357682095
2.092483318456172
3.3218250252518624
3.079676987938595
2.9589187127893197
3.044942417282203
3.428172722436215
4.247314891888696
2.811585694628835
3.153457252549354
3.417684634929164
1.7594206735161864
4.035156760168802
3.374880518898751
4.100826800360399
3.189229378181433
4.023504809559706
3.4892930834803675
3.5089021230788986
3.906139068039627
3.044623120751005
2.349020087633196
1.9713169965380741
2.4989043848124375
1.500861587320426
4.148174880168576
3.016086169353871
3.637238845129362
3.1067028189485146
3.5282474233021652
2.4039338152266474
2.0027742006924223
3.451680829804238
3.6647381126506158
3.4514522474965776
3.4029614447179384
2.976381979022882
2.8645902374069774
2.870587633543951
3.2860506862894554
2.969863731156361
3.3585038175664876
2.9196393194550216
2.811384363801991
4.643051930363985
3.960231528729663
4.352788816704618
2.6294515048030744
3.6297070058795056
3.2325357831175463
2.034636152454808
2.1898950576833998
2.7360706678040154
3.401211847258704
3.0032300721159837
2.2842369664474798
3.9509793893358953
4.438732549413794
2.695475176976214
2.556894548693454
3.0607927611288894
1.5703063916476678
2.6148892926243272
1.9838397480450594
3.888312642826686
3.619133531232687
3.2113842852069325
3.526536731432337
4.063954731856943
2.6396646346263264
2.600119953462479
2.708796938295195
2.1389334811389324
3.700684026870039
2.5348949535100314
2.170973544379562
3.286605577663589
3.610427950067063
3.007414299368582
4.358877913374511
2.990530208633211
3.2976302442767293
2.867379653347421
3.266154961577646
3.115416137126042
4.766216160646677
3.4760322894865525
2.93556070664174
3.211066178633633
2.7554841078721646
2.735024397717347
3.1979432190395647
2.770419311741093
3.2954699134772882
2.64816556754812
3.5633422866610562
1.6991291017372583
3.447792189518814
4.591060463914788
3.6659513339046508
2.3963549393816863
4.246609453164434
3.4934644921360367
3.487008640965855
2.948353437836099
3.9164876612399615
4.77496647353214
3.791194584131312
1.9859860862222258
2.101321988947066
4.344412000245632
3.0640565657417778
2.5511050432976132
4.090446966019071
3.5942044467540963
3.9397973037607104
2.991693507527444
3.7132512695163
3.7531467607142917
3.8606554204707724
2.7855646101593865
2.7475957288707002
3.869472329720389
3.428191859868585
3.3813400704310617
3.917475531048849
3.7982532523380517
2.899579957594806
3.35917051193581
2.5014206639232714
2.856351079893856
2.8525586668640917
2.8809573475734798
3.516770570021995
2.3421042339931457
2.379604351284883
3.138663732929744
4.521763486371758
2.6559142990884035
1.6653624690386528
1.1227982409824588
2.8614153722231146
3.3581552611181413
3.5101622482628096
3.7557597105050964
3.1212828995183326
2.450470182814737
4.045023904854609
3.943685249378242
2.3725813580349655
1.4481131530699232
1.8946360521520176
3.575866821404524
2.6382844429665493
3.8429308931115083
1.8666440891975757
3.5850822409004186
2.6833424124946794
4.051582174812145
3.6691012978048874
3.8054084891584172
3.4691711182238647
3.2957982851518572
3.3368281066818595
2.153352301332714
3.3883083855085827
2.8537650708910807
2.782585667847183
2.8704318431877165
3.281342852242639
3.499394846469243
3.3596990515348044
2.1721918631684716
3.164414340169163
2.188683204759486
2.6324697617861013
3.4927592732843067
1.1067704546259565
4.533160721044617
4.25153158166905
3.711490011822619
3.5045343702197007
3.0957727329936864
3.5302694540421173
3.7826358721521256
3.201939043224992
2.7070440472284867
2.658135317026275
0.8487311244152231
3.929386904719599
2.7566729725280794
2.4472934154731285
4.0766526273978245
2.5932010216778965
4.046818244980878
4.047819424216776
2.620701433391022
1.4654429581783803
2.966678346197552
3.7029980489804846
0.494371695930798
2.4758113757605464
2.2321680486682145
2.156853843584031
3.7030084131724545
1.8569892351254307
3.946270060857387
2.4163686238307927
1.697373317059465
2.083358162932967
3.3177504962335553
3.346683507208753
2.393804079731882
0.8338578719869226
3.412216749792098
3.5940794120688637
3.8755761709500325
1.3417184196082903
0.05696462132089794
4.208614615684225
4.055835324272812
4.164402427334799
3.3544296317651128
1.821846129660908
0.08106294794871008
2.2504021069136573
2.1982178360478457
4.859524337851186
3.478930899608498
2.792646644664784
2.7185835600235473
3.2844610444890048
0.8621485200350495
2.096145717508232
2.159193477822142
3.9669296955983437
1.5286109673718145
1.9561313628803703
3.544160539021484
2.403354477188074
4.13865944212915
1.0201804844402191
0.362106411622639
4.3054395902977225
1.9089479635940143
4.222192645714536
0.4636334448662549
2.847459619667344
2.6449443682322853
3.3285772082197638
2.6617406855949706
1.1758354570704055
3.356592315454139
4.154659058863598
3.1796206744284574
3.42118603659879
3.0137061098214186
3.0485723593736713
2.5194652412553067
3.3203740534592545
1.5618083509012526
0.751695181680369
4.180098008085797
4.140398257955092
3.5904476873785267
2.858413810372504
3.7180773205417115
1.5852137467636878
1.5614249931202027
2.801708582685226
4.360381603951038
3.75785312487551
1.953829573499486
3.7965883356400663
2.6572021580670766
2.5966826772315197
2.640208438085766
1.7343493240562358
2.09181857307388
4.722114695106282
2.995830727640449
4.12727918591433
3.340681756349503
2.6888636170934035
2.362682821373327
2.2872524581496565
1.2027252398349408
1.7591544140471755
2.2765628176533186
4.013851133398737
1.9522738872757213
2.7620560470254363
2.4858114339055577
2.459663890932504
2.750838535091689
3.7749317376093487
2.3750305059049692
4.313121944116097
1.4554561583220376
2.93177890451391
3.47604066137903
3.5860912750574125
3.2035003997636844
3.188160806622264
1.9690282749829278
1.3788347045010905
2.8577451679281243
1.8826273852438875
3.289371634901635
3.9173961759177507
2.4099039247088263
0.1517727739217293
3.946639428005839
3.6074527652382677
0.3737502502293205
1.0636184572278067
4.137339510523364
3.4753931744238176
3.8529091789104046
4.318376317608134
3.657382953382992
0.43542891780214343
3.7714489206631874
2.204691468143424
3.586583472678379
2.5210591540074256
4.633472672040141
1.7071790004188
2.0273350713085265
3.4567289171899804
2.0101303365052563
4.108614158777374
3.4952711004395116
3.720682637854268
3.570800310432945
1.354461425471789
1.8043145552149098
3.177202779963258
2.7819968953866026
2.186502218327738
1.850759655953
2.414226715485904
1.5045660882369252
1.3195092590280373
3.992750963198449
2.0524905408649516
3.3910034253010455
-0.15797891839380143
0.7691511928647967
3.2867847989273384
4.227768730220159
0.9543229076726816
3.4301481590943066
2.9525066457508293
2.1084208885938525
-0.11784801027350003
2.0399004456542666
4.082501849877883
1.0942052865305942
3.3019471611709648
3.6079190491273523
2.6028891184233354
2.2671268652300967
3.8387106061516745
0.9334891761948936
0.48635398322266066
4.036816626217026
1.6603996863922839
4.3031420543908
2.7941907558787067
1.6773454784062292
3.0962104867774283
2.0563729247372566
1.9892574211271308
1.6478034279163996
1.9120240204163368
2.5700495140612363
2.9233697226876987
3.231901337105666
1.1990138736808094
2.637504509814679
1.8045307269803252
4.237567044519833
3.9278662908695843
3.530220209666192
3.280359251053183
0.6040091078480317
3.6151902200336363
1.602842770878393
3.382559758436724
3.494109897255563
4.2343222554000794
4.413344674436024
3.569702904268107
2.6115466482544227
0.7725285102855082
3.917956065972037
4.435502381333593
2.410277771721213
1.8400449658059517
3.4360098415164586
2.0985053189384755
2.7073339836831245
3.05560084686711
2.2389184849085075
1.515610715098192
2.9005823765915806
1.5299015845619024
4.611741827753463
1.5998860381469036
0.8145387970279031
0.4820188983366138
4.077532003059104
4.000170383713643
3.823707236644071
4.959089622559349
2.5578635999930546
4.506978607265258
4.766717179652477
3.825000539641461
4.016480248292241
3.7301173044329756
1.7632947235485943
2.7186119685907233
3.806955112061681
3.0929706067113223
1.996944257541318
1.48296917010767
3.2841418992119173
0.562089232558278
2.252803510900459
4.2621557209746355
2.706917544942997
1.2776136867707262
3.220305670077547
1.3088557116708457
1.5334471302961612
0.6797576228072879
1.8761401925017567
2.256666598849554
1.4364732642224998
1.2868172900608523
2.0494735108801727
1.2821959969885786
0.4485475471407596
2.220338909394265
