3.497384583110227
4.1138442010022604
4.33356216946217
3.709396858680566
2.3332579117525474
2.3880321857171047
3.985530291678845
2.880925816279095
3.074043295751837
2.1032158764428863
2.069667780808674
4.789453077007062
0.9335824120748115
2.986325798967473
2.8250492544400276
1.9051427690378109
3.498359376618749
3.621684876344829
3.0321791957319824
1.1967569335095378
2.3598162621208787
0.9227795953838827
4.220762952948982
3.6673666882333533
2.4240980522925284
3.4952448145081645
2.0848143375465167
3.401964284967218
1.189630445106109
3.6768082667829263
2.660854269625179
3.4713512862212874
1.8862476472828718
3.727757712094847
3.034562182448089
0.3373653139459075
0.7325354359381069
2.2509603306356736
3.5275618023137203
1.1792294510596264
2.8373254606767415
3.634644993870217
3.669996560724705
0.7444472958922295
2.00633902758469
0.8501451369172046
0.5532508106331485
1.3705981157287446
3.963200097950842
1.7879864666366778
0.5599146853712491
2.741999503245021
0.7688638352676478
0.5132677385871841
2.07056262239631
0.076346022934519
3.671847735826343
1.1664220899094273
2.2709354029430755
1.94411972378769
5.045615542755709
-0.011742225100683762
2.9349601748652283
0.9832023372882628
3.2565762171026233
0.7234004122956448
-0.01614709180493354
2.919966768027192
-0.16796027637333275
2.5429509597383624
2.5735754139428124
3.7168771618896597
0.6022771578602093
2.671126099967954
1.7688336698644078
0.01980424414399165
0.65758593269614
-0.007997188289422946
3.560210434256543
2.9873817014290345
-0.06677018429053225
0.63970199397136
1.1651761057255685
1.297326672774096
1.1888227597185004
2.21848752425476
3.0195730557107554
3.575388228125491
3.423011050114863
2.561539331848438
0.946145922005615
4.0066828714315985
1.2869588507988077
3.7096723123566613
1.2490090315432973
1.3020093358794473
2.7686755440887074
3.012419599645543
2.8606004449673854
2.0280112169573457
0.19772970885643207
1.188965335197495
2.8726613366913427
2.697168584084375
2.192633733036629
2.048566339267005
-0.19418051448843618
2.185950785198018
1.4879518483388212
2.4256860089994015
2.417401232507593
2.751605882522803
3.1411688294992515
3.1329082049533548
0.04075935096101782
0.04637443173656455
3.5921279796451615
0.37306910702531026
-0.11616897427968206
0.7438984292936835
1.733482737121843
0.4642783493165039
1.3621552587577264
0.8959712585271484
0.10316502814375109
4.918002158740536
1.2092071509451856
3.230885034483158
4.56072477991374
3.8806930652868883
3.8503096083188657
3.096306677006504
3.4318730660160304
3.4314219443334424
2.915974354469119
3.964169851220228
4.7930497889330645
3.0929869766642506
1.8286246552818943
4.200118370102015
4.6394111219254155
3.873233780465179
2.6990427723984536
3.51188777891229
1.9577197361246363
2.0714412200663683
3.568657743827193
3.1207852062128683
2.174760024926102
0.9409350238431702
3.2648430150250496
2.8244551893221863
3.7076855795344215
3.4715735902558333
3.0770203416548925
3.364502183062213
0.4473866258861696
1.253662709505912
3.8318608100237386
1.0720847622690077
4.651551077668522
3.4151997395673863
1.2790305112621647
3.5701287238447557
4.094537894247933
3.6396158989850957
2.689300668303575
3.598566613271059
3.594294538356805
2.8692899018150557
2.904694849887091
0.949718350533409
2.937283410018813
3.4482520943295087
3.368646346028467
3.3507781175053575
3.304709260849916
3.3782063362075196
0.6361797526495383
0.20095119876681936
0.16655362111877528
2.682905146576575
2.738391587801243
0.9842372376759652
2.4174005569552004
-0.155391817046009
0.11650024456117739
0.9154196504177678
1.2615632603948783
0.5557839870926423
3.0848883331254506
3.3036395171581705
2.3530518519353008
3.1683340989330713
3.0256668014154093
3.241051355043909
2.757695074647654
0.9162691170969597
0.25145843411462365
2.374221513861947
0.8269065781722029
1.0092509667516332
0.8585221554379372
0.5568316329034689
0.20410421331752585
1.5056251602392328
3.517724469662856
0.05244040365535976
2.915445098009366
1.3384169718657073
0.7170392357235867
1.2306674582318378
0.7428245364936839
2.289378881469787
2.121006037837068
1.384367778150429
1.9674622596295919
2.5193972994776845
3.051265642873114
1.4562854376150316
0.6835074475086085
0.285636869129821
0.5858525519876652
2.1689069547023023
-0.00929765012724812
-0.0349093994544831
2.566136725058515
2.168307294153308
0.2224132317427481
0.8562353823563102
-0.1786619582609825
0.024042218637656126
2.8910498027233658
2.105820993369388
1.779740065185631
2.2045178522962297
0.03921495764069552
0.23747129016651483
0.14675993851403704
-0.2079495468289558
1.2954902567006488
-0.2451255539515835
-0.024207987827762983
0.08611453110843628
2.582077290825645
0.4916147797426561
2.5773523822101545
1.7802325107228913
0.35237835695002995
0.2128272511550687
2.9067021382628258
4.064222365116952
2.306153673555337
3.5862645190785547
1.4572055417099432
3.5829789821472784
1.5899197243619916
3.3895655811353302
2.7462235270722952
0.07952718445051657
4.230767809119804
2.6176613892710034
2.6416714782190236
4.346841877445194
3.0747108797564877
2.011654500091044
1.535300773318918
3.493115308416997
1.8427998170756739
4.159386719517759
3.070864493468588
1.6408646203398995
0.5509031683717285
3.8722716133216184
4.326454060258094
4.5544205057467275
0.68844614650911
0.21461470682259412
3.792471708125659
2.0975285545670297
1.008169537497939
1.8404902482416101
2.9697734907271123
3.0840990291291113
2.807394516646356
3.798066304652797
2.6434419133151157
3.168299511337809
3.9814432582951977
1.721333672505077
3.6160383638772946
1.2322986524421427
2.712898143208553
4.218315130643895
0.08459401231068733
1.1661327910562416
1.8564985932810965
3.578822292110757
2.763389977592431
3.3719345765860935
5.013354646690974
3.08558424316796
3.4235763017679823
4.25922952592599
0.6089272178912495
2.932550985376332
3.4905956703999563
2.6757837706159866
3.7902095380325025
2.6694341985355674
2.794807894823032
0.9497231546816902
3.0942759990867295
3.2063043313534227
2.829597806682982
3.811957120427285
3.0858734029300163
3.6053720999347636
0.010461305900741819
0.23258133541990825
3.754197543218118
2.2511376587719387
3.766744103972331
2.105348148160181
3.495400791921206
0.841865677414686
3.43802371467199
2.9706338809036597
2.872410207456734
3.070437822512534
4.233412694320373
3.4368865713570256
4.158928636171048
3.5519306689347685
2.8492006006457697
1.336685677847359
3.8227710777748207
3.7725467644953046
1.0051799754423476
1.306452038045812
3.4050305088618713
4.292023424152108
4.027288259482467
1.1804271751585826
1.6554617482682656
1.252620083536168
3.1528627077537883
1.184937924780866
1.5566716180618867
0.6624882138540518
2.4155685244681218
3.559205784414132
2.4914393404743933
3.698553808494372
2.9551601633868603
0.5278510758067965
1.0738627016261493
3.8626471557349675
0.27118473963345546
2.496007296135737
4.052482241910232
3.799415586082336
2.684262809716518
3.222278860442851
3.6023788086338144
0.6077267657490035
2.660432841532329
2.919313605035658
3.4660943999301304
4.297884431472628
2.9884091125906838
4.122685232304255
0.8751961119521774
2.8658963602929313
1.9889150106614841
3.40987316083096
2.219296077968638
0.5845891028367842
2.7193572256436096
2.229263972869598
3.6348207841048956
3.567862344061547
2.9232879038151833
1.6347385887808807
3.2493100434042215
2.8585732245106175
4.140883562473238
1.715192610825254
2.938471957025704
1.4487697595885005
3.413118968756462
2.1777513917860256
0.762222883484555
1.828315303440177
3.2303921110592078
0.6849956316345254
1.2110344765873797
4.579298758630088
2.8360225866842668
2.144786039950818
2.0254505440719712
1.3653206643111764
1.9226813954047048
2.595320948504081
3.7119871100615187
3.5092099531225727
0.5120181933982891
2.5652510581439865
2.9909841210619916
2.1403715468473963
3.0223862276910483
4.10026135276221
2.4665720122801846
4.1209126258055715
0.3372452805372448
2.0648028383404373
0.1874916357743788
3.9773398782281837
3.0669213444455843
3.401776049324298
3.241391742066752
1.545086078400355
4.1420644902343895
1.744375412319111
3.007944554034443
1.540301326379247
0.20926889919780448
4.5636718775699645
2.6693252830286833
2.144965818194172
0.7442956198142155
4.274323005596157
0.6638072981282583
2.9045573306458126
1.2988128305951485
3.2494422312350264
2.401156467911602
4.409179164706895
3.029014332229802
3.610073837426588
3.2591689729052122
2.9517395943961464
0.15771078238322914
2.3874602022305194
2.4164060879528977
0.13014459560849514
1.9489621633145062
2.7846314233106195
0.6526595932604832
1.9589773081476345
3.4217382512103645
3.62539433815066
1.027748694931584
0.30076436061368506
4.40701141611642
2.380980063020241
1.6658178457672257
3.685517248980281
0.5936767639062274
3.25910668953138
1.2670128983999638
0.46113610780913494
0.5327354092904787
2.519260057689399
3.4276867604128065
3.313736484507213
2.1952402603697116
3.9429018768109922
3.7681597920854677
1.1400717539671128
2.7120767504173298
1.8437976417519348
2.864159836390296
3.9811052664527744
2.082372685851392
2.786013836947356
0.9144065666351651
0.8913404442274415
3.6957357589004602
0.9984215869795561
3.0974961121575957
2.79159814609444
2.57328065339669
0.0885384093960069
3.6326173285978776
1.6591171496020385
2.728641502072455
3.7524918665038673
3.082645425905935
4.430205303326033
3.528561829087796
3.7372647412374724
3.1590355361764773
3.0062265265227426
2.0718076650232176
3.385410546100784
0.7018316641810083
2.566208793233095
1.4766629322770515
3.988865383569769
3.190322236018933
3.3449616009270313
1.370334613503467
3.3799446571333283
1.9635570896136931
3.847758039209946
2.3208320161073304
2.2244745881527086
3.1026484416295355
0.13004125207047226
1.2965235362298955
2.6347067885037787
3.5291212458683385
1.139401229744627
3.1054012819682577
1.285873322331662
1.9476980025683859
2.383963740991737
1.6779615168580635
3.208659506721505
0.6299369058328435
2.9918136949407836
3.9230617709990443
2.0543120842238185
2.000757751308496
2.5171073454455226
2.7281587110591445
1.1480323122261662
3.21999809307586
1.4886671179915985
0.9941436994823467
0.9160373870450371
1.3123790541735412
1.8366904915958688
1.1305407745111777
0.2618217989985554
2.5383877443127285
2.543668928190421
1.015576484661394
2.5096549879486996
3.7523133910388897
1.9786050864607403
3.3806452383316805
3.8333042632255494
3.5472502300225233
3.8489186098276593
0.5453489996132246
2.471539871611197
3.030625354104196
3.592250332259652
3.2292021845287517
2.9858457711451867
2.684967655766927
3.2254643755834453
2.057770287028937
3.4717934225002396
3.148448870382216
1.9314676950383896
3.751512046140439
2.531233023811388
3.921971660561583
1.545702124354182
2.192376225025311
1.5417927360046393
2.2592820665016426
2.0812441248049143
3.990100040416316
3.678015466284218
0.9897901107660596
3.042651410977514
2.6454344138391646
2.430477216057012
0.7650355891946615
3.209676490279095
3.629206384664743
3.370785162424036
3.9993823799868156
2.9763561992415526
3.0880262884347593
1.8334183375502622
2.1236447582852342
2.9725743530557334
1.8384881077557917
2.100813844892149
1.880995855596424
2.940992978898058
1.5520784036685347
4.07548988619728
1.3424706190211877
1.5734833123638174
2.209071344203161
3.108454007197001
3.5870736413572737
2.389011344071301
1.2354948733419646
3.595883272679934
4.089699837147451
0.46092161223669503
2.6950205567024152
4.368588218641044
3.3160409593855724
1.0870744620605093
3.409584456978354
2.8183616847404207
2.174430867862745
2.802153682782467
2.8396264388076236
1.74737264815338
4.019005971385914
3.9127263540585155
4.226605391846963
3.3570759902468046
2.4812659901863636
2.3700474864027052
3.7418815854483967
3.286595462649029
2.8517238894313452
1.010821577752233
2.748639779163381
3.8570826608672086
1.6912237760278286
2.9788193761424253
0.8059721015894743
4.193348559812973
2.5245264495605064
3.699731900830085
2.3432461975471903
1.3569484447952824
2.8665927622823344
1.6471976851030916
3.3505154616090453
4.340033397660161
3.81097214549663
3.5342647503806
2.779498096178998
3.089973978126244
2.967615203031303
3.3324261764167695
3.4829881664337257
3.4121998737467805
2.0858587407672693
2.9258787478882264
2.7638374013058726
1.4983793897137923
3.221774281686782
4.123273836941427
4.064483210913163
3.50600217362294
3.855413831960939
2.0575473156719286
2.1835300982387866
4.114718028774227
2.0160304922254775
1.9556260962050405
2.078380826149609
3.7285470718216964
3.664500465549611
2.92888224421952
2.7190074519908163
1.0079425557370179
1.773932953322045
2.3075976593970355
2.1909378827715247
3.0347548291988162
4.238968154045629
1.3280112412126994
3.6004609081841723
3.6137383915035257
4.0055860658159705
2.226343604218682
3.421409185603568
3.865358929147099
2.8053621658964434
4.428786645917207
3.634830078705996
1.2596295846225334
2.6124629311664216
3.567744581197706
3.19503632779444
1.5722165060029099
2.8765000896308033
2.8170565400280148
2.36992138373318
1.1221677584266194
1.8888274313438416
2.667991834895879
1.5654581518378303
2.448007925189703
2.1276252275785192
3.7360341222972115
3.392585138533244
3.4241259401912267
4.28518843995623
3.1791094956655344
2.3828515160742176
2.9334965725606135
3.02341534159978
3.136873855137575
1.1256909690205583
3.461310094714589
1.9011193424113046
3.008651183513613
3.1957112855485983
4.359422151259915
3.4323247747617405
1.2547259136938886
2.9172501549436842
2.7756877282783723
3.2559788729078036
3.0692427083701443
3.9116634052408705
1.7536686734309368
2.4833689542817843
2.9650708597691913
2.9712628379589217
2.7119524401442496
3.3766097660726913
3.816621585301275
3.0950922717759806
3.8183569713071503
3.711811517026811
2.5513093532940534
3.159703952543832
1.9828497249093648
3.7194054152176426
2.78068392285229
3.0244850073561973
3.837091157112566
3.579575911713576
3.008230506666516
2.3374538949760795
1.8778159390095448
4.045319563441903
0.4748036303804546
3.8310649082422668
3.4297380879120123
3.2667772949566882
4.566699044448267
1.3788422950528707
3.687185830568027
4.463760541583865
2.4232650462377303
3.0937468024325256
3.034335826735151
3.642179846954258
1.1506374555946672
2.6459444237407332
2.1689601253162225
3.5604468790142905
1.7617353762748216
3.030881396263204
1.814181123467351
3.2780159250319305
2.9612107074268894
1.7761768192330643
3.2553470495828125
3.8037741683352455
2.382125107692973
3.264059088489575
3.6715716936604985
3.868693111177414
2.8050805342537033
2.606891655849012
3.607906521914315
3.721773098691579
3.2495596569925125
3.183950186234861
2.87056190570292
3.179102018798966
1.3396826320641
2.4483230001753196
3.090111513914224
3.3691860748215126
4.293310109574289
4.1645718471537325
3.1107779796716915
2.8225995788986733
2.4240710689777014
3.29949327255327
3.180140776945072
3.680014631627076
2.6063309868327607
3.9050616431136826
3.894915066566274
1.6728686847389038
2.126689971596864
1.9131690616168044
4.210668712744791
3.93435696904575
3.754875359595792
3.275138332266511
4.056814331087502
2.4141888474769826
2.239684359483468
3.8112632632349874
2.7529301595916507
2.3487647131072373
3.783365906541746
2.826746534673405
2.2468393769172876
2.91439829822034
2.5216802573364427
1.9845764607356537
2.2818017327648317
3.7457169083680464
2.9506206022356496
2.9176232388467067
2.8718048694585927
3.5937674892644655
2.8576531801478313
2.572179862323213
2.6548642517597947
0.9527432387551311
1.7146491979638439
1.0500493360295764
1.812916469356558
2.031135364630051
3.092586831121358
2.564772983664029
2.1056514621632054
2.0209115391189023
3.590030188191537
2.2990746491188303
2.7092253472284704
3.0664314549937637
3.6672089436155417
2.607337178906627
1.745224681270905
2.8191860271489855
3.6886657394678464
3.3038843585516573
1.8471011483204607
3.3288922758164436
2.225159868130084
3.1079512140015138
2.9367625344494446
4.242358853444298
2.4590822633974434
2.8626457206971483
2.648550931354761
3.3003072760963623
3.9155309398434404
0.9374091955599755
2.6133384625276563
3.8689935384901015
3.0821828464455034
3.66492741947032
2.779378465660335
2.5038006680034504
3.9030985163233534
3.530587413802239
2.6298687992810543
4.273118723491137
3.9026927740329254
3.8138381172441096
2.362068120922508
2.9406039419232735
2.0771231922565168
3.5345788840370025
3.2583204643412236
1.3382624945850616
4.279319069094731
3.3236967997126547
1.6912527954121335
2.501557752931605
3.0471323539256243
3.37526860838859
2.4764413029920394
2.7904434889462046
1.5823221445112605
3.4284414606334312
2.508662365242291
2.649134410318075
3.187882108487989
1.3459603079826739
3.675135600841552
2.383876852185468
3.592732399758931
1.6964347791305692
1.454905099561167
3.7758440095501875
3.903575017444902
2.6210539973102938
3.6350687318969097
2.1704850515876135
3.4311029374398228
2.6649854496218457
3.406316285320584
3.186011072043246
2.326297077862071
4.447712613496852
3.699653218563023
1.6637371740869344
3.7401823069147717
3.6141869958976147
3.971186735469399
3.2166034764810876
2.579357017824606
2.432164918512299
2.5096901369539126
3.8793415287683293
4.17162767626251
2.5927499022474856
3.897410915754088
4.291510508284941
2.6959117963041526
2.7075006725911726
3.4260928992962967
2.9913390253108427
2.5110975182090756
2.4326753556194136
2.939755109091671
2.266236393969642
2.2554992228606383
3.3095854168137073
4.221252702747887
3.017251971627729
3.009100846109353
3.0327842988311784
3.6301492767804606
3.1929085955748007
2.8830984279390495
3.890647775332258
2.9890368469207975
3.74090450993222
2.7863238129458003
3.767240234037344
2.6180849474907024
4.062911772440579
3.0162539618512376
3.391120469686344
3.572989162422871
4.318877394029485
2.956391139996416
1.9848495466490554
3.6113206678356025
2.8545935396515216
2.8794520493156863
3.1552125424447603
3.289263883937112
4.216659663118105
2.527796765383306
3.108749919092768
3.32724648741766
1.7103348986838793
3.6638106998480016
3.2831372795964806
3.7731586619943926
3.0641382840249305
3.916549865899435
3.538325775989073
3.5873118071467194
3.935495994015033
3.406455468291676
2.1868108148990064
1.6952161006837512
2.6861990102693354
1.5467015633495107
4.0517298312476
2.836329910402292
3.3226750317214386
3.093387832770817
3.375458806829236
2.481162385960808
2.305467895694799
3.2358268389161373
3.6871843734407608
3.410116212944457
3.374623636214162
2.892814445467172
2.4490943326238903
2.6111081491322414
3.154214573272491
2.8813759950778497
3.1373504213689
2.719692512925906
2.6427545640395294
4.386587516931318
3.849917566817615
4.356087079563532
2.5576247466221775
3.5503313375393017
3.4262578673776667
1.9132782408727897
2.1763604797929115
2.5922894536640566
3.230025673424421
2.909630531161038
2.3937787200772696
3.386863853982844
4.372619682362359
2.686672984844201
2.483886129806756
2.9332201665432036
1.328410022627721
2.6015959997844362
1.7536823850918193
3.4414179082989143
3.4951202155864136
2.9956882054178533
3.3156247506479213
4.068715266874923
2.4643300272179673
2.439737867157607
2.6610911272524813
2.2757733439934866
3.600984049086598
2.5576208055776544
2.2458175112868157
2.9199354389095658
3.542841489946569
2.8737962033145097
4.233890269380142
2.7656473665157795
2.963012820834253
2.713087070938249
3.203086907090085
3.1605914230410397
4.61476190946032
3.387024924429366
2.9102850546709966
3.2122631135883455
2.842347108591938
2.617765411779431
3.0308120777825143
2.8554969478076297
3.2390151029535157
2.508834588531219
3.3736144459360076
1.563904237136636
3.4652100989258052
4.503950797051813
3.5601573956501547
2.334415619159472
4.077958664809104
2.9288184609961188
3.326888828473663
2.7297970926402995
3.739514458980834
4.7081964510505685
3.596738578706576
2.518801444510911
2.2629812541133294
3.8661633424934423
3.0686777797752818
2.5754658699894715
3.9265654131192558
3.5346962389667307
3.889868216433912
3.000696774617905
3.6354037399933956
3.62941874239478
3.8064359410559505
2.7520705312525946
2.58945694737574
3.7179910820768973
3.5124595562064185
3.1968242115382375
3.962399025239463
3.604997597368619
2.8510398145040066
3.0676913410259585
2.4850038981395888
2.518150246925406
2.83447977694548
2.834795002054135
3.5844478446825776
2.3683064218981125
2.297744488246252
3.043269924227406
4.483764568094751
2.6528631186068754
1.6451188293212833
1.0265958883854769
2.8253765579802264
3.2125989264292425
3.5823123678612587
3.4927462482565224
3.201716363770312
2.2514369658955866
3.7607106744585574
3.863632717284687
2.356300306124782
1.1117779218222852
1.7673144129705387
3.2472844591529424
2.460938892667531
3.9055862473979723
1.9079921329731868
3.537338032061814
2.650274073391926
4.01450000747456
3.6677294132155667
3.785030131234427
3.513424728403191
3.4220925817890504
3.2625539742205585
2.112039315586943
3.4888096020163264
2.61460882329342
2.736483181726805
2.6682807040710013
3.0447664040264875
3.4502355838442935
3.2573173312825086
2.0994813122476144
2.99649882443684
1.9565930758926915
2.3311518881925655
3.444745492074132
0.9561877007225665
4.592796900552658
4.05061841630247
3.562280048344623
3.777861364947806
3.16780556789848
3.4597365163133267
4.167251279097464
2.87962356917661
2.57888148337289
2.409757441068645
0.7686581499621832
3.760917734527139
2.716548813804178
2.295769796175169
3.8722408753645667
2.5676245894122696
3.9972541806691777
4.288240677681663
2.7264698759971084
1.312935994964105
3.1044153080696852
3.7540124487278668
0.5383165149931084
2.408228171816927
2.240555728657537
2.070308113636789
3.8340156627325173
1.3663110441137143
3.8222929276682915
2.5610804469198274
1.4521547382988764
2.125232270383889
3.104666845994981
3.0837845918005633
2.2923841902093773
0.7751628252846063
3.436759651054473
3.3582834602835776
3.823039809690188
1.6969168646804866
0.2149488942236837
4.207912591396276
4.011028605251039
4.063732023182535
3.4271276956747605
1.8467450125851101
0.25954259725878204
2.0889726469697227
2.250925454614134
4.926717160548928
3.4832489414311283
3.0646848638809594
2.5619233284339438
3.6214799029490483
0.8886903071561925
2.0676110327663095
2.2536504957829675
3.8958604780065413
1.4380289611549646
1.689063681913867
3.4692672405075924
2.4237394465040056
3.930922631301765
0.8123906758457259
0.13572800531317455
4.21847919830773
1.7729195606826085
4.105948653397128
0.5302020956186011
2.6850252726381503
2.6034651821222248
3.560459200087133
2.775871384662549
0.9168408761174986
3.2290099467213182
4.224636926327139
3.370292822910792
3.4195338188987843
2.847373086584795
2.988134267587514
2.613778136949229
3.2078168142120993
1.3944107339790348
0.8592677300605853
3.899483302438624
4.33086664273573
3.4672605614688314
2.7114538006981594
3.686033637872741
1.633662497868348
1.282596908078851
2.9638885547576805
4.15030498440859
3.751154030169901
2.012956898154937
3.685217301476253
2.5821471453232387
2.557090102060473
2.3955863427603163
1.7343961242384944
1.9687270074402776
4.553061627504583
2.9948115701558344
3.959653844365476
3.039073674385636
2.749920983014324
2.106298866855886
2.475018191015634
1.1801394999036297
1.6099719714515557
2.265399025584054
3.8827141237011715
2.0300241359729405
2.976150187416128
2.3605477095021623
2.25295188473866
2.7210470723842586
3.3306248935882192
2.2511631611612546
4.258317259704615
1.7411503601606604
2.9755774931469703
3.3113742585158707
3.4515705702013055
2.7742970385926022
3.15045188475734
1.7342721454073573
1.7381890312234494
3.118237748440681
1.6485343639985335
3.431075999576648
3.6741233501765795
2.702355179998455
0.11078614127823236
3.679838208784059
3.347374528429722
0.7336393770993594
0.9255587685239774
4.0854458228393975
3.452191260052472
3.773189432958165
3.924601742777138
3.5327543859394916
0.5831933089934636
3.6785542495198937
2.3772386314459686
3.2520591617443415
2.5812280146296858
4.548735835658144
1.7585511788778572
2.0178423783318697
3.464314551853825
1.7147471566954118
4.131779462747155
3.4489525427057743
3.6577051688220985
3.5819546638568944
1.5145251193135107
1.729121981613496
2.9038373519485847
2.541436428881572
2.020244077707632
1.93309708284285
2.1943548379635294
1.5342697268580796
1.4175084934527247
3.9641653494934714
1.8826391045722497
3.3221621818318074
-0.1100624750125245
0.7534170356967582
3.007116663729137
4.157287611576641
0.771008263274322
3.2475092681078253
2.844181668771437
2.0065887386760237
-0.030229116541643147
1.9334116338148695
4.205218907124796
0.8465234306935749
3.036401250416316
3.57198766310043
2.8598944269456106
2.359076068407772
3.7800310035869855
0.9265186616806649
0.5980483209265963
3.791477762914165
1.7291440401995004
4.1630240708168955
2.8111670293846296
1.4628685682904587
3.176940507129049
1.942287570127426
1.5612432972495176
1.5259599334834206
1.9264066330119203
2.749237280724721
2.9045072691110727
2.91904203663076
1.2460628213805678
2.640314008768355
1.8436999368612332
4.016470221958146
3.859178530595783
3.500235641623547
3.0502978234262437
0.5590846849280187
3.505355086661726
1.538827055226672
3.2022389339212105
3.420208915885166
4.190866388795882
4.228911471087493
3.27878690301714
2.515139921222513
0.9798291548319324
3.92445314991062
3.9450816781819342
2.4699904633730583
1.8313585504846903
3.3409158572345676
2.113593203625724
2.700485693406639
3.0947539095235306
2.4734014954427335
1.5783607359196465
2.6791972156758534
1.6469613805551664
4.577388661931919
1.6682544622599444
1.1621550291946725
0.4939151371414252
4.13757429574098
3.9172291581138947
3.988406279132169
4.869664825184648
2.748193180586861
4.4715661534267825
4.6040963518100355
3.78165652867005
3.875573659412552
3.6522915877571616
1.655797632097506
2.938885883061712
3.916557302167934
3.023533724670325
1.776607102203267
1.6105347592491313
2.8373840476541687
0.7320325216403689
2.1016370637106294
4.097469320397096
2.5359278376475856
1.5266787576848524
2.7990462174292112
1.4006695533966398
1.4948951911756063
0.7329317211013602
1.6584283406931843
2.4646739918654723
1.583167450228847
0.900602727003438
2.0441931878122817
1.1240697452037185
0.6950421181999319
2.1496665711324114
