3.7035917571228043
4.1050858566795805
4.394981028705692
3.8827705023295844
2.449363448621313
2.407807075653381
4.156494156755252
2.3428804601470437
2.5939028708747607
2.3778359001790528
2.3494917896008567
4.979380237336859
0.9389381737090484
3.5571548504521484
2.154359087245395
2.329768665243568
3.7379566960982507
3.573954880369555
3.6787511093766248
2.209456039201624
2.4215626311209277
1.1490996305560697
4.258816111063627
3.885270808201367
2.553065801000867
3.230834629653308
2.3049729790770024
3.336640314200498
1.2669157223963363
3.513375483128866
2.2364748492122213
3.4110905524925292
1.3855260164396945
3.8205998612719365
3.050514868624241
1.0536739106290964
0.8279263492402212
2.279219437228884
3.3400075991507934
0.9545773835563053
2.334251896216703
3.46098864508626
3.644396343634591
0.7603917759573317
1.7488181510323786
0.8326700890345065
0.8294788902560944
0.9023342531657411
3.6052801647916284
1.5014430303154416
1.036297148735899
1.7012723866962167
0.9642870881904154
0.7955468560499533
2.909210480090439
-0.22244820030339174
4.04634779582222
1.0764881011336955
2.477126392738272
1.9262574305972464
4.618425822403961
-0.10611451856613752
3.116489857908021
0.9180255023344991
3.2115976996315636
0.9934590819618413
0.3729356180107073
2.3513759074397926
-0.49144887980400054
2.314906640180679
2.2530803734718585
3.9324419431276763
0.47175859668040776
2.7008999035926204
2.0800795680211546
0.19450893439882788
0.7574965662563541
-0.1429684210053649
3.300539181694408
2.8892781677695583
-0.10309060688159599
1.2152556399587149
1.2009301716969416
0.6538190751482674
1.2438914135501216
1.9452324128781506
2.84688026090891
4.065663584611738
3.1292314925014764
2.8803293001418813
0.5084548358169055
3.9819892350159383
0.4998586781434754
3.782108298916516
2.309854113758799
2.0533528546342854
2.8581221717589966
3.7059169103505183
3.2539132963941673
1.8055531343784115
0.005184426018005069
1.9010395058055347
2.826219180484501
3.2978021800914843
2.6362401320901307
1.885473770162139
0.03917792479867178
1.0705321606752929
0.8240621792334092
2.0376620366020934
2.0939392282293423
2.915121484139803
2.499958223929223
2.5343916264989317
-0.6583251542557123
-0.4559789096437197
3.766396994477214
1.003316886728717
0.0913417392289596
0.9581861267293793
0.9717850468481696
0.5960231410566502
1.5577396504136698
1.4468088747266916
0.9795733651825186
4.8086161656522215
1.1051256260060116
2.90287468908827
4.694735188189497
4.084321523981972
3.657423823274611
2.6704045271713523
3.3868220414375276
3.6597673092526026
2.7152068154319218
3.984047282494004
4.959054033393092
2.7308987830515568
2.298130749991934
4.169018359375169
4.810100622176842
4.155741702133
2.356793953842907
3.272420579926082
2.250163126858367
2.6177723167583347
3.7561123667676264
3.5453974657170755
2.6140995882397116
1.2137472154397222
2.64581202638238
2.6259072506142513
3.8119096820508784
3.3528988862425675
3.0196440739558854
3.076382336202633
0.474588985241181
1.1189337252294347
3.7672565402099667
1.1515920341398043
4.855487119184302
3.198937815388586
1.132556745595687
3.453833424978736
4.123546721202537
3.456549665064323
3.130305297973931
3.439471305235402
4.06945303258493
3.1309680332564374
2.4040237636716877
1.17368634509779
3.7071391233257907
3.264686556085462
3.4641237233907556
3.424419266127723
3.2801311802299793
3.8165236134105536
0.9919495178362937
0.4097287604654555
0.4226144225951053
2.5363540132991234
3.3085037390120617
1.1075501416824713
1.936254156393444
-0.07183254771637604
-0.08078400029232935
0.5771899126119706
1.26944581548274
0.7952975201024733
3.162397688320365
3.0148642470461504
2.7829591794342687
2.773525692948171
2.546086839992532
3.0212152773719816
2.7764108149224414
0.6684332542297314
0.11753980328301938
1.6093639534494928
0.831116708732078
0.5656363089501241
1.9247517396895952
0.5510209962519502
0.610941649379285
1.1675997032774963
3.5740384318149494
-0.14839798381427916
2.702632017498844
1.4699275106047225
0.9935596855526713
1.0847270929999453
0.9994999764464888
1.674906602124234
2.234761633071907
1.1482102634161118
2.1035411402926902
1.817679129899045
3.0228898724764983
1.3487093295027985
0.7176895224618655
-0.415654565370168
0.5163685903733012
1.4716741522464676
0.16287449393355657
-0.10834038339762742
1.904563683072773
1.460189223151218
0.5077062788398516
0.6843600241780258
-0.24840326922895772
0.008639975875047619
2.311362844415712
1.9411842114853712
2.1659741579247735
2.8160927380047247
-0.0739657752172792
-0.16373558606290273
0.377961035128744
-0.3813717040131398
2.3765393488058564
-0.5119451179526082
0.39142382739427417
0.22798507472522156
1.9959756421768682
0.5565757187389885
2.364716426619368
1.3601713873365306
0.21176964892595274
0.2817563871144365
2.954730758449942
3.9976704213105383
2.005609583943344
3.599002499815026
1.754156722139652
3.6220962102646754
1.681053808260462
3.397438036213351
2.659777806747314
-0.3538422448832612
4.207342818846675
2.8332968960355025
2.717795450572831
4.422978348485606
3.1654088376888647
2.4980688705948535
1.8865545091723566
3.5050654253506557
1.951860479461813
4.607263919008759
3.368395353443202
2.589950995706067
1.291500509035454
3.4659130595632104
4.33043930702347
4.76728796016368
0.9798761770411951
0.29418848287554056
3.7838189789819245
2.3581546104729094
0.9657142299805516
1.8059336263251782
2.8437797610278848
3.3844403028534544
3.083160605858598
3.932073647225852
2.6797838532047122
3.6584934920395615
4.043347947520509
1.3151709394657536
3.91598762108755
1.8182192014179475
2.8770759170271893
4.13080509819212
0.04191762551957435
1.417921702615568
1.7494044708013472
3.448534376736482
3.4820746849156063
3.1694819909945697
5.190176921879825
2.997397525307977
3.209056592575473
4.586299129817544
1.255044034861565
2.9118717210292964
3.9842793908366
2.1747804285475874
3.8492791823045898
2.8837606057632303
3.0941121311321482
0.6273500855829668
3.069577510455766
3.2828738123770793
2.9713358745540632
3.8385608535909594
3.343512957137276
3.8679208305093566
-0.11898871113706389
0.11966076987195906
4.086393961891797
2.6102356456035465
3.7417692054768232
1.952031645620028
3.8402996317222295
0.5110424099604394
3.6952724906869645
3.217880500833083
2.714378082120957
3.4886953309512116
4.33753954220596
3.3634793485319947
4.263006471619683
3.870767051153225
3.5938832558839073
0.9910848483694589
3.8656074227663666
3.7916210194239777
1.515222576782946
1.3480965457459444
3.335140163815756
4.426039926267652
4.2419759655218385
1.2935011133441183
2.6289351282255358
1.1718149331611436
3.1680368458787322
1.3729441920416912
2.0996205509535137
0.4701429616433884
2.0199415047479805
3.6852587782448354
2.5887250004798807
3.702800188587624
2.810081168191367
0.38274625626645176
0.8273425406712097
4.01617357347984
0.6125109290679823
3.2589498680862334
4.0833856977746485
3.4999946444531838
2.377836619679623
3.0984748279473684
3.6557325648684924
0.29156690915440214
2.675950557654463
3.071957163931184
3.2432030243632495
4.431496236962879
3.359888540443054
3.647762444344598
0.8033124319622735
3.2627440494246773
2.236181462537721
3.9040389487528917
2.6432972561640296
0.48464926802583963
2.8225871151119235
1.9463194098750318
3.5750861218911365
3.638708222172835
3.3807363657146374
1.3200750695601542
3.5437794693700595
3.3376370200807375
4.505455761544689
2.1180754693622355
2.8328880624834842
1.7335604914672804
3.4578463045741925
1.7951650362731184
1.0445811018636766
1.6786717253079482
3.556593313572897
1.1907357116373816
1.338998435436403
4.794054279351749
2.765899424427972
2.132181414016786
2.2119273452675707
1.4785271932190045
2.122540400495438
2.6312949031123027
3.683717105959961
3.62421973038272
0.7111020605970567
2.639104401397319
2.9236409903060627
2.230368239278297
3.24202742216507
4.390183353382574
2.611709717061571
4.28945298149365
0.5777549232298501
2.496374976369804
0.5133079272923219
4.243908810722707
3.320920263344808
3.2089940146510174
3.4148699603205404
1.657969729778951
4.1147155311747685
1.6705186718757377
3.521925192291081
1.976237304206289
0.22101435397181857
4.793837951948181
2.784436811496174
2.3373682743702946
1.8039904782415888
4.397980341987556
0.825924312934833
2.9523213807831667
1.4014711343735315
3.659481308262496
2.7267094482931564
4.713198093017071
3.0833320908781015
3.219176395863473
3.1890818819075877
2.4932662996241253
-0.08061811614785397
2.1385030786462993
2.534953674032875
0.33836724590300327
1.8872080313078294
2.6065910691740544
0.5408400097703089
1.6759174033851547
3.4844684224968883
3.783313734816347
0.8889844373191262
0.4484418889561782
4.503910745649646
2.794029886066408
2.3458549357161065
3.6778715999305827
1.1105103326250094
3.534287164608032
0.9808163384382116
0.24262131841338397
-0.3002314203565123
3.198690692078799
3.408515496553106
3.257490912486144
1.9902808401614664
3.897065225154748
3.507186011552649
0.9108105032330523
2.2634852281415543
1.6757407361985481
3.3701185706802623
4.167195396806949
1.609903467573058
2.882045795523967
0.9744920971234938
1.1303230132944897
3.6579387474909413
0.8484295593550671
3.5217024221886466
2.8866905478736715
2.281004195263882
0.4451416734934388
3.516984063823115
1.3916657405983381
2.472419646682322
3.612922206492684
2.9029358757619033
4.5108943596125215
3.580644644289585
4.172101551332766
2.992098213771382
2.8967895874094998
1.5634024658381616
3.249608759147056
0.36957972836513503
2.979464179889342
1.1706151629051587
4.226119361466544
3.041322753392803
3.32319737488691
1.9991005037647631
3.5501458378513435
1.8059745149747606
3.8499578187676398
2.4273268978931646
2.028280139870628
3.0546239725187765
0.46236564807865366
1.8241692517670896
1.973064515406171
3.2002948302858916
1.384151896104237
3.255009443790979
1.348263976156817
1.7835871146452442
2.8198579953064673
1.0828603990310852
2.6476696239448496
0.7633032028856488
2.8877192792957724
4.066449873674603
1.9590805350803655
3.2689342066342495
2.305090701593302
3.097749775747362
1.2945690842231272
3.2490404543919973
1.0682139978527379
1.146290815648412
0.6753915194206747
1.502110319807456
1.5252319183563467
1.4345094773932405
0.10114698331720551
2.598775861110916
2.362183627365973
1.0165464907901371
2.321754437183455
3.5138924204333897
1.5752385555614454
3.2657640724093233
3.6545452426100895
3.714248898516895
4.366296312860353
0.45217072381461587
2.5119972381046005
3.1420294732731264
3.870611799584865
3.3133091982257783
3.1105560165466453
3.2897264716536605
2.880771807367793
2.186721993736824
3.5783720626538065
3.1612513236411077
1.9197712052008593
4.186661406367101
2.505081403348595
4.141156905948009
1.7487531241395722
1.648449626219228
1.4470393264479637
1.7910098794965492
1.7884387077484796
4.143642085135481
3.7240325505446994
0.8151708925102681
2.687517040607406
3.30464729497396
2.723472603542906
1.662825003590251
3.1663119758153124
3.8034757102255874
3.0244526087578536
4.196430317137212
2.7513587398366086
2.7652171983392053
1.2558843787628913
1.808038064610653
3.287732739929955
1.9082884420110386
2.492421511067509
1.2262266200960672
2.8252776242622204
1.6038166032355026
4.093274865435352
1.3307723017665272
0.9806196684040492
2.2961722134544558
2.726488543275387
3.5203833074307527
2.5823361405825156
1.0843783190355363
3.6196655640137076
3.9168576036975065
0.42508907090011894
2.6719409136151397
4.45703711105023
3.4023690128876956
1.2554143045568207
3.5355133059429864
2.7813497293887983
2.2297744686582535
2.49112225347981
2.0308302772141382
1.8541939872115494
3.930804369290837
4.137215585942246
4.342061979575086
3.5653800679759136
2.732805039103878
2.0242674905461384
3.822933661921812
3.371420825566079
2.7360992104934234
1.0022037925418559
2.4257512773586534
3.7803397746030103
1.691102094549127
2.5552885384692487
1.000352657199241
4.292480275252574
2.1988624688763414
3.8272681310695265
2.3309094754612754
1.8850790375033917
2.7967807263367246
1.0289507931967652
3.0191788376281177
4.416484584849079
3.997766720282288
3.3886048104282693
3.2954844827531593
3.1090405626821043
3.3430513766211187
3.471214468469099
3.082048222586891
3.1554561424139473
2.1549059667757526
3.1862284274246773
3.189142159019018
1.2855545579686711
3.3248786365393244
4.298254225330019
3.3753462349552015
3.702237828043937
3.9028104813469606
2.3140645744205277
2.8380006804386197
3.746154014193923
1.4096702107525605
1.7443557847522826
1.9850769454941735
3.793608437873203
3.766525556053825
3.221085436997618
2.960903665456114
1.0969967663975078
2.3004204970921704
2.3960786215230097
2.6703703410045705
2.9711453535833745
4.3172760391258915
2.6158722988586085
3.77283263834594
3.8587274778554765
3.9864113550422613
2.117339112985731
3.6325926341044252
3.964584651815155
3.1670349084231053
4.565413545203738
3.9107151338197457
2.2769358797549546
2.9283771889174144
3.7266477971567022
2.943995393168423
2.050700536063011
2.978190299301262
3.0886931111585647
3.0942752985746553
0.9477077478728742
1.7700278261096611
2.6288285890485814
1.2463750397121447
2.633290043372708
1.9539022928334862
3.9675058919613693
3.691775037336404
3.547587561102301
4.399817149843365
3.234070255219233
2.711807824443699
2.9174128876607526
2.6886540045099108
3.414648741364067
1.136451001079469
3.6737203922091477
2.238249288793542
3.1875183985478652
3.443750068439807
4.294868614749507
3.8424935988996087
1.1357366006578524
2.539098289642373
2.879965391009929
3.7286480860709967
3.2002961644052963
4.1897145060160135
1.7978196742302193
2.4441252617989098
2.3425770627289366
2.9770710041962833
2.7043989857655277
3.682883963488496
3.997336747208547
3.262009804607213
4.266773065148595
4.336118890972333
2.8996986783193175
3.5427766575166832
2.450546991824266
3.8730762651751265
2.801715976448187
2.936019821866978
3.9681562032609414
3.9344620520749567
3.220095212887349
2.0887080214750284
2.7939634252359378
3.918847192934722
0.9343983097944054
3.8665501328842242
3.8525770043819176
3.3614600882270085
4.472935296266781
1.6968800331160248
3.798403295746192
4.37793352031385
2.6851524760332874
3.204579030919055
3.3464850963027115
3.9397132252077944
2.157553631488373
2.7031327453618625
2.4056672797429073
3.847495788134409
1.6889008379893944
3.2025722647865
2.0633830146973158
3.5602477772883807
3.131523638285949
0.9820696251588984
3.464924949137353
4.053026394250775
2.596773352140085
3.3369533752560034
3.507537902746123
3.9389795671012027
2.7192336669325985
2.9496674823449336
3.2834505614272875
3.889388672224204
3.455094437347935
3.404633796607531
3.2299994833735677
4.153543069419918
1.3043610960042988
2.3872622641189385
3.335047972804874
3.205925638587483
4.4399186482622435
4.482601317156667
3.226487046576301
2.4733367505125625
2.9069182397750675
3.673877232575767
3.4057101062966537
3.7701401525474716
2.7789213829016375
4.145874521575209
4.1255541282300845
1.444787735806765
2.441268761691829
2.553309525062357
4.050632390000299
4.188053680832264
3.9452001236276377
3.0449834285522273
4.154101829479091
2.7801521868385213
2.947706228133255
3.8791803755771173
2.658103268213019
2.4784665204740013
3.5467605703658474
3.4440402379337733
1.5305730368567678
3.3176995654148347
2.483982272011236
2.4544281982533485
2.8851234868404925
3.842243732740721
2.394077001403193
3.3294593996923534
2.8310908054254074
3.1922284424741796
3.0931938234925407
2.5963081490677196
2.536118123644579
0.6428558932426819
1.2786011419302419
1.0921208832323481
2.467635730994304
2.186512300632098
3.038665660517418
2.546330701961836
2.677037385786472
2.5622401444584266
3.710673496675328
1.5011481298729197
2.605576507200982
2.957285335408337
3.9751574068586386
2.9691989618660117
1.7844651234114144
2.5846162374115678
3.890771354073929
3.6532526039902335
1.405855298902901
3.503196362773819
2.3180994923596563
3.673013517176872
3.4516605446181243
4.332152320133627
3.0203046580096884
3.025762922922073
2.5963518043877385
3.5200309379164083
4.030052459388531
1.3508197727046074
2.3751884805243253
4.029125618812944
3.21957449160343
3.5101885501328334
2.6033324657074295
2.2372341955029103
4.050791646810449
3.892963055538248
3.152626174826698
4.23183482598456
3.9642334787331728
3.6899004150419374
2.6806265002017127
2.9828704155467625
1.7278309183379998
4.054888949777863
3.6269224513158975
1.1679806029375146
4.387535689451047
3.7486807265872897
1.9712837615385914
2.675163080207285
3.433171638914367
3.799108848452382
2.385061583641837
2.9068607134657722
1.4611363110461968
2.9449213637738993
2.930919848880053
3.051775702691209
3.2754483052988603
1.7071561249075986
3.6886089560574766
2.260146624018955
3.88630153375003
1.6147699259004298
1.0594130683959633
3.881773840434816
3.6569509126835293
3.036302986016287
3.7491278469983484
2.1976326966073207
3.5001020764039494
2.5905135455566053
3.3746984017274935
3.1955188854213965
2.806672871362552
3.921196017703847
3.6155342369820302
2.036101722215767
3.8087037312351133
3.7405206648334834
3.9911376631369966
3.230177329078083
2.0925130975310373
2.1381027600540623
2.765163257170719
3.700640472580488
4.370177808564939
2.668901924600652
3.8453219919022223
4.478959733917071
2.5167089212438345
2.4589556876846372
3.4460155797957706
3.236188401441344
2.413778588742116
2.6785609545619615
3.468156227875056
2.7588784424923722
2.128969756089657
3.447270873394356
4.383109884474342
2.8435789577970243
3.3714447456186964
3.5894629364804387
3.6828665776968945
3.6602982191832685
3.025078399206833
3.8438709690179245
3.035637577259913
3.857842438410886
3.0009855353968526
4.180452634480023
1.8427295249665578
4.040810003236595
2.85339030240081
3.62987369598125
3.701052328733732
3.7429904757104793
3.229076689792002
2.167604927130702
3.5245681085653544
3.4266417571080003
2.914866130857049
2.9554491700058922
3.349053964780771
4.0037847399668625
2.129641067019881
3.5267593395549404
3.735100550770399
1.9472172886727273
3.886084997653471
3.3150070640379545
3.963216688393228
3.6866174525374507
4.076596770971273
3.7038900372386263
3.414167474757394
4.263246253536918
3.17296200643054
2.1340729187505243
1.7772979328047982
2.8393121141357534
1.3041514520918875
4.016685764242453
3.023209903258652
3.4573278719564806
3.3974227495019815
3.5799427548557112
2.6014690203236976
2.394608600171082
3.844035633656316
3.729918811334807
3.2951253606262587
3.3367074222777178
2.8570304798835076
2.3715726025084503
2.7721126975875863
3.2334731211968495
3.1709042140568995
3.591247726956549
2.5757961677461028
3.3002965378104205
4.6064208784902965
3.980135486485159
4.344809130256765
2.7745811481321256
3.7209234620642087
3.326677682394968
2.1093058827706135
2.4181088742156915
2.8739228682769644
3.2758881394691852
2.718359498203196
2.6088159689026487
3.3748274531389653
4.564659910580563
2.8093607679197805
3.016375066813701
3.4076860207662842
1.7683359886289844
2.8523758836269932
1.804235519623472
3.7218529436972507
3.728445980684553
2.639682125012491
3.1942622889066934
4.202380075871661
2.4978337895025744
2.1758107004847704
2.7039773864298007
2.3562959747093584
3.853451716173691
2.5379709770685426
1.5699217723045327
2.993069889136577
3.7725166519692586
2.3232068363027047
4.209695963236695
3.347808002378765
3.431791723724528
3.170445030148778
3.064433222897349
3.3075411910364974
4.921248362885956
3.4661072760174503
2.988737518645063
3.3132914793692936
2.939698351183298
2.5466342428604976
3.411134753228633
2.7429455199532566
3.4461390147351545
2.624681195457995
3.426014808699797
1.6149481554315157
3.4649881896135297
4.7780231792763095
3.5210722850400016
2.5687058296689504
4.306505114558863
3.2543021295206085
3.323216752684557
3.330478328906054
3.9554487403528507
4.88585513705058
3.4660409803286907
2.160716560559417
2.6616142119380357
3.9151233434838817
3.059226266403521
2.398754141772958
3.785415528137119
3.525516839772205
4.016237949200491
3.2507503581248103
3.6770079845132915
3.8688822592604555
3.6407474203787884
2.678381944296609
2.9475229539510184
3.9392678516957207
3.5895865816964196
3.418961605745384
4.210151060505041
3.9820427146805275
3.079414513798045
3.3902007001491725
2.964740277737787
2.8980294135901206
2.8703167344160536
2.7056968206820176
3.5936466843046193
2.4860864869258466
2.8395458962856406
3.1396394300722825
4.533480766711915
2.4381199985210773
2.0174346557998852
1.335118150974027
2.949103233867986
3.1609965029898826
3.7006502428192967
3.6948920888333507
3.079683516059341
2.8203604063566385
3.395861346204701
3.878398787382561
2.0865463129592174
1.6804647668893966
2.6714036811423125
3.5926692706931758
2.6494337172538196
4.1912890045675315
2.505659721038784
3.62405857764479
2.3673192320179033
4.0902494370500255
3.7706848072847268
3.654235880834934
3.5160054313750213
3.1551381727886167
3.1066813169937046
2.3446298303585427
3.62735326074149
2.6844204163314385
2.4759292572492986
2.799310670031553
3.3592603686659026
3.54117497860201
3.7027495803455133
2.505592289725015
3.2668588472788604
2.2607148625634514
3.068214550636315
3.3830695627427954
0.9953048554122351
4.630892503714535
3.9886925558320994
3.674360121925743
3.777860695635437
3.2529685884242796
3.3135535752450527
4.056745068748076
3.4131705176081333
2.825288563270198
2.6127299684510823
0.7537102291885208
3.9695562147190304
2.595928899676892
2.1430639204162687
4.114328125524349
2.723867775671638
3.877424824927285
3.942093727359208
2.4159862262961194
1.569487401025119
3.3144157561100167
3.694160884170353
1.0593085690184436
2.212709575848011
1.9228554271360534
1.4944554891616635
3.2431922113239406
1.4238958909430623
3.861380620204647
3.009804909519502
1.6950884920107987
2.072776851269206
3.657607582237595
3.3139524859433385
2.2852122557308063
0.9673626015564771
3.3088927942506814
3.629236751031978
3.7354035155696406
0.3979298917631059
-0.3998996261361031
4.309499776208462
3.840260494703958
4.243106694093358
3.5787140892406906
2.2016822103711853
0.43904873493366603
1.8898067164736012
1.8358669718924712
3.728270851300974
3.436899015580035
2.3129877078404566
2.6408753332757953
3.5758379865501584
0.3706046209581281
2.072521814358098
2.646992371706627
3.9947045743083316
1.1811573567024722
1.7044962490325557
3.7095859108519953
2.0753748961761582
3.9129453825574356
1.1109842047222793
0.2418510416227625
4.459067912650637
2.228958165728425
4.265788451109229
1.216352508133803
2.8622569351898695
2.9003825561839096
3.1255483668909254
2.523927547523673
1.128320579279206
3.084703859461949
4.483936155934316
3.469616695950395
3.703085887174065
2.9028937275923474
3.027008181662818
2.3469475310639134
3.236617689305415
2.121548835235706
1.1433545166153496
4.136065408615459
4.310370092100894
3.701302397966163
2.8578603513422296
3.6707899093661376
1.5119679005237379
1.669952517503921
2.6176188798447786
4.532043709449093
3.9705348138791607
1.4527547755773658
3.721239980962386
2.606299925516797
2.430608863372709
2.8612973586904213
2.423595269961439
1.878076628196225
4.61576739716036
3.1814584701710835
4.163418784755368
3.407582559916789
2.365379410846324
2.312199992389881
2.3965995939910423
1.0440316627808754
1.0833658344636714
2.0273419703145827
4.116576272119909
2.400955363267647
2.6109163374206665
2.5480897471622708
2.2817455061780874
2.726041853884933
3.4598566777462
2.4574416078157597
4.250022746871803
1.6689852378874117
3.405364163790465
3.653863568540547
3.8119142734560536
3.083749699619781
3.31120612539838
1.7076522281045898
1.3297903116258807
2.9407270406480976
1.5767536285274133
3.0045705930434425
3.8402149499110965
2.4810348574636003
0.6190792973156221
3.7511776918775923
3.4873660442648573
0.7798221886646547
1.187787695055044
4.337846229161261
3.3467222335991624
3.7257809534911996
4.506258758257177
3.5915147479301206
0.9040096869270388
3.6231053270080342
2.45290624828898
3.57124233185464
2.3554255505642017
4.8137993797272784
2.1067187854427147
1.942080600360195
3.6295546107062617
2.469487501867729
4.186906597203262
3.773907233522786
3.5924344984951353
3.933440994851502
1.5277433895014108
1.6034394423928264
3.319366978927491
2.0347709395605
1.9794395915459972
1.8422232740729847
2.3474945584602906
1.7255319647687954
1.3127897456174207
4.006705418528714
2.0537249207998864
3.3620101668507707
0.00203315899828916
0.5094812753318411
3.30456523172159
4.159737040535082
0.8638690034407802
3.2267126053152073
2.995468635171447
1.407411804859415
-0.0009518141615533146
2.0261643994838767
4.1568136080670595
0.8073360897499811
3.239568052436122
3.6417428620170367
2.5642869263650208
2.516017296478306
4.343327368000832
1.218587622805185
0.6160218616738422
4.0110442905749
1.7757541547262559
4.27079516881888
2.7009013303148195
1.5211524342695897
3.2983156262728657
2.480911451436014
1.842886255616862
1.8404910223034912
2.0929654643756423
2.6645786203673665
3.2925260198491975
3.0841713344757276
1.147878239667385
2.7169119254969334
1.923144050537515
4.287637913659665
3.7902497885906397
3.7023559682965694
3.321304830604988
0.28053477878987276
3.5751644582658066
1.327069772685753
3.445684871817298
3.681905045767436
4.337537281796398
4.532436788170527
3.6576007736159766
2.5484483464043026
0.9797555893270388
4.207307219811486
4.583908365022362
2.3970677450229294
1.6265774124767953
3.2799543457923828
2.2659206463759642
3.651634153833235
3.2482489295032635
2.3180086298124594
1.372554917412729
2.748846224029128
2.0736824552935045
4.652844665251797
1.3263125407470628
1.0392247461179966
0.7637922719900986
4.175028903796056
4.23040868062541
4.033650607858691
4.984543019151385
3.2297071195919025
4.568503715144772
4.677865772446545
3.9068388358209565
3.5014879631754643
3.5102563929448216
1.815986590741764
2.73679127459174
3.383329368241026
3.025978065034428
2.4682069144245555
1.5922138090694464
2.9802894831669016
0.3530451823351086
2.260792169138562
4.310215842539089
2.6498049566260726
1.57291396318187
3.1120762927278176
1.1812539258273618
1.8478532622278696
1.3174767765090816
2.0129534262383744
2.601506099656724
1.5123974968342262
0.9504354039273847
1.893431858589147
1.7726478651881987
1.01155044920186
1.9820259952862083
