3.6972363865533464
4.1441615896340265
4.380619370066159
3.814413988219263
2.8625577712828583
2.749902881482871
4.115651224728524
2.7320969024234096
2.582503943482212
2.432988579334851
2.3474101136242465
4.909440723290099
0.8929014281706277
3.3495923171921453
2.753233484095994
2.1896137238160565
3.7359041980720336
3.52403771491658
3.494251818120251
1.558740699089307
2.7491742408701816
0.7785556842275574
4.253267980185002
3.9709614614692543
2.5758455433297143
3.2742390038786273
2.2690546840169725
3.268721046514077
1.283252396135281
3.5320511151280765
2.5357258744717863
3.4279559260045622
2.37816845906821
3.7666337039183
2.9848028364769044
0.3048782238935438
0.6848450058073197
2.6273650797693233
3.337271381467194
0.9514443603987558
2.8582611924830696
3.5216962469073008
3.687140048425163
0.657666267914765
1.9611926523588008
0.7837182609394969
0.647099757660586
1.461451268321562
3.5814741311752702
1.965512671840123
0.4907787531453106
2.5472884957484534
0.6398808985677996
0.6744170776534718
2.638974605438546
0.24574807177666236
4.023450003867865
1.0403729218061435
2.4299176718222744
1.861905374370379
4.726446722278079
-0.02235610449126456
3.279549310415615
1.0044039359770296
3.0452978571855587
0.7275424526267599
0.25003217327739835
2.7369351140501306
0.1106501411920663
2.5401694881755494
2.106783033225767
3.9399105559119083
0.6961508711276211
2.689444135991813
1.847273547838252
0.0633288370095927
0.582357171809461
-0.16253518806455103
3.677332409071601
3.0475685500057867
0.0767939106372705
0.6456660702546525
1.0002559672277964
1.0446634613490475
1.178641216265886
2.3196539386154824
2.8997752725975006
4.065207351868923
3.246491999415339
3.255891119162546
0.7852534118102905
3.917835489741584
0.8312391808730228
3.740224180346274
1.9278168926485075
1.7465137082148372
2.8522527684089103
3.491240705158314
3.0004602273399548
2.2360516259096324
-0.09450728914176142
1.3385352119978249
2.979830806127523
2.806474956787721
2.621264625691762
1.5715848943412736
0.13222012817578244
2.2537146077704207
1.5151546903475284
2.7448927249203163
2.3693465204641453
2.897255708541478
3.049859122918118
2.825087373464688
0.1163034163098139
0.03106905600125688
3.828909554742032
1.0283496207633562
-0.10021529799834226
0.8238751830135285
1.922642750429024
0.2979910710417469
1.4562847263305756
1.3427422374525633
0.5776294734032189
4.592610128787834
0.838564041233956
3.114161763764057
4.669937381512993
4.087062285603197
3.8057957668299407
2.823026949398684
3.3824901852131632
3.617174196724196
2.6462029545798136
3.9103260199912353
4.89494044905124
2.7577404258992915
2.109499561825267
3.9757620733952046
4.679532496866279
4.1672466274009174
2.636523319232977
3.2700305159836254
2.217558638929167
2.24080536698756
3.740487631118182
3.56998995916433
2.452430718189006
0.9600253602967163
3.1776543529159995
2.972049020032018
3.5517517349499297
3.262013989995372
3.114404866628774
3.1802384363989273
0.3161648232512929
1.359658273919238
3.846753123983827
1.1649327041536781
4.799342741833347
3.176388251631839
0.8837382549462293
3.337232559633745
4.086532230407186
3.8284126775217384
3.0326829179730566
3.4271974754643293
3.9754506365808884
2.873251680068822
2.768712963927262
1.0143666998023595
3.6122501957597843
3.222558531741098
3.277534663653484
3.4444675387829355
3.1457206009988887
3.592790601120423
0.7141071674054222
0.3333760738692383
0.3571205398832147
2.702895136503869
3.2585848441955316
0.9813644761060872
2.217489969394232
0.0003151307397096931
-0.03932110736910231
1.1459570966980157
1.2781342533087106
0.6060176504884763
3.1079224086300465
3.2875386114635825
3.1213016797350526
3.044032333145553
2.8209855202002747
3.0853064101126377
2.7429835721433324
0.7398661440477929
0.1314750715736831
2.267573307344699
0.7981286358894341
1.096083153464022
1.7480901795882164
0.5736861205409479
0.33649465678431295
1.5375114380488877
3.6013260257552626
0.21467222838780076
3.2109637304575633
1.4639035805105838
0.9334121018408429
1.3769353611292625
0.8363650585003061
2.499117508108335
2.7413401721572077
1.5705832197739666
2.1220147785878045
2.222156762845801
3.361967810213047
1.5337020965479822
0.6081492354849021
0.0827106087836852
0.43764822557230165
1.993668971545889
0.18232536187727655
0.47079607020280223
2.315643173746319
1.7484560647782224
-0.0028456885535560333
0.4213876759402463
0.016204232339606453
-0.09646251634718515
2.7576998976995495
1.9029884564019395
2.0470143923745576
2.585423275943415
-0.017772212212474256
0.28806290141798097
0.5459051932871495
0.002445510464120018
1.718953912646457
-0.36825562723489746
-0.1891522640835538
0.17010458437961373
2.4375428783002815
0.30631505803504744
2.872861061297539
1.904396995161008
0.5930890269239114
0.3203089238050605
3.1602212479886087
4.116911410587527
2.4196643836720484
3.668798086100579
1.943723728737559
3.5074348530483888
1.7431516477312934
3.5602507041419464
2.791530722960433
0.29097428873895814
4.328244248941219
2.89674214931613
2.8104737093141074
4.506099630623851
3.110984686161037
2.217645042803737
2.0552118877399903
3.530333339597452
1.9933103386932558
4.374812210839056
3.3620941553436197
2.417834330630978
0.784134160324285
3.8079084468373017
4.377794967500227
4.743482603999472
0.5420537898477401
0.46146153760029196
3.693459551493179
2.254841297434452
1.2737097407609472
2.3367182997086675
2.9308732316094894
3.434508892817802
3.1396608695579276
4.028905545675831
2.46976496211605
3.5010656354667744
4.174241546939361
1.5845328582051281
3.852260963012303
1.4397054646953138
2.899029550526008
4.213255227129786
0.5468860069251014
1.3620678082695303
2.0100121296689504
3.6500957806160454
3.219852524250895
3.17082001625095
5.048619727506353
3.219518108668326
3.324818446591338
4.538718388596291
1.024047425713204
2.815478629863921
4.032726069388661
2.4787141439264357
3.707372116516643
2.6399512349641454
3.144116624576895
0.7248204621941496
3.15972725255182
3.1647509939247125
2.845802824237659
3.8676021966167595
3.3321998294537845
3.553451543913051
0.13738973064866855
0.4064426276159461
4.108751234289913
2.422526402284377
3.9176525724558044
2.1228633255006977
3.722748675211942
0.4859292013511344
3.7581299437363533
3.059145377858005
2.843868790203991
3.338043073909861
4.327769461364358
3.457059274295107
4.33775543600392
3.8649692651854344
2.966061671374629
1.3752049502119208
4.0344475579879555
3.7403948795960775
1.5584997658932291
1.581970472769102
3.285481820355734
4.326058803895089
4.240337763405562
1.2486564708135726
2.0829197315279613
1.4098741355767883
3.4638618421214677
1.5581338212000295
2.0629056729384456
0.5151999066739835
2.5253798280218733
3.5411601703080375
2.5416345909170555
3.610925328966297
2.8707030011210737
0.3506100516790206
0.8109091418429949
4.006477694695021
0.6269945967472008
3.281906038521185
3.9476775129934496
3.695867267275217
2.675955234206399
3.066895817907191
3.662114308391066
0.5226898224894007
2.7932864770360424
3.073412059476656
3.288289605770602
4.315896873503136
3.390580741791826
3.988482680330408
0.6590242874301996
3.007049041869546
2.213888398546216
3.7391229705019913
2.3279671369464174
0.39472457041061504
2.7259119565036456
2.104198886049081
3.4906483886218145
3.7528552503880417
3.3239968761816314
1.8680328142532967
3.5546738031722662
3.213749156669578
4.592568029330415
1.8482878825399998
3.182259068665457
1.3096974516445705
3.2034261119881924
2.0683169289753196
0.7372142712971996
2.001412309032975
3.210985340171957
0.7115353417637751
1.5527446022120528
4.703443523172017
2.7109714404059333
2.1051187824174566
2.3752092036524033
1.3962890294819217
2.0882699095406583
2.6801316557973247
3.798525753552746
3.5767097156954644
0.8498631366440906
2.8192972288705223
2.998704678636215
1.9734404140062853
3.180656193745264
4.18396268198662
2.4701786649450788
4.320240479562636
0.3619829422095725
2.3030530961171105
0.47226955371608936
4.382607676482098
3.183632507433105
3.716568211589339
3.239192579567353
1.4116308525272316
4.1105805438003715
1.687094041942104
3.3217386635714026
1.9922366798587645
0.0016127579444218526
4.646531812732227
2.7306475006185216
2.3265379201120044
1.356629175526162
4.399464121623699
0.6103453086886544
3.0274025031563263
1.2746852186167212
3.626845499392403
2.4755365514495833
4.547158476170978
3.389440637516748
3.2716798779403296
3.247105815969487
2.878292365996593
0.06063001874880149
2.365218784879885
2.530432292600081
0.10101338705991648
2.214967249957644
2.6919339195934926
0.8836255637455942
2.0568881458490993
3.5165605362825603
3.702918586827241
1.1757266732587333
0.29160939957202436
4.487785713075611
2.4465257946334096
2.0378111983962355
3.6480463422760696
0.7038212271950197
3.316387762091188
1.505939515276526
0.8019296224586817
0.331963411335771
2.8085647388801744
3.535167347963122
3.4621672652111415
2.34172679258655
3.955416729447171
3.972728123576737
0.936700394417089
2.7717567500760447
1.856814170634267
3.122528906893058
4.031257802850562
1.9896392821581412
2.836088439405803
0.7731017639976254
1.2102351496164698
3.4757135834192066
0.9911913412640688
3.2384295064273743
2.853768570113498
2.448327520165805
0.4894656669989077
3.6836560603862236
1.463781166499877
2.506128667899476
3.651493919980947
3.0271703408855912
4.514444339521554
3.413389715711919
4.0822070340109855
3.0651680031870168
2.9351469623923316
1.9017521340144659
3.3096949397164908
0.3264593795040601
2.8547785038304214
1.5095021902199535
4.354462902533123
3.0709156514790004
3.1245013996284148
1.7928849792362447
3.534091967302722
1.90451773859832
3.8640850157319164
2.3454953101855947
2.3818507063802277
3.35094946798375
0.33454283139884144
1.704489850279297
2.457826704106363
3.5362194223054777
1.3783149011285172
3.299656773518025
1.6143761616320351
1.7663482585429828
2.7870520039773994
1.5699860550985667
2.739516017029693
0.7828447308110943
2.9286364108244256
4.127202078212979
2.2843562191344464
2.853893864686514
2.516825466403071
2.8671525774881874
1.7540945232379137
2.9763109435044135
1.6725951053243704
1.4874016682177849
0.8982921067317485
1.6801273490921802
2.0526168052974296
1.444105435509003
0.25932542956039717
2.914138159391035
2.2567239603836655
1.1314127131772695
2.34563555351606
3.7840567601922905
2.007521270650741
3.4759203531808693
3.6785129228860267
3.5739840827344893
4.322940850811543
0.8235763304378364
2.8388332115674975
3.2443762240978407
3.809434974368271
3.4318218491328305
3.1966853688324606
3.0330613787919463
3.1019953699057656
2.462449843306087
3.6126416376761896
3.342139746512683
2.015749526193571
4.0138092157178065
2.5296819300432904
4.393195775972526
1.806319731758584
1.9945772932157388
1.8519019105224137
2.309309635206265
2.012603051002925
4.123486872525115
3.7679094598262863
1.0885537964857774
2.7697870522454813
3.345448164327046
2.708789893102518
0.9789371884319481
3.19897032754317
3.8084098413797434
3.492650451050397
4.205008824242273
2.9347466242514875
2.978147954055863
1.6150571983692665
1.5911957350117807
3.5542520972152536
1.8144918422685121
2.3258458704890015
1.7202571733506957
3.256708624903451
1.5735229445639738
4.0874628327016405
1.6051678480037321
1.064905163674855
2.3798890543697344
2.789437139400325
3.5360594603791617
2.400735053373113
1.967428115836372
3.5673295137992054
4.070036683289393
0.36612132104872896
2.576593948005654
4.5244597023129485
3.67798097856063
1.3348154001612476
3.6307261388804664
2.8013782942840586
2.1716678506303126
2.8389537833415157
2.345570929961761
2.1230505610974455
3.926605629986065
3.920215766390148
4.309829363803751
3.4775086293722945
2.8256477913415132
2.0688597873434893
3.8860536526343457
3.3732068458652615
2.8578610450841535
0.8763017895142885
2.740953028712149
3.7646360616842185
1.8896438519885268
2.6511708075677576
1.3499534352400078
4.2714261240233755
2.6746314322413984
3.755160047958748
2.3535649882811236
1.8474411209237038
2.800074447621953
1.5934092099118664
3.1319436413984003
4.4202424429923655
4.086725751154027
3.5482545964257026
3.434786694730534
3.034822543258406
3.2696570445266513
3.551967863703346
3.4045312966661236
2.8823253334789434
2.3672867505591255
3.3502914015185703
3.1390822306811335
1.6375729787700748
3.4802846862761814
4.157837148755958
3.8973961221732654
3.8011244668777526
3.9139530565145413
2.571988911193358
2.6702850317331737
3.841693998429263
2.1575673726834794
2.022527162153243
2.2317223673731674
4.000521066166652
3.790335719540488
3.2173154507992474
2.842265614121407
0.9583479587209539
2.1819031718434454
2.391958833760741
2.5195533684917057
3.065990323206123
4.341989982409786
2.213984157658224
3.704229888045967
4.045349476871825
3.9700300269334536
2.2939117016525152
3.744070763256728
3.916461501623782
3.162827331238735
4.5837165018310335
3.819560219689024
1.7934230062797614
2.956785233856835
3.5733907870776527
2.952837478520901
2.2292930161009337
3.0017331459238306
3.133691850685089
2.990560581014731
0.9266226471048128
1.7944115341401463
3.1480341761233537
1.1785715924451807
2.752941621702588
2.191190998011048
3.9724135307273243
3.54604019133158
3.5284341544743607
4.384952922595747
3.2106124682748236
2.6966170961097387
3.083737725454554
2.8856151535888808
3.491197428167354
1.0591385024175448
3.6848911584718267
2.1279009273063316
3.307882448929478
3.2118592917379583
4.357337139116516
3.7994338601906885
0.8736060928599225
2.676599900226104
2.855410728669552
3.701424409398951
3.179058351558177
4.218527166523919
1.8206695952444234
2.605873570572111
3.0629424624798216
3.176431506299504
3.0421257083418425
3.8028166085419626
4.121898476056347
3.4495085933962386
4.141060467790741
4.424703521304747
2.939066889890037
3.6466333356298706
2.3885605636565423
3.8940978425288555
2.559521308561379
2.956509738614762
3.89409375748305
3.9404504480122156
3.270310507472288
2.2801382671491495
2.4310000975878157
4.184564594608431
0.5447240327286176
3.9848137490022135
3.9471273349074534
3.5255097105212525
4.16212153892866
1.9371460029498135
3.8315117101113065
4.239347909587622
2.6433669041148877
3.1443864012444025
3.482399941881725
3.8552895066900175
1.2814747021518853
2.826311012580704
2.1537851041948537
3.9481117424110415
1.8166284137911486
3.1179935824687433
1.932546576434048
3.4962450289229507
2.8215338952875997
1.6065288982417782
3.4131436476427184
4.099538405324525
2.569081967713663
3.5010050820855274
3.5109636721996416
4.068092300776707
2.857703042223603
2.9676203955541407
3.295533604622635
3.915247117533838
3.18944429706197
3.2663213187331137
3.2254566180553748
3.8788843186696025
1.3656759000668321
2.6157972129364113
3.5942896613646407
3.095421332220568
4.198206932857349
4.479135324772323
3.2687525965270727
2.4058362478661164
2.8345919335587975
3.634940773579579
3.3476489171887467
3.9084591929072396
2.892008120644991
4.028338845776409
4.0603192499734275
1.5522503296185062
2.279693368045122
2.3338487573964195
4.217351448787438
4.063869652484718
3.9580155021683168
3.0662789638862513
4.1263696225296735
2.785470345513259
2.7425572130939546
3.891192796548323
2.9371291273735642
2.5286791851039285
3.4313855878911523
3.374781876762252
1.800042042466375
3.1495540817372443
2.7491008476755803
2.0833531858893424
2.8805652572360705
3.8931121426246693
2.366254152431942
3.258964016981082
2.9649667436216744
3.455850123876095
3.2649595910656726
2.589171832661343
2.6425046999817825
1.0015769756912136
1.371134131910245
0.9368010054746797
1.9709706391493556
2.418463907310819
3.14224635643231
2.4501994887853336
2.4633190160095575
2.4266511458510047
3.8134557871672077
1.8089501257957576
2.635016574860872
2.8333682733072716
4.00174891115661
2.641738733546896
1.5031360249621406
2.8319264111970788
3.7129438267397803
3.684806766505596
1.6346093950173444
3.4786796470637014
2.429438548909611
3.4902686918245633
3.441799961768428
4.343099838312224
2.9966559585283954
3.297052811940427
2.6390460202098693
3.5842176097484484
4.022335849143691
0.6590591119037027
2.698166700838358
4.148396923356304
3.3695189470777396
3.6925938896539905
2.8375257705403523
2.3400143589469367
4.006360275132066
3.970733509373806
3.0371887534446276
4.298340032308302
4.236708598009751
3.6706590595230097
2.653221453955872
2.7655932495994997
1.8735089564784886
4.094286365905615
3.6593385581181086
1.085157067462892
4.408537153692751
3.5854248919988256
2.2467133250553495
2.706838827942322
3.3845123583784855
3.8154559675459567
2.512547954675361
3.176945315638928
1.3035203251473382
3.2108827613907622
2.98653703573975
3.2177340694428387
3.451901016651767
1.3264534863502133
3.5889712762094885
2.3870129631652843
3.8047401424885248
1.5868379653492597
1.3128623111627953
3.8876313595512033
3.7159154328108817
2.6037798903603595
3.7393017126183072
2.2013479096658215
3.545678811236014
2.5000092490025376
3.586920958864798
3.375892902515711
2.4798752106718602
4.311073649226428
3.8394730197867286
1.6987397488265121
3.6598838927538404
3.7660141114123578
4.015893837780722
3.3818638483762187
2.2593835393576542
2.4873313860283566
2.9629076616083694
3.806232896016111
4.420595738054552
2.7809409115968067
3.9789023096449774
4.560038871312938
2.4239173999976065
2.601169522670647
3.445657648318694
3.228890551537318
2.469122293304032
2.379904860093052
2.9316599007541284
2.5099601153504025
1.9615734744578885
3.4818586523818156
4.330949998055038
2.9581778818010385
3.2964987602381166
3.454305448801478
3.6177823357041867
3.394765720094902
2.9348530681986373
3.9724948501643964
3.2222420171245747
3.8164259167482313
3.018588933946043
3.8967783010993773
2.500929325077879
4.02602734007832
2.9539027134327
3.5828950185815027
3.6613902027001015
4.169328108879893
3.0876604643839323
2.2287696372515584
3.489605947919356
3.015188931067087
2.6443080666746837
3.0744626278356573
3.3830362946875474
4.245149949465421
2.5973667242105645
3.3792786137431943
3.4945634888229873
1.4946551294465638
4.058469806871156
3.4031073209441236
3.871466293537437
3.3538018500217786
3.9331442076299497
3.6112859830281727
3.5774124910911533
4.157251622921704
3.533778940746772
2.18506526197949
2.113851525060093
2.479330108387442
1.6765602239804507
3.989647226089003
3.2055842940159254
3.6577410323260717
3.2226365359805316
3.5885281181116464
2.3989705018440475
2.1290755398871966
3.6839620994174083
3.6036138602791055
3.626232988581308
3.4293701055511874
3.000577580987931
2.857162140680599
2.797601616032314
3.1795269933703394
3.1274762019346447
3.3231653078842958
2.76364170902251
2.9835410988108557
4.601255758964794
3.931347392096782
4.347325273147641
2.4910114603984628
3.6425586316295813
3.2274760753796325
2.070878954712075
2.30890323437983
2.6884417557678764
3.4058541931526274
2.817626353513927
2.6054152187053483
3.6131490506092176
4.601486053085126
2.843159911906278
2.880782706189675
3.248949034726469
1.5022716656610404
2.898693006955154
1.7845765545125127
3.708336679022169
3.8025040286918412
2.9350405065136527
3.414702365253206
4.2287280344283005
2.4965087535287007
2.12768827795298
2.9179569258435305
2.044687801610093
4.011559227853017
2.317486648186758
2.1111748345658996
2.8911053513292337
3.8017246333119927
2.7389666039031018
4.15253450679162
2.970491211215626
3.139140723045257
3.0055529577469735
3.1841690173701678
3.234983839944171
4.828290680712379
3.6024469187694645
2.844475856647753
3.282675900786535
3.236028183773637
2.6694648032770742
3.342146271391623
2.7334065555600193
3.5457131768096315
2.7431512182940287
3.4131768174967694
1.8593224639020014
3.845104704771581
4.663505678662319
3.6290799982949706
2.6052173221967228
4.218087580753921
3.0840536164181067
3.65658482344096
3.1845044276196384
3.8784190299957584
4.770159969749348
3.7821440131271715
2.0679113252042267
2.256770953483587
3.8976011142550795
2.893756401415772
2.3097086796650617
4.003568004104459
3.701918392241624
3.8662579903908036
3.207890701292976
3.6949028176445227
3.8701565342436375
3.67214296418697
2.9450544998851087
2.7710792339217556
3.9761892980438946
3.614498202486009
3.3943014625483094
4.062948188342065
3.9162537923294596
2.9464971923083882
3.2196076426831843
2.742036144932932
2.777466054780804
3.042748082280927
2.875711075849606
3.5838610443633416
2.60152982250932
2.849090368023289
3.1281217370633922
4.524837707669919
2.522961161886581
1.6251563525339154
1.1729193819994246
3.019447671400837
3.1936280099552667
3.905097333217275
3.649910999417116
3.1806502664325444
2.757577931775388
3.86938359512171
3.95110709967407
2.319723614674422
1.740791618561556
2.2225366553149195
3.352804404150917
2.5734865934115194
4.0783537617269525
2.0324109713740897
3.6016434242572752
2.688811201653157
3.9903452085689746
3.793471032410028
3.775266207611361
3.4083673498813365
3.293686219147153
3.0241019131899245
2.4022266864210544
3.8415243169698274
2.553421491789038
2.776035427235675
3.013667320681566
3.4365350739485714
3.4980036967958466
3.500605865874035
2.4764883671962057
3.187900659826164
2.1084612682458292
2.7828417765937004
3.4773318244481697
1.12214830408985
4.558060780677802
4.177870917331065
3.4220779903122875
3.6866262407356754
3.0840990392822345
3.416194973433336
3.9426745037486177
3.2672377568369044
2.8280172261795014
2.834979659287688
0.916067433549865
3.9830801556455575
2.756206277823803
2.2874578276984354
3.983014435558714
2.6369133705644043
4.075275996508798
3.8897615031785837
2.7103261077180396
1.5730198015035886
3.0314121791443216
3.6020569898337036
0.7113296292000998
2.5083655220029253
2.254565521803395
1.9809057564108872
3.6712711489540113
1.706572542388046
3.823393532671839
2.8194825159236356
1.5442589377548472
2.112181516692729
3.436038790566916
2.917465447292798
2.6450263726704386
0.9170644495380283
3.4822546677677946
3.5145242913906265
3.597410615489216
1.128951570306332
0.1910539261146974
4.223834363346308
3.9191069905188978
4.106268520124809
3.4533323326643766
2.1438541851245208
0.14605942106180658
2.1600779536944676
1.9790019242004013
4.019884148455984
3.3810022422758146
2.282987184169454
2.469727421672358
3.6483588427562688
0.7054122872147378
2.164328097026606
2.645066079064118
4.010210308562154
1.5254032263943733
1.8013161613132824
3.5828461733698624
2.031268184060365
3.7818020229453655
0.7667973354440507
0.4923493445105849
4.351660385284144
1.473498438485691
4.124702740706554
0.45167426149631174
2.72844733848946
2.7211911984283605
3.362659421169786
2.869967584298389
0.9546884799024958
2.961862906339324
4.204023672895978
3.534323347874281
3.4026206006387496
2.944273072083164
2.864570301575941
2.618367703587007
3.1496588294360097
1.8357332723877116
1.2783137211726903
4.247378142044123
4.228287124792239
3.5173258685082582
2.8666946269498887
3.572168537974882
1.6711064663612043
1.8611653150944314
3.0597992151041393
4.351363391996052
3.929149457600301
1.9213566738623826
3.3572312789274745
2.8348317454928886
2.631767594595686
2.699221690194518
2.2680409952375205
2.0093720677025373
4.507911447912493
2.9539236446300876
3.8755690272969576
3.3602184155845394
2.4899286516103367
2.247933810295553
2.410942416088401
1.1067889419434411
1.2806725498267837
2.051800842803116
4.050915595083274
2.1125773286582357
2.616814861572499
2.389889773613411
2.346534147632282
2.637045191647131
3.6279842652855088
2.3268479434906477
4.329315316978517
1.9031612158194933
3.1708441020798905
3.6560548415978036
3.5627207256435796
2.8317841406228683
3.4158859942452193
1.8652462139658508
1.8166390045130112
2.988232878194911
1.8677231929334253
2.974181896084361
3.714336419916174
2.8019339440970352
0.5399584007170449
3.620393811854155
3.3639132663735913
0.11286612066142183
0.5962297657515507
4.138007615314648
3.3573676498876788
3.6997132165363977
4.241019567689603
3.5801247371364067
0.7088639890138951
3.6184602264410946
2.4568309421277603
3.5200732129348498
2.8750669567211236
4.888805081211636
1.7305584212164782
2.1383474093602493
3.6108028202757394
2.186019312040044
4.261550437649212
3.5435750845454748
3.640783974407934
3.996208489385539
1.35644887713288
1.6414703824657426
3.315855357301142
2.7829052132129193
2.244960806266761
1.8885766071201955
2.0425104248806054
2.099864775906889
1.353036809128883
4.031091167937274
2.208066655547026
3.4529904216707776
-0.18063035281249756
0.8583310882030777
3.08051945381671
4.3515179277441325
0.9570267279840042
3.425858794355057
2.9755774808194455
1.489691792101861
0.13749629227695892
1.7182366119070092
4.0815452788768205
0.9839746011043721
3.1113220827948913
3.7737646322541285
2.943866161092347
2.6146123377494725
4.133877608757902
1.086396393945444
0.5182486935303662
3.9697691552501557
1.8633597750617719
4.204760657438302
2.4596980350591893
1.642164230674351
3.3938956882767055
1.8599396244384512
2.0106052072662677
2.1503392260143372
2.146383349459226
2.7138784116659114
3.058535465922223
3.052084724999149
1.2353333692612183
2.640023706666279
1.971742883128278
4.203600293002586
3.5149036549712687
3.552165954520746
3.3298858856999094
0.5341865389991348
3.593625856085905
1.4678810176862052
3.2956193356832513
3.794854421643636
4.161978392349285
4.557962082666188
3.627479614814948
2.7979292242518254
0.8569042274996399
3.9553083156613993
4.435610831058853
2.39974390227317
1.8682003254474868
3.48487136271471
2.1691608216686533
3.2948144777057933
3.1024516449849884
2.5061625445153775
1.369825955325755
2.8946807474988896
1.461225399753415
4.6879244056636695
1.8544404011757885
1.227257197530899
0.3286186991115036
4.145636642883228
3.816632055625009
4.051446510667481
4.8613930629223985
2.627905000922473
4.507835611450283
4.559157614544939
3.9493447130025614
4.038256640427264
3.3553729129149414
1.841034195499561
2.7927952714994713
3.345675778754689
2.9970872059576386
1.7068597322946877
1.5794408927280894
2.7969987986932714
0.7463860548063967
2.3262665042967052
4.237925470709715
2.5571419065556613
1.3555032808270706
2.7643854439753173
1.1920137729203808
2.044690444888647
0.9666902495149857
2.0496959021136516
2.444170218966859
1.5916750849049224
1.0630328475840998
1.8794788212041562
1.1473070632817615
0.8926213037408058
2.219146548840325
