4.37031420147524
3.8290152289353765
3.850221578311918
5.0
4.259502575454676
4.3218426971354384
3.771269354767427
3.514461206067737
3.6019102061186894
4.044310410015258
3.817572497842165
3.5205893924038074
0.585729377766186
1.9670482360260602
3.7334240339634883
5.0
5.0
3.022571263423047
4.056680190076933
3.947614911320316
4.2037109096286125
2.0922273514033103
3.493305927650497
2.7886259352431333
3.1718050920041074
4.481607744453911
1.0566434967266085
3.9165670732320317
4.221210522105239
5.0
3.388548895895881
3.1127385022512195
5.0
3.9584343301713867
3.090787701524577
4.9514942184157045
4.9514942184157045
3.3532707805116937
4.3577472461998505
1.8998685367617592
5.0
5.0
3.344912324796767
3.786591414926151
3.889754803370111
4.454012683999722
4.57948461837502
5.0
5.0
5.0
3.7532496380702733
1.562348543260911
2.3743146416575636
3.830968791377061
2.963159499724342
4.896510752306555
3.6565670425771524
3.1634928158322717
4.980918412136348
3.3493994961190916
2.642566690508702
4.13225338680222
2.3419777014404284
4.021599411505421
2.701908980940048
4.917576704891517
2.0751838290693323
4.926865459443648
1.5834479048283905
1.0963986053098305
2.7078146871325695
3.804517155206626
3.3020116609485664
3.3084407073788933
2.2112540182394165
4.017874796144199
4.084950299621469
4.0837841929452035
4.957541669706289
3.2329494134138637
3.2066691541108563
2.320095685602909
2.320095685602909
3.753821096340105
4.809630491304248
4.925207573598173
3.7402779669155715
0.7044164903766879
1.0246349843034617
3.4862867302113765
3.726502053667347
3.067896018966409
3.1362219024439506
2.4041238963504137
2.4041238963504137
2.3191274792907715
2.3191274792907715
2.3191274792907715
3.252441259312108
3.529042303781652
4.921580642310759
4.869367497528075
3.6312187184077667
0.9805960463136083
1.00302387706519
3.4172019496497947
3.7204239481985875
2.8801202553236616
1.668103104733107
3.484328793992135
2.4142668860110783
2.579068911348501
3.772858156123008
2.3203775197267626
4.494768637792434
4.2986961467299105
4.967359578567327
4.021113516117155
4.268953615493261
3.9012699006755023
2.596482351947018
3.7027826858835775
1.9585860567733144
1.9701629126635831
2.3063551467789845
4.064363157687823
3.2478093773438426
2.1766198513187627
3.6885145448651864
3.7475162061385143
2.0203547388700978
4.475426220114529
4.0504954531366915
3.735139766532101
4.0504954531366915
1.048754212933674
0.6569520240285991
2.7721732063170217
0.8103846983502061
1.49963114829744
2.0447754349693676
3.1973387534426516
2.374071850019349
2.4499476844609243
2.325538002114585
4.4438607436633655
2.2386680321875625
2.6376836905298413
2.594535825379169
4.98909751043793
0.7938647804406438
1.9882731114764036
2.2599976271230995
3.5551627571344264
3.2740267085653594
3.840992621900896
4.282562676923775
3.766600625901291
2.6149236449168862
3.006180814667247
4.195971718775
3.402528493314649
3.962642191617605
4.984068176384981
1.256119589694877
3.2455603104218804
4.98449444966839
3.8394862494428574
2.9221994110072993
1.7835118075715153
3.393500953518939
1.7229106654347257
1.3359825793344422
0.3769927138466622
2.6687528734095887
0.6024527326323872
2.544399481497565
0.19028358453441374
0.15400069757144852
2.1086549830168204
2.1086549830168204
0.9837237293991317
0.7948630934389636
3.517024757336473
2.9042740006307364
3.8713631759078604
3.5990880041387507
4.38854441735434
2.0128297347389017
2.501129817614541
3.1822293308377576
0.6629738725205963
4.597121196640061
1.2024968841429748
3.856710944319091
2.7327382378014002
5.0
2.103425650477093
3.811075609197233
4.299704241209455
4.017138120876141
0.6701131158265108
4.299848507388519
3.4901257916491355
2.568527825758154
0.1464894255893947
4.9815582177940465
4.110491711130423
0.4352673016299642
3.481672524747794
4.1236388903603975
3.1698235711761678
3.085545260838317
3.5157539580893777
3.066068632198708
3.5472386743174846
3.7226941525263024
4.977388598964709
4.962470158176061
4.9860014140732725
3.206772726568304
4.0013917952085345
2.1206271754019363
4.390374519713462
4.201941475605296
2.858428721593456
4.195175642371383
3.0555457096052274
2.396355327666769
0.6888185024824773
0.1698818554194057
2.631462081620513
3.715921375577282
4.312017395961662
5.0
2.3127010153768746
1.299206842171757
3.0551219242338314
0.4460238486262975
2.0861543291351987
4.066596095800535
3.426321027009167
2.843287830571982
3.7895341443296084
0.5602402646819522
0.5212136317045273
1.2615465199643134
0.39131959989943343
0.46072663676561465
1.5543232995965335
2.1282097450338293
1.6168143883347037
3.9193068234358046
3.4859544951890635
2.489165355706903
2.8974691369419796
2.9847426717658587
1.0105878079096877
0.9042851695611356
0.20335670301175046
2.425557765158275
2.092762181978302
3.1645463521481227
3.2092816451983746
0.803815875493215
0.14285872595370197
2.7624464583419277
2.6731584595637665
4.300583665733243
3.3019481694918094
2.216243432022382
2.6835918584564675
3.292883791196588
4.14503060522192
2.536040456035253
1.8506974573493133
3.9998334999886405
0.4218694402217844
3.5120444082978546
3.892477516834604
0.02978286772774741
0.4488750735836087
3.448991604685589
2.154888831125775
3.247956306821309
3.2894667777398903
3.018360039721032
2.662120337861084
4.162668588566775
3.3123487999001364
2.3868520356845275
4.4576786332987846
2.880839344665149
3.5136952110156736
0.8188830029374836
0.6764131860535239
1.295786058861311
3.824420676309175
3.271431416399211
0.8638417354680294
2.060495422278181
1.9187255641770244
1.8441286659924438
2.541725178805181
2.2154416073289704
3.3619223116039487
3.1775460044270725
0.057427944281656984
0.7008537263568693
0.6733314398940289
0.413179107699464
3.9423214933685395
3.0104402721653267
1.3099745840616643
0.18944845224781748
3.8300525174537805
0.4878895702089645
0.9733764935661364
2.9584058450872
2.1945171549840703
4.241267942178454
3.5315081613052692
0.6433285418633696
0.5374429834320305
1.7246511551721406
0.06441426179786536
1.2732507257459114
4.159980141503994
0.5355411524999605
0.31754401637194096
0.4305256246301363
0.9193375231823362
2.6377430148626084
1.3063827100145753
0.11752851186578628
0.44900736130684127
0.7687335526005521
0.6685640593062923
2.0286158030580603
3.3206184993062076
0.5049027699805757
0.2543141909400086
0.4645044025717633
2.1510518626898696
0.8133303323514705
0.8623743533560893
0.0
3.890351380111853
3.5182838869721857
0.4685322060641264
0.8532562846927343
0.0
0.7745638762475986
4.301395631231558
1.0106684582398922
2.365248518901823
0.9622873671972778
5.0
2.860971930700331
2.7067817090223665
2.950906278527172
0.5536427157720576
0.15298206486785748
1.9294248648548242
2.3291252778485765
4.510807060754289
2.673296124928883
2.8499749992916046
3.587814808009413
5.0
5.0
4.595604919531824
2.778547750650419
0.461960179271629
0.9967388774841917
3.215189919545751
0.9955982342865051
3.3899040611128877
0.9244546242388347
2.7982041231608585
4.340555327631464
3.1238558244719608
1.2409337078966738
0.03111677947264102
3.3805876285391756
2.316971651007365
0.6527644774745776
0.5021169298748172
2.972728409712759
2.902197618670031
0.17784289726061875
0.06273987618495003
3.593900759477507
2.5718963263481536
0.8294329085062921
2.2839623393615662
0.7057309047107916
3.7641487760669614
2.4849014440514035
2.6459461108290023
3.1930088783690715
3.282796545983886
3.537741214325835
2.763037887794085
0.9922846838970694
0.983700834322847
1.3564252410954376
0.9514676872575061
0.0258934122981751
0.14423811484410098
0.6114588261804252
1.3798657082515868
0.00015308984218709298
0.8299030643128029
3.250799854115898
0.11641546057718788
1.8541749519864235
3.6440637922467696
0.5593885261972256
4.303822214260308
4.2725381374325915
1.9504907657526056
0.09304528647261723
0.09665786159736545
1.0674988287237435
0.0
2.6394284736674516
1.6777757259510944
2.558401515742518
2.9561953265050684
4.543309830493471
0.7152523938793403
3.991552931411335
3.143754050432322
0.4972157139371953
2.5702583202569693
3.1384221838444413
1.238298958392094
1.7995491957837126
0.056447339176671996
0.4571332796009395
2.9893565223713248
2.340272912103374
0.010564036172199032
2.90640834238694
2.6851612386599735
3.4768199627032894
4.288330390887027
2.265842986389644
2.58414066369808
1.4242777796622343
2.037973131568024
3.9777025880694206
1.671250092406937
0.5127637316341671
0.2851902090888965
1.0383906172013306
1.1016651741717718
2.1719783133198556
0.6224959321135524
0.643209525381466
0.06787369267938548
2.4784568536782254
3.296458396813464
1.405249096348471
1.898805202954052
3.2077815485210843
1.268634733129475
0.215207126434664
1.2079703633149999
0.09536652954584302
2.638198711859176
3.3506342347016167
0.0
0.10352118348528538
1.2324943790413991
4.282596203301709
0.6424587399598787
2.2059683598861435
2.5791666840573706
3.2799886363755357
2.722692339964042
2.1504278197032685
0.20109746183318666
0.6328522461084711
4.513654156802816
1.8754842433797743
0.03966730495228976
4.710779984334963
3.204022882898827
0.16383388969380608
3.2525003749638453
4.1647664696474616
1.2851592199639734
0.5837509773106868
0.36489411413499884
0.6871263451400447
0.05399648826308212
0.0
0.03488177014888638
0.02085759015362587
0.018473820669343333
0.0
3.291752461493034
1.2679108029023647
3.078727415707889
3.043344504175864
3.186817232749534
1.1654324974542343
2.7379437127007558
3.666934872970118
1.2194932620357557
1.0057091458308927
0.009202362177078705
4.41956552273409
0.8875099936983455
0.9234044254679512
0.39204550981058706
3.073272593871267
4.3773821788874026
3.237147597376052
0.2200895157432834
1.5369865151010496
2.4098632871634473
0.95401336189913
0.1645071348853131
0.41750881078378743
0.9014448197304299
0.40004774486514894
0.31245543613467053
2.910694224176937
2.9978299384371363
1.1955967616748788
0.5534288541995105
0.8104882488960508
0.07833242288099118
0.19881364517668576
0.16286494085666536
0.09946579825488389
1.0644998455839962
0.9582693023140374
2.0429430297667617
2.8273035685235337
1.6861718507711752
0.976901625106863
1.2843888061484714
0.035506320244921064
0.21246085111361968
1.5699087322614824
3.5830725427938015
1.173007043371613
0.6208422760715999
0.9104951738042795
4.269611791897902
3.7999150092643257
0.5943823562371202
1.2630324840813936
3.1549491015169204
1.0286876634010165
0.45107187606130683
0.0
2.055005456028412
1.037711937789866
2.064306448395869
0.17330987788021535
1.5029869070844635
3.5970379990715893
0.1813577082421185
0.3389055377339938
2.416692101969134
3.8599188880482
3.0594410845666156
0.19807384236658354
2.5187967806213445
0.5888463166908346
0.060047110989146724
2.361115181823508
3.451756164178776
3.0318682685129525
4.197353278445136
3.6016690289842055
3.195209021442552
1.9156002220559722
0.7721754216538139
1.0915991581343159
0.5628123764676198
0.9782342469168706
0.6643431263728852
1.2967197640929422
1.9686121407003592
0.4795313661120284
0.21141021998418896
3.7369156112282136
3.488602894686651
1.362082013569407
1.5258698529236634
0.07112543103754465
0.0
2.209620431750225
1.5702984570835818
2.462577910037184
3.024829962263383
1.9640587770317248
2.424789912193135
0.7020069725396789
1.3535947403641027
2.7458841735572586
1.3744567020002743
3.1311945003963766
1.1975571920929307
0.5193705121876784
0.017973107061224347
0.03915884636718747
0.0
0.24527476575180263
3.2335781504347247
3.7267328348990114
1.4658742870162067
1.4013722974888916
2.366990090388854
1.278579739816295
4.689376049594515
3.838756594049145
3.2742375360834197
4.014893024306603
0.8932308450377642
0.05674354300659079
0.0
1.950339038091685
0.8009559244133166
1.3401626871693262
2.515438428886527
0.8312499768807848
1.13052655262375
0.1887175203803375
0.8615927411623696
0.0
2.5850028380092605
0.002134581223445231
0.0
0.5630390758706918
3.9359895327759356
2.607957664545652
0.0
0.0
0.21016456625768942
0.0
0.9028536931172235
2.872030131481055
1.983698356616899
3.001566086406414
0.0
0.4536333177853047
0.0
2.4504086115408805
1.0096920078999156
2.5594457527339936
0.9325713739495862
3.068089392569889
0.475475673217276
0.7525715825915578
0.8018238316326043
1.751179908611463
0.14121928790270122
0.996274941138453
1.385638789321363
1.301899207351668
2.856206342895221
3.7000788762427854
0.8216978090994624
4.022800768964019
0.0
0.4802193649932329
3.4100328311464105
2.3064994351419594
1.6333304942107967
1.4025234696086537
1.4800721447265497
3.563838758651557
2.8033280617477354
0.006238509356323085
0.0
0.04027009809824822
1.7199938730182263
0.0
0.8786782935189175
0.07067389749541153
2.257412672039565
0.7519685256948359
0.9873287692111754
2.8739106925792592
1.9251257199209002
1.5421294803745846
0.0
0.6348813871502026
1.185811666290264
0.178556631991726
1.8415610384200969
2.878009242221041
0.8947959624967305
0.08175675337706512
1.2024842209724378
0.0
0.0
0.015688410992241053
0.05408415286955037
0.19555745638310018
0.6272832479669868
0.9056979991014353
2.190565479883092
1.7745200432547543
0.8901613029043896
0.06803662345329631
3.0702444171246706
4.3060125899724975
0.6246130550417641
0.5400325889707611
1.9757451822269028
2.279996012457546
1.6914060914566713
0.9170469920032511
0.9377312270940914
2.951803572671353
1.0241211183064687
0.1663901842672013
0.09656538824457161
0.0
3.2682011708211727
2.2314810244476044
0.026513256929306728
0.5935001134096902
0.20944280321053643
1.1043201564821894
0.7762545353449335
0.5846491917073857
4.578200563189697
2.364720330700707
1.863646985752113
2.565481466353945
0.999271432866025
0.4603963487606544
1.3292554245554564
0.30771516027896073
0.15512039897096574
0.05966417401491331
0.010276661112286867
1.4131236932551738
0.014664340578648627
0.0
0.0
