4.224118207636181
3.951599081566763
4.03212792931821
4.921586237804732
4.1238415517974705
4.4824301317049855
3.8664144909123443
3.2919377972941932
3.3507243692480997
4.05765608993519
3.49290638983471
3.160998178468416
0.5636621786083609
2.0557763291207585
3.759061900757172
4.925420523525241
4.9677897696396025
3.1550958058496397
4.17232544553145
3.7897152780766197
4.169070178583199
2.1191308427913262
3.2698306750250024
2.6460283374377567
3.50133498483352
4.281475213987428
0.9682942697508663
4.002976458358836
4.301202025035548
4.894425530307442
3.2611581572709425
3.0462953794960694
4.977343936689658
4.083516050851331
2.650968109270763
4.936157346822496
4.936157346822496
3.3136992626336763
4.348178647317611
1.8996762993085716
4.921990102219688
4.926339847372578
3.506186037299712
3.943305838217857
4.106407106258676
4.511260895671494
4.295596938471809
4.9665192807926095
4.9197178094934
4.9197178094934
3.6579291830506606
1.329679706448439
2.729012782609045
3.636976596740896
3.0311406558921634
4.901964982179517
3.609046468298161
3.0283907347232226
4.9527123710549885
3.7658029331738887
2.977695645160854
4.017138982246971
2.7211422860899726
4.115929129733091
2.807451069425394
4.917448112953894
2.6232476067572845
4.916977621324497
1.9047656705724645
0.9866581491591875
3.4157562655000784
3.1687585194256833
3.4028997318619054
3.3997420920057655
2.531566085433886
4.064951296917223
4.090861175454357
3.994850689852261
4.941202522873368
3.262833842113033
2.9218395415404705
2.9052877894093787
2.905287789409338
4.0127639281036895
4.819889310240573
4.917504592366106
3.8540348592167772
1.084292021231418
1.0737422612740266
3.7329968300832546
3.271545993388726
2.5458924867684853
3.0873490775852557
2.75779950269973
2.75779950269973
2.27829044187944
2.27829044187944
2.27829044187944
2.8534908572006517
3.7190907818043906
4.919835438343535
4.921496826241269
3.714658245586483
0.9194748613449706
1.0356801522128012
3.389081971441518
3.7516464554727422
3.0595022892795587
1.669881226085887
3.5045859471802743
2.5176744075650284
2.6030666508153355
3.2471261909396025
2.898795031335799
4.080664830570246
4.139604021306241
4.916339221718081
3.6773383863864844
4.3135694898696135
3.8715652457044025
2.2342502035167002
3.4092329747749153
1.941768794044886
2.070336134502262
2.6770154477209696
3.6228322830356725
3.2170756201128166
2.1110261844224603
3.8245130511732075
3.7186921824767407
2.264536206990358
4.3370005094161375
3.739628952075857
3.921122347884329
3.748423392583217
1.000309107971474
0.5124047505834057
3.043699491930575
0.6909876072720662
1.4333251589828695
1.95995219194623
3.1207701420663776
2.6797596737447296
2.0011972106900213
2.0470088045441903
3.6945661327223696
2.56260997168678
2.8100795090964916
2.704583541179446
4.924642054428616
0.702262976648572
1.964746239362063
2.951055516596375
3.594554607000198
3.4074786663270995
3.6271798185444597
4.464294604029803
4.026070947034805
2.7243880239624656
2.6753254608724233
3.6159177953134294
3.379760896702267
4.162307187671479
4.949648712681435
1.4430867789653696
3.6656699068142045
4.956983887058875
3.967384061748456
2.7865245566728816
1.9065778465680143
3.2414360986077937
1.7811648352869573
1.6483915645417948
0.34358229935129936
3.263908953212983
0.5598090961706799
2.8490871284822377
0.16634406146663494
0.07258341557200776
2.727807218775426
2.7278072187754407
1.173236180704023
0.9136382943818804
3.660401350212062
2.424913687946395
4.007483431754181
3.6399727255988195
3.86445441585004
1.7893455646741225
2.1010349627420286
2.775464608296908
0.651853550241615
4.429010971019194
0.9936484302032653
3.5836541349863795
2.8368042611228224
4.971014051718765
2.135883071462711
3.86258965038802
4.1837543320582204
3.8705228598820467
1.0690192495633237
4.308547696701318
3.0770765975753216
3.1466966226151776
0.12073397283587672
4.943530750090206
3.8578008206415366
0.37248164690193164
3.551802309073503
4.107486196216932
3.534432131454343
3.383009713997793
3.9644850299447043
3.0947694738123968
3.610447161765328
3.781233644361804
4.942027387908745
4.939589706871731
4.945036274372799
2.7700007243569793
4.193554578160065
2.1041396504471646
4.0393499799032515
4.145983100081853
2.7873478928613364
4.2274336232720096
2.591545745211499
2.68967232287616
1.4265373289558179
0.4675181390225642
2.5740499407563986
3.641157490841506
4.4285136574165325
4.951287662892164
2.4973076204160227
1.3612821400496777
3.2494367935820967
0.6519690695009075
2.189019819623632
4.179811018466072
3.204432027563979
3.1006721832490416
3.9350975364761536
0.38235067301541825
0.5144443301001766
1.3313207974109345
0.4154598036825652
0.5878040575369301
1.4114122908535416
2.4430219716109587
2.2147767901685236
4.032232552243938
3.8619923053135925
2.6675556303215444
2.488415802819783
3.177269394540454
1.257725286602697
0.986151685801282
0.05846474784977129
2.2912151435539423
2.148949744420518
3.385740600740787
3.176821227640658
0.4581004920067677
0.0709975958029867
2.8172507049881554
2.850905250278316
4.063341956589146
3.573052836130969
2.165797597400104
2.899548690474263
3.291779283734466
4.052725878235574
2.904269087827729
1.6640823194221683
3.594572453088727
0.4614284290673476
3.189876930144465
3.790637349804798
0.02050350869226758
0.5485207606053439
3.570439703339633
1.6986082228703543
3.0502126681901034
3.576003372128988
3.086412250741483
2.8265824884429653
4.3705767633194945
2.8839051019513153
2.3331781135868512
4.543984026167097
2.9168247935719593
3.5233254384876025
0.8128869333906197
0.40126599446498723
0.9609230774355968
3.631917277100863
3.6097448706405375
1.1909633159934456
1.891659252347722
1.7463832345629235
1.7360788814711015
2.892139434978681
2.2506349988189998
3.8158272791151333
2.978315186078558
0.06592046606514046
0.7469231758833539
0.7665499684579462
0.34609385845932916
4.003709138345979
3.4957939599146783
1.113447355990318
0.3525393523815721
3.805081762722637
0.4274941921020581
1.1412319571641811
2.9176616657459626
2.4139899327663703
4.1226867463284185
3.7801468396637246
0.9748330071656222
0.501494355986158
1.7059078964536205
0.0
1.4466475203136757
4.183805071368186
0.31395789071262215
0.22623803332310732
0.4163532745963301
0.6736390863266166
2.9978306977430806
2.024560372416926
0.0
0.31779862993365615
0.8300174049704694
0.5706084139108833
1.994699491865613
3.110117449317653
0.37334491266479475
0.4152088447156048
0.30655029671651324
2.2937700413316686
0.8502022020232429
0.8322062856757393
0.03379765432772075
3.93560375789068
3.5298355380328905
0.7619739374120975
0.5885348592983526
0.0045365160212238465
0.8903891592881807
4.225037745745875
1.710976004643487
2.524053099242416
0.8974123443064892
4.731423938425943
2.770317123352478
2.0397261764445207
2.8982816258834063
0.7187107847881169
0.005291568858923235
1.871768657864183
2.291395078615228
4.320221185706254
2.7632048855570313
2.800769898764509
3.6049459011378726
5.0
5.0
4.386012020736237
2.4027407777478276
0.5734671030911995
1.314270927630945
3.262163936171619
0.9148264171603495
3.541442966436077
0.5584998607363607
2.6121990745340566
4.453498862605571
3.361645245425275
1.4620194883288988
0.0015069770531463966
3.0442844597727388
1.6583427795182648
0.7416036887502253
0.1713242859351869
2.9927009787171426
2.91688099506779
0.0
0.0
3.6225882508189895
2.3633065847155192
0.5791331037060994
2.3079378263288497
0.8097335510114307
3.6878000391857455
2.251014741379767
2.662567548431496
3.0824776754184837
3.3345231663238306
3.615554764726224
2.9607394626494634
1.7452748322646627
0.9823794663130547
1.401715309382003
1.010512728886166
0.016579887199817733
0.2799886460964034
0.5640327208760856
0.6568801476071631
0.0
0.7674447957119099
3.3585358484158303
0.1479279282946262
1.9711254849847117
3.8351978592363194
0.6192767816224576
4.064420279189923
3.9335209883245406
2.4247756283001367
0.03376761604045608
0.0
1.2029848921028616
0.025199565485565678
2.9220398305021282
1.792783069977193
2.8641968389458707
2.7373983727571365
4.587568631449052
0.7588151951335149
3.470703189620073
3.49850419445074
0.3902574987582712
2.612341803051093
2.8993771510409427
1.6904265999460382
2.218947707433248
0.0
0.2539876126482197
2.9957053355293426
2.509687869039955
0.0
3.0317368097070383
2.5993599331422965
3.4567152208017258
4.269844839458695
2.077901784019436
2.7816478151030353
1.5853903652591068
2.167376684625135
3.8967198752148704
1.8135219800975557
0.5199721497913803
0.4377514551621795
1.6865344226259698
1.4062626956695876
2.4349026976133947
0.5733048657334217
0.8003752651761369
0.0659541510049122
2.3303702390006436
3.1957593367004042
1.830550790609732
1.714532814202217
2.6916742472101745
1.6120074291018076
0.060862103390443956
1.249919625743857
0.0
2.847391403539878
3.4358703085838798
0.0
0.0
0.7449887441889285
4.34321976003231
0.7135528493234213
1.9273828304939018
2.8769371689084
3.6582622293288036
3.0466241781796626
1.6159656362517953
0.5842259138455965
1.024166771230698
3.793631258717226
2.378709727348249
0.0
4.660295882341609
3.366283028193502
0.004601377831184195
3.5117301250635116
3.9592775833788467
1.499057456243425
0.4670040889124598
0.4872877903055306
0.6923471956910605
0.032357502069465305
0.0
0.0
0.00624759758814708
0.0
0.011204172334021045
3.385271619363854
1.4402886304183111
2.8463890568914136
3.3604972356901017
3.5212930234294033
0.9711178450019817
3.0700686455682056
2.747156398538267
1.363466945649285
1.0377081630143712
0.0
3.951687619526659
0.6795760318064374
0.6534578881824302
0.6515681674270164
2.9072945830712027
4.516330848476551
3.6023619570808174
0.22125289541804172
1.6197722821654712
2.567830429288515
1.6654126898795543
0.0
0.37288218614366553
1.013606170544751
0.4736560657883615
0.3389097805610044
2.771721080259791
3.3057155298726624
1.521278450180021
0.5419285881134357
0.6484486846222142
0.0
0.16141572489082812
0.1118247389479059
0.09501133185990351
0.9469318339191961
1.0874597571554911
2.082923291730178
2.6824451163149523
1.9742403589656856
1.0719019973088342
1.033878017174895
0.0
0.1610185009693197
1.779173405657125
3.420205271326725
0.9323967879442288
0.5672747299060257
1.1393258827550383
3.9116263520323167
3.791382851114391
0.5716594855958985
1.416893890067664
3.3414551848276792
0.7287826882409592
0.09270493309433281
0.0
2.0707163715987105
1.1452611113367839
2.4638169326451935
0.08391249304888193
1.8259430140436397
3.845539270869673
0.23096424195284904
0.32417110476253796
2.760391878110461
3.6695792548129895
3.3947350088789205
0.4832680662927995
2.4597600668762905
0.3865017613772741
0.0
2.6216703704844644
3.67197279179604
2.67794268025947
4.3008676034031526
2.9240064588322063
3.6042031732508377
2.104303286364715
1.2803624988247906
1.8427604229175705
0.776264126942924
0.6288196417932426
0.835667400508254
1.4264562400127794
1.7770063476686433
0.48200574121807627
0.11503144416318944
3.9663679050480374
3.53943909857706
1.374449008919437
1.57774751060383
0.003857420445860349
0.0
2.5162997030217333
1.786406350304821
2.6844195252218226
3.320892484166286
1.4522015462701336
2.386317704621261
0.734510375729438
1.3555789846440858
2.9086220192755388
1.4349994795186518
3.1026058361799818
1.3630414437333265
0.9262475581077485
0.16555957188048698
0.0
0.0
0.12642308771346045
3.159059187985769
3.8619716543919127
1.4553324424669238
1.5114433088256618
2.784998956832822
1.0178032255842844
4.0878169168910885
3.834401187338658
3.3367363923873707
3.9229828511975766
1.3837811470668635
0.0
0.01992926965536501
2.545119757469961
0.7617135228530634
1.7983240167545969
2.6447636578006675
0.4809319041365745
1.2504403423887993
0.0
0.8340830157802923
0.0
2.2525597034410723
0.02361895619649257
0.0
0.3064481983933871
3.8126553112798636
2.545278583326751
0.025193628739697438
0.0
0.2495813605726358
0.09127469966134516
0.735816889272848
2.9424655513660607
1.9717773401166765
2.844448487840283
0.0
0.6253267195477035
0.0
2.500566552422913
1.0991609840321157
2.895161087276028
1.043779971489637
2.760088003827657
0.40300466942770363
0.7147521540075563
0.7151455473000983
1.6505543894406776
0.12191942964970792
1.4175669395738622
1.4232727456151055
1.3838999599841797
2.4551939313519044
3.755001404526598
0.9968517137491579
3.8005781069134725
0.10139200016780325
0.7041497852437288
3.1804747438367613
2.539107608657395
1.0247452863356514
1.4511760213804514
1.9079721347553313
3.505683320974553
2.8705847089451444
0.0788717561744523
0.051464476595470376
0.000423631947150227
2.370470277743159
0.07953224024979288
0.9726357458874855
0.09074297701841783
2.2978134001003676
0.35349640237830826
0.6997441915128988
2.9038236181954913
1.781419938896315
1.2424584617185213
0.0
0.8053062640408957
1.189076893491848
0.22386482947075503
1.5267090769586833
2.693930465400298
0.8197722582640035
0.0
1.463952234895495
0.0542708535494425
0.0
0.2036875654571384
0.05400390644408937
0.2586506340551784
0.36657263892754166
1.3312791009179126
2.5853529705893585
1.7423982034358865
0.8812577209956496
0.09150144978446662
2.991183973948356
4.204939007307398
0.7318617424713079
0.5682605933571727
1.9359213980630319
2.257887164441459
2.063758096053675
0.7993854383698538
0.8117721971158565
3.2120889508288726
1.2180448221420201
0.2290737973623811
0.058984060182534215
0.0
3.010629771960282
2.114502754100543
0.0
0.6040405605730328
0.27236342149263226
1.0978130927752439
1.0748409861576507
0.3805312676047272
4.238637044265743
2.5561108600256537
1.7441302608551021
2.5250757630930005
1.1502933286142616
0.3667019041529702
1.082161892153347
0.36493684827930384
0.064124636924908
0.0
0.11502358359851161
1.2061784889519398
0.0
0.08450640986430713
0.0
