4.446106472683993
3.9166526684985707
4.086868013993252
4.92230342229033
4.192961305983324
4.399293252355701
3.828516876692918
3.40960674696935
3.4791591473192764
4.031115461885696
3.6932875805819534
3.185798262053957
0.4364543347349188
2.0336840775897866
3.8088369567666054
4.921943599219807
4.994778142044037
3.3344851857521047
4.170135818600679
3.759950973019366
4.168446047853408
2.2734433510512218
3.4187227843755283
2.787476278901559
3.403214529623497
4.427568955109896
0.7677730636366724
3.749032426127321
4.31882384916989
4.887077396269374
3.415944979367483
3.1408276571281797
5.0
4.097948258889572
2.789181007920645
4.9495231921867475
4.9495231921867475
3.345889221494628
4.4374768236725775
1.8996641155839762
4.908233383071164
4.918137613267387
3.4798342169272716
3.9546804535276086
4.091684033715115
4.585420126751497
4.434568848302407
4.992746853111818
4.9038716644684515
4.9038716644684515
3.572264599884568
1.3281603800330521
2.6508325149724628
3.871209621580214
3.239247188383557
4.902811334574677
3.460486905037356
3.0370668780826358
4.972890752676453
3.6387630031854514
2.9967009499170554
4.0245347250976575
2.660651396833163
4.059549539734075
2.7660658962195828
4.923786991838332
2.294057519173943
4.923272697840638
1.8575490406636912
0.9870528469098292
3.2712733978279993
3.5866247016953667
3.27374295418312
3.2693581845628645
2.3112848625244538
4.14288896592335
4.050463650372169
4.002651426682945
4.956419825058539
3.3227632968312526
3.105065475942546
2.6032748116692965
2.6032748116693534
3.8901499607595933
4.833449914605024
4.923908383945979
3.948659862882335
0.8259338789518362
0.9528580154925046
3.5507320936106646
3.725145848731732
2.711299751409968
3.258995049323349
2.6234005516359153
2.6234005516359153
2.3967245822647034
2.3967245822647034
2.3967245822647034
2.966451393926396
3.7366904454218317
4.927017483298776
4.814773340834963
3.712004430418312
0.8478340358148153
0.9710476436327409
3.5015179410309316
3.8327793702499484
2.9630044140908125
1.9218900915041899
3.2839303954094423
2.5862333220676015
2.7078222680499118
3.104233920738779
2.577080763196484
4.231866788106144
4.27159638952172
4.926039030050573
3.7898844825345646
4.297419597278514
3.970271064898766
2.329328066292654
3.635369424803488
1.961072477680871
1.9656744527051697
2.5246900151769487
3.8227628623044914
3.1694518870141946
1.990826487897309
3.5728256131330682
3.6803867717179855
2.051709988520122
4.189472771732454
3.7801914272215416
3.7064414356934754
3.780191427221569
0.8419589831420251
0.3426215171550182
2.745601087945032
0.49143451050979214
1.5295376055718424
1.8555801547169701
3.216144878533045
2.587199966352603
2.0274464403957917
2.087105986917637
3.448144273710404
2.358120272658248
2.68093179772822
2.449270844116979
4.936442931482839
0.7078690497492448
1.9943732687186109
2.6913852533586105
3.6313082436555013
3.3320599496236576
3.6829011655658834
4.4161933109003915
4.011130219005354
2.5994256588020668
2.75279837954514
3.6719326997869124
3.39270233264492
4.094702748915642
4.969364973699493
1.3724243293482492
3.5612931674019292
4.978608271031485
3.808055683310093
2.9567511146944665
1.8588736973510325
3.3520026964657066
1.8563028479825365
1.5504240078769693
0.3771200124423886
2.871993372990858
0.6132835992338186
2.812238729302106
0.20576114617439023
0.08395258099441039
2.4513127588994794
2.4513127588995087
0.9756813254938197
0.8380288906154587
3.616594480196279
1.9464847724834544
3.994866750668766
3.612776745760852
4.3937816014420275
2.132628148777615
2.4478187260762785
3.0514831962387405
0.7405164587700024
4.262361166263577
1.32286610731799
3.429496164476092
3.057698296336151
4.996577906816038
1.835973010418996
3.911412237644256
4.138673638283954
3.98558764732831
0.8100534286082097
4.15841821350522
3.1111412154502847
2.8126482918017808
0.20668816283264624
4.961481147712985
3.646720156239247
0.2861256570348689
3.6507382621817057
4.083877974805153
3.507273864144753
3.2612223489136896
3.637713302792909
3.09129503613256
3.4330849305466162
3.7878403165202115
4.959153663598656
4.954676811393899
4.963856018788386
2.8272020575604846
4.075859877178335
1.9782106504482555
3.905879494427096
4.175069686895265
2.5778658506678123
4.297567589677886
2.686686346018026
2.6633897788525327
1.003780540374993
0.3326076676236034
2.4933342998235957
3.6755162376606987
4.4164136082044205
4.927446439992304
2.5444518480148113
1.4335014977780554
3.2582806966592472
0.4841455938666974
2.0707506760990415
4.196636828473764
3.5924680673535643
3.072488648445424
3.807867663071726
0.3091186231461793
0.4565987203280275
1.2705458807124477
0.38787944911502725
0.5810355977740094
1.4303131695258595
2.2340146182793785
1.819030902825467
4.0389978127693436
3.7036693172263946
2.797783671122797
2.8292089299442336
3.1597955441580345
1.005038352073289
0.858349146195907
0.05129863315687322
2.603522482430956
2.1679128231656066
3.3417678297099243
3.1486874303986023
0.5714349807366648
0.14367423779009547
2.592495411666128
2.827772876227725
3.876764582165005
3.558880281488785
2.138825784404107
2.767445149152801
3.3322057899743682
4.0206691746335395
2.6295169160729794
1.6753922949175037
4.006740492213863
0.48112847181535434
3.163733319629428
3.8174612232425438
0.06346324668511327
0.5416945329955847
3.415943910087083
1.9049071591019309
2.919859020565211
3.111581700028507
3.117971289988929
2.6508645517891645
4.269632565124301
3.4254372496679237
2.3283908916151526
4.530184273163378
3.252950937578763
3.565089494896053
0.9028569650438114
0.5680579409487545
0.8647075921834513
3.8594284752162102
3.5868161415943907
0.9982977833283555
1.874567942594854
1.7878617385778433
1.835873448344127
2.848066693619628
2.27720872231049
3.5263446895877926
3.198590213521063
0.0
0.6508444593777489
0.6046700431270504
0.39428892267914994
3.945892735596981
3.5839167985478757
1.1766901864687838
0.35499728359199834
3.8444504029827073
0.432694627898766
0.9443881348637162
2.9280087224623297
2.4013528511042037
4.234295541118806
3.940210263370362
0.9189729140165421
0.4131689890641552
1.7059394014390477
0.0
1.2573179274289301
4.123798860852313
0.40157044904413786
0.28248146163261945
0.3816057587803878
0.5060502186069757
2.7395534989293426
1.8762805540579808
0.11589162859510393
0.27100591202075064
0.8841775249860802
0.5411597005227686
2.107601117902338
3.0956051391960826
0.28833732485385566
0.3166931831200439
0.16259995584518405
2.3136607170803987
0.6660307587073571
0.8419244757078626
0.08656392738796326
3.7982798524151886
3.4459502472007792
0.5997584452861005
0.6983516181889313
0.1011161593698886
0.829867766491398
4.226100949655617
1.2968953946499382
2.7362975723260416
0.7858318223884306
4.725212176844421
2.572683028772294
2.8703396070057807
3.007190594988131
0.7807633128383435
0.0
1.9485725613279512
2.366444256090855
4.363572473109215
2.60874507252093
2.8142492324264716
3.732800765769698
5.0
5.0
4.486011381344875
2.375239107494259
0.5694270875949807
1.058374165521355
3.2434827974019833
0.7826346841777805
3.5261600695230038
0.6157239350878192
2.4815635260683346
4.341131438527725
3.0987405122518896
1.614814631844793
0.0
3.2043429599576894
2.341018064598716
0.6120436865051064
0.41653288412292566
3.09184365534488
3.1386704760412605
0.0
0.0
3.7446181841347674
2.0770554500857803
0.5139333532266916
2.4929522306046645
0.9351560663784677
3.622154272803083
2.2296048257122574
2.7106047034596794
3.2341235023775705
3.361426200166022
3.570411197407475
3.0136008068520783
0.9894919984187793
0.9441737047577443
1.4187429598775982
0.9781694536922596
0.03659365889077071
0.1834183351924703
0.6005524070919308
1.1806251254863613
0.0
0.6191592236525572
3.3405863365470654
0.33202266481747733
1.9915194440831665
3.821677226812375
0.5974334193550752
4.222702930715828
3.9692696519355013
2.3916784257299217
0.0
0.0
1.0182427399711904
0.023899639988545385
2.9322728870075747
1.7607359735635915
2.8658812041691735
2.9505355984710158
4.590846369536425
0.756809618936408
4.136554151023892
3.2222112750338847
0.49774661698374834
2.5393671838539267
3.061012739071646
1.539989060632522
2.1768055682031036
0.0
0.25639864424284964
3.004111283503201
2.576288061914869
0.0
2.9843239184044115
2.690339037652732
3.3019853784026565
4.448025975700492
1.998346594898044
2.8142757283351982
1.569870817537692
2.3015532402602594
3.9397858342226475
1.5682797807682411
0.648061254654912
0.46943149508100523
1.6643252259115573
1.3374805630455824
2.4412292063275287
0.871815787209536
0.818353080485593
0.10927643499179984
2.280402106310644
3.087840533464456
1.6307920834522869
1.6589543188049194
2.731023293638446
1.4526388295273684
0.1713200412402549
1.1922389884906521
0.025980739724729585
2.7765132558699324
3.469535937628453
0.09863502676157365
0.006392671677998063
0.9087190965232224
4.5077728111891435
0.5864520084431084
2.1884659569709437
2.8220067436702023
3.747123186017714
3.07939513353041
1.6111914663239957
0.4117964739305857
0.8278788351640674
4.527861342285117
2.32912707123628
0.05310547425767842
4.692819390833511
3.1923838254905696
0.0
3.384022100517084
3.98044893109461
1.6562881364387336
0.2929998099971409
0.4363876322324507
0.6601746711900218
0.0
0.09042732103388884
0.0
0.003650474057202313
0.0
0.041235088495021
3.410286072321481
1.5440909938515648
3.205038949368259
3.513809830173796
3.671626078165747
0.8512614200951947
2.9827996856572887
3.4419136654095435
1.538984732729069
1.268248632858311
0.0
4.078559412020949
0.5358879562286609
0.5505377812213843
0.6212077692380258
2.948350476202052
4.511981196801502
3.4683474110685464
0.19909524027231518
1.6236893819964586
2.4227767338107236
1.4784854270671697
0.0
0.45495254644564076
1.2311798641302079
0.49716145335592676
0.4475012079505123
3.1645404553359753
3.2926436124648366
1.358191837185235
0.5105477900295523
0.6291791485714913
0.0
0.0
0.013628902241368035
0.07674063172169232
0.9529407455162313
1.1118886940779134
2.0285313479275238
2.912831723846311
1.8272723116170542
1.2022964600618162
1.0373001147201282
0.10173844845578328
0.03548440108614903
1.957987056017442
3.261000085032037
1.015979514983449
0.5358323812714061
0.9752509581573316
3.865315765220904
4.067093321806231
0.5910345114331244
1.521816012501373
3.446022367688156
0.6608023572508155
0.36735443641693477
0.17631502400363486
2.169340910408048
1.2898190490090307
2.3991824912452233
0.13088274427561641
1.6255217050582593
3.74791161745893
0.24899151333128478
0.49636145938667076
2.85168879987627
3.784156443388244
3.382740832174568
0.6196398950729001
2.4660433093017597
0.3779637558605162
0.0
2.6807773246823765
3.483685570700271
3.183611074549922
4.181508508693232
3.5849106224004363
3.6033983515467036
2.1378873900266426
1.2016381487139802
2.0429028161074387
0.7466216906892948
0.6141519945231262
0.7632588233753679
1.203676124140887
1.6760216560021504
0.711311939615102
0.2428056173715647
3.834153210729522
3.7771068769495924
1.6348364021026636
1.8138861758295923
0.06348669242826466
0.06358989100897139
2.33729527463399
1.62117819914253
2.5089634047561478
3.251065163193734
1.758440312732986
2.790385760208135
0.8272035487952922
1.4150233257389693
2.898337137935662
1.5796927384906634
3.4015517071417096
1.3404337277263951
0.9642047792701187
0.29651538494801377
0.0
0.0
0.1384068863156922
3.1818198312689234
3.857862971337838
1.6573144338253338
1.3873864353353347
3.1024290230362825
0.9194390228716229
4.272945332425838
3.7834234402338693
3.164218343688176
3.920180644117089
1.337663292719307
0.0
0.025506766507065404
2.499323467054571
0.7757769984459677
1.5146027157015847
2.6558563472704466
0.3524447369602668
1.182663450434967
0.0
0.7080586536715798
0.07908477798559543
2.4462942957304654
0.05474303131689373
0.05622439107667487
0.39312892180048076
4.059327975668115
2.5436068715499043
0.05906074556729335
0.0
0.3303359322469279
0.15806311356718927
0.7120066366185909
3.112145074749581
1.8524611275216816
3.151738260806978
0.09599461513032592
0.4843032870219157
0.0
2.611642809548639
1.076097022304562
2.8530375656789775
0.9833467424489899
3.017551857079695
0.3031569828359202
0.6373845472677337
0.7733993171042903
1.9401908992667614
0.0
1.3607834181616805
1.4026487086777641
1.3229908887519115
2.6123407492711563
3.7753310863589795
1.0687983669127443
4.031209365188015
0.1249604457095379
0.6605418019607998
3.2840975977238256
2.3157352486674347
1.3202794462854892
1.4948641944943453
1.6774248092946364
3.605707263246845
3.0737516680081103
0.0
0.0
0.10344260902414737
2.3291232278020124
0.0723712840649795
0.9444117099113032
0.01373598556424005
2.4444528739359597
0.3647820435784417
1.0107577207134208
3.011942140754185
2.0217897584528486
1.2485906765591372
0.0
0.7616049806746488
1.4716088280490234
0.25011204267270726
1.6361732937356206
2.651902582423167
1.0763905366943205
0.0
1.2993467250791988
0.030564596093773044
0.029996425194636966
0.18923110228674878
0.10419742106655105
0.12369284275781522
0.4715160095556761
1.3199229718851941
2.745655598803992
1.8332383382762623
1.2035887351876933
0.0742573741810868
3.1002231823851445
4.039300715513967
0.7723462663899308
0.5910202660565562
2.4264167787886435
2.3637320442042085
2.0499450097421223
0.7090789881746642
0.7227496557742668
3.4357919539637076
1.3474865427281322
0.22367350302550149
0.0035872195870356727
0.021337950671170614
2.952808004821349
2.259467592537056
0.0
0.48089783010277065
0.19337039196346906
1.3611874136855362
0.9485191841269969
0.6149009414432363
4.2972276719561915
2.564193864595898
2.048582807746081
2.6920334926272154
1.1566457519408249
0.36943175795381533
0.8496100851492954
0.05261154494726794
0.0
0.0
0.04260946851690184
1.3217159404219045
0.06600707958690633
0.12747919317591316
0.0
