4.346654235971755
3.80258073771607
3.9813792060391844
4.918862507996716
4.186517399305927
4.264295925171412
3.6673810726309113
3.3325055491427995
3.3986781086012896
4.060125752474686
3.7871856766051955
3.015227981545959
0.5351804876013095
2.321563068238555
3.8799844081244568
4.916115722063466
4.980924099470171
3.0412829917589863
4.164180477362661
3.8004155785393183
4.08868767947312
2.3323039750375156
3.3621466963502233
2.785339254025994
3.2400381473333435
4.300904356088893
0.9946746321781288
3.6856532037367047
4.236024110956221
4.884652796828217
3.4175275828849956
3.066189123841578
4.989997991381566
4.093196004748544
2.6471799070315005
4.937387612690907
4.937387612690907
3.2166569297667365
4.277215403785188
2.1002223789130414
4.898624197328357
4.91017515238269
3.318430022483047
3.53386822618751
3.8922824341750597
4.514469789239257
4.49336371283078
4.9783148381726345
4.893751710702363
4.893751710702363
3.5850637110662036
1.4802759291697085
2.3152959744309887
3.819952693258291
3.193508830694214
4.907584751538371
3.379652000266082
2.9611754928135112
4.952030136396896
3.4131043132955408
2.7157514047028113
4.019616695475543
2.6966356038461483
3.9891669799605203
2.665864745991312
4.922321112826601
2.002039084300265
4.918278573455211
1.8912003446593793
1.5562105587940116
2.67285947957194
3.5621518408017745
3.2205455808600045
3.229578135715666
1.9563289886383708
4.049686125493615
4.056825935584293
3.9930488632932373
4.942611063892514
3.2253085590054007
2.937112300142006
2.2299946502739183
2.2299946502739467
3.7279395081826983
4.859845466308391
4.919501778916414
3.847261179414662
0.8311192918763601
0.9656984459297155
2.9585789993357463
3.655810754621186
2.6645118136606682
3.1502944211605315
2.4924439268475607
2.4924439268475607
2.4114461103002705
2.4114461103002705
2.4114461103002705
3.067286674270766
3.6444671190845788
4.924276121366773
4.914580401361116
3.7374709705739013
0.9240568683072525
0.9181229804153408
3.49180040992518
3.7454657991932465
2.89384310526103
1.8505918396972194
3.142622372102305
2.509396385191327
2.661193233926863
3.4580500236449363
2.391746895171876
4.207558534932897
4.266695817415805
4.920704739787782
4.012423425847544
4.3013937002699105
3.8585266756711
2.5881797669093394
3.705779244011682
2.1713001836363834
2.075537077337914
2.197345029825016
3.9313375545177736
3.0449885308097167
2.0464016774486393
3.7128347851518417
3.8012787332466718
2.081946924083574
4.365604247461125
3.9433315265388384
3.708444738719202
3.9715216035523
1.0092427405152953
0.5259733084180511
2.6856264070162488
0.5932439834938736
1.6453291689121055
1.8158030832993313
3.1408314556259547
2.5644711904292605
1.9944682391540982
1.8750669744873991
4.078594307069576
1.9786306617637677
2.571232671905834
2.304169022166566
4.924719033412061
0.8008301172474446
2.205683712751561
2.44344921038067
3.534994954872841
3.1093318270767782
3.636933133483143
4.406693962726063
3.9176589309327494
2.4339903529596163
2.706563128775224
4.066402584448944
3.196749665003788
3.9164932188165307
4.947513409925241
1.6713608710816028
3.620885891721714
4.9568393743577275
3.5983314812235245
2.948285064835335
1.990776634221573
3.264410275690341
1.8890279502141598
1.6087271644345367
0.4847166788105173
2.7166083984995812
0.6941197022983832
2.6475236349171873
0.12884745996866487
0.13138058429372856
2.2169662661397003
2.2169662661396434
1.0644051557140366
0.8174438162637325
3.716759652917418
2.1207917064279953
3.905810576056605
3.641357961862649
4.34299568773042
2.107476999060475
2.37966401253651
3.1364896523230423
0.9122153976296388
4.471198493959703
1.4448550176262205
3.4971483633084577
2.910898947479645
4.968800589646157
1.7532704752340371
3.808514973963447
4.152529158413744
3.9717737215191193
1.4138821195140898
4.202539125410686
3.230395415453964
2.6408094137783187
0.10260274557993165
4.940465704706396
3.7694633690298454
0.3363665373592091
3.7011255833061996
4.06077812538142
3.376503419073289
2.922322888519717
3.547968194000997
2.939461608673637
3.4179846654128494
3.8936784428283757
4.939297357877312
4.939114657740808
4.941622184572564
2.697370440038887
4.068963981230677
1.9957868608575198
4.160823874437099
4.136537727779121
2.6530451210349297
4.2678208545675265
2.591228837977741
2.216714872269153
0.8752386069764326
0.46934060480267226
2.5608314112338024
3.567300020566258
4.404970448186367
4.909636102216384
2.209762152838987
1.0104598080530995
3.2016799834694525
0.48257577764010895
2.301585311211919
3.95542878436791
3.480898332867635
3.0518635264702465
3.8430912928758123
0.4260460505008772
0.8498353478132716
1.1467605660583966
0.21561404603618817
0.7294419644094847
1.3620183639666972
2.278862409855584
1.645984280201176
3.9423419082556506
3.80146146898586
2.711522320078037
2.8033898515215223
3.1418906578382493
1.7110901187923662
0.8912052098073029
0.0
2.4064349692561957
2.471703462946517
3.2820152380246355
3.2968873251630617
0.6335497452993315
0.18611499043706514
2.493746479864391
2.8535477821088597
4.1738639742506365
3.386857421642564
2.2775201733917263
2.7928455528797342
3.2609755423754945
4.003226758208699
2.4094632553630624
1.9449509770266658
3.9243463450081904
0.5712303507616876
3.362571398548583
3.883789584565515
0.0759898409821278
0.6828142437563147
3.3559676369255054
1.928062372956242
2.9729695040121302
3.162978361140883
3.0427711040457175
2.4733005199248743
4.301693836291566
3.375730031029995
2.3452573361118136
4.451186135967616
3.088932054682848
3.3671180394834157
0.9089248620548704
0.6627766204336765
0.5244418779304492
3.8933901118598997
3.59942106720209
1.1218553110267115
1.9967572132265174
1.8507993268344154
1.7788363396500073
2.756771784226698
2.197394245084394
3.445515559995203
3.167221972145461
0.016887336653755636
0.592094844169734
0.6041337300433365
0.5243209865791978
3.8172864523156806
3.407469512234669
1.161982601746478
0.4670176600202267
3.7391006821982278
0.5693888352861998
1.67395339044104
2.9703070381031833
2.360419616163337
4.231477495683643
3.8305442223214476
0.7065379365610291
0.637175030275372
1.7041996785404208
0.0
1.5996523393141868
4.123524261940776
0.6720000260344601
0.4427789948114289
1.0053444476770648
0.36161419741723
2.708478780828947
1.3958066361807826
0.13783975910640178
0.33812597368106223
0.5826470748687176
0.5943061209109621
1.9710230349356332
3.104604404103648
0.37842426847534716
0.4320558136963579
0.27915021462599254
2.8096020476078487
0.5721294425577912
0.9124721643088463
0.13377847937878107
3.92584826917705
3.3574330165568127
0.5418053096225424
0.6328896524621626
0.05299071445039294
0.957009651873221
4.384787961525623
1.476363636389999
2.624830148608672
0.7792161836653384
4.836606501542528
2.4911017125576973
2.6893574075352915
3.0446428686687184
0.8026028716163434
0.0
1.9546391801199632
1.99600125787985
4.4367135898688765
2.5944213466938764
2.759814760418139
3.550144519921702
5.0
5.0
4.533013191836057
2.3001434360766626
0.5919611878927866
0.6972091955153057
3.1010163972912266
0.9721914181466871
3.5046870308650635
0.7958833609233902
2.550692444538855
4.354573455263104
3.184384232089909
1.4544877773029259
0.046229248022580105
3.137026184404712
2.4061570809835193
0.6377252040696564
0.5356841191045691
3.042622629848028
2.90193325549826
0.0
0.0
3.6800616419193983
1.8932526958476177
0.8406928291346882
2.583033796253225
0.941222624998296
3.674682511814369
2.2570469536823974
2.617889782526358
3.155821473428728
3.2731659398494926
3.2736383168342136
2.9683155655600815
1.274615007459651
0.9475435246895176
1.2690960064908476
1.0237180616320258
0.0
0.2630845202203953
0.8454530583850626
1.346671135501063
0.050267993136104305
0.5933711046712733
2.7077350323779785
0.27163057495019727
1.8105329067676066
3.7531495559896597
0.6381966806884374
4.100192248128785
4.105496691298882
1.80345009288559
0.05779906663413348
0.0
0.6026137558660127
0.10247484163445497
2.540844832151014
1.5664753406035357
2.8760860956781538
2.965219058834195
4.403998602307963
0.9765012566578082
4.078239178462242
3.196515862785613
0.4664602234726547
2.3936562446458676
3.259423498738259
1.0545828268598476
2.133713845772799
0.06605887751490469
0.2387383453883909
2.8688578523826913
2.2410980947562815
0.0
2.9134206611005458
2.6372681296677167
3.4699627492021796
4.408168552732402
2.044177757967924
2.778092516863191
1.7858800420193055
2.171136609553711
3.964442385972855
1.6348248023456011
0.7627330846718077
0.7576870347833338
1.1791009944990072
1.481005826928548
2.427117230705661
0.28910830981762414
0.8148407242172797
0.16247780469143747
2.6074456405576103
2.9834121602605044
1.4412945391162792
2.0470615843223654
2.7229499987175543
1.4725884031042162
0.0698616543735695
0.9717283201718465
0.029571341795832762
2.64227562475974
3.4621093268623393
0.06526730597657382
0.002350307005224206
0.9567314891431979
4.364445311900576
0.5357605256874307
2.245595820981316
2.529182889188595
3.6693744175256433
2.8087094510760813
1.7171402354277006
0.3180556927815039
0.9654099428217928
4.518665048454691
2.2071657105514446
0.0
4.6724113098034135
2.968810985938831
0.19616404382364694
3.0865850389039244
3.8431498923995027
1.5813555699250634
0.40042457808362597
0.5578381287239682
0.5684441019868198
0.03891087857558828
0.0
0.0
0.05535592721391813
0.0
0.1085581441479877
3.668414150832946
1.2356561920733689
2.9339567581933674
3.374586666733197
3.5104237786433017
1.4546856167903779
2.929910068468463
3.754136269007599
1.3524227634781147
0.9686520364627476
0.0
4.274911035018556
0.7301784193511245
0.6467465716574057
0.6097370931875061
2.8365741910614815
4.431135957300864
3.3038118223414332
0.21323559952650895
1.670363502907882
2.4578711865456753
1.343931650657003
0.0
0.4602313530527744
0.9325792655486231
0.483497018669794
0.6914367395841245
3.1380738096135548
2.9864981884522037
1.3519473525959902
1.0698966867123656
0.7254408923770987
0.13544173580885532
0.0
0.0
0.16976335327292835
1.2186564848491765
0.7548793311095578
2.012612875665981
2.9088439145098977
1.6257949384793338
1.017485416751199
1.0832749028857562
0.01989571579918481
0.0
1.3577956616290456
3.2617010416491685
1.157928664582181
0.5599083830443283
0.9262424054359442
3.958983188514123
3.9716293410326258
0.5835295284176953
1.5174999709334158
3.290551620058872
0.5476298201425034
0.3906946788166894
0.0
2.2945727909347347
0.6841435833126428
1.8967962176091162
0.16882654673426645
1.7331545968579465
3.802143005297928
0.15418801962516815
0.4196165635925104
2.794576987647424
3.775748916884424
3.240872967765513
0.4551484096206777
2.481511280646053
0.2860959422534104
0.05402576534645176
2.6363031716942857
3.6210840014371803
3.119395533479707
4.582225899731988
3.6009628188955207
3.43566094027412
2.0057848131093805
0.22057252429958885
1.6732988089703524
0.9547745517870161
0.7440336920361044
0.9026575931187657
1.1599935347290553
1.5840073259515797
0.24447700803275607
0.14887992122810756
3.8080341358118903
3.837330779417765
1.5348704814395897
1.701303489153815
0.05869792078360936
0.07395465451549965
1.9112067831749964
1.930713322010161
2.6072838306256005
2.9701550190122883
2.2652473651245955
2.8186183394918536
1.0465934062370894
1.431886546244454
2.8611597628888172
0.9073577767300338
3.1304933098780414
1.0903090428685132
0.7581656975507456
0.3266104161873602
0.0
0.0
0.03923146250701803
3.056519361059071
3.9029229240685814
1.3161403752237368
1.042785887596906
2.5475509692851683
1.0411196431026055
4.35060062305716
3.7579120270404434
2.9787245194482543
4.070410925462804
0.9919358539917851
0.052483592248861566
0.028170994118047243
2.0721165843098777
0.7700356067010428
1.2848120868394335
2.7420709390384395
0.6597002327697719
1.0800562185910514
0.0
0.8331223492111035
0.0
2.595702256787639
0.0
0.0
0.35328642013482847
3.9307427325211424
2.5450709077739275
0.010145613447912094
0.0
0.2848778424397902
0.16447524109131129
0.8573290433812768
3.061294661817063
1.6944922213156146
2.910671361663702
0.0
0.5852105701423755
0.005731672312361713
2.683710487692133
0.624809571157273
2.9708578116351716
1.1457520506137686
2.749914361227636
0.3398475879390275
0.6004004057927959
0.8247204149216514
1.9311051948873845
0.08321026126189457
0.9227169537636377
0.8616431068757211
1.396801067076177
2.838696317132754
3.734003749298361
0.8582971142080456
4.081827714947636
0.3043890445727029
0.8311111531365962
3.118058009499302
2.1517162424150196
1.468443057016978
1.2303392720128872
1.7179813073617338
3.6453893624506946
2.9227887727630164
0.0891148578259382
0.05515320618997732
0.07820984425305033
2.0793485687352766
0.1034838202633277
0.6292719302193688
0.0
2.0644635895359786
0.41539697405344667
0.8888300566617331
3.0278133633392463
1.6227592017699854
1.4021373737406129
0.0468459959849894
0.8340121583255224
0.6527814952640907
0.20850159922953493
1.335634854144533
2.7000787566644884
0.9036269489493729
0.0
1.0557599191782034
0.01966764017135736
0.0
0.4034863855084523
0.22471674017564736
0.02264671029546994
0.16780623286066776
0.9891524249958823
2.7681651829463347
1.2538558614725601
0.6083910434671327
0.10319926550306624
2.975059910781638
4.164543479611632
0.29299821945821547
0.5969888388844002
1.8075078164882572
2.361461928133085
2.1964996840251305
0.916498138808771
0.8186722821844366
3.510764535266673
0.9553113832071438
0.22138679764533142
0.07655456297401164
0.09456832430604178
3.0079851154710933
2.236888420805515
0.025420385866760764
0.5577337512008262
0.06892877110912954
0.9049366706122686
0.5349710383195894
0.6774821973625182
4.4523800825081565
2.418956020244982
2.043462022972555
2.1383151548452353
1.184142720328985
0.19569431829151318
1.0442613382654122
0.29786153131956317
0.02551424988782136
0.020373050003751114
0.010441680751678728
1.4639367241128052
0.0
0.09720855679038953
0.10649476639910871
