4.291309037722886
3.850738720909408
4.088215287972041
4.936719495941571
4.278368343496078
4.3781864768530365
3.915444930549738
3.310796415204036
3.373601943991058
4.107665855568602
3.5333481733577385
3.280730865642987
0.47808480724925895
2.0264275470713575
3.8209947642682525
4.925912460441653
5.037244151124341
3.366977561891338
4.153003742380826
3.767476131589873
3.842196700151503
2.356598740729743
3.5861451378893565
2.9015575211060747
3.5249942742463447
4.43942661662587
0.7074512641884154
3.6166912893624175
4.313529931351112
4.893517749654876
3.5444287741481966
3.2632671762489154
5.046781055963008
4.212328486807355
2.8474646270321844
4.935938215135252
4.935938215135252
3.49200659928379
4.152420681031545
1.9000100525877115
4.890847018102869
4.911430734905988
2.8277852813238327
3.843677771108936
4.135822579840784
4.489377547436572
4.308334398712747
5.032854023098461
4.882675092226336
4.882675092226336
3.3775299074619025
1.2360121272034772
2.6081340329229143
3.6111390020572203
3.434708943183009
4.902606581776588
3.495242614917253
2.377563914063517
4.952812164729309
3.79017966550876
2.641938746702601
4.026346421340595
2.7594982769191643
3.6418835251165045
2.7742515227184152
4.918609700589988
2.1631349706280925
4.915216569883869
1.7143756894943736
0.8667990203057614
3.304825863128728
3.1146900680284264
3.289721426814728
3.2965132869108165
2.2294491976848776
4.131949617186674
4.103337800067541
4.001623671472785
4.941436269878174
3.240489213985463
2.609533017805808
2.527856990889099
2.5278569908891773
3.590586581938474
4.838655057667438
4.916316075613864
3.878326023629175
0.9197144190346376
1.0018960428787644
3.5143171457496876
3.46934624022029
2.7855661864833956
3.3321577700170866
2.622020588545657
2.622020588545657
2.1603358279913407
2.1603358279913407
2.1603358279913407
3.1220505621657213
3.9016019633040284
4.920796357278146
4.732858218028442
3.6227173919194557
0.9402586902272589
1.1704334920039705
3.510560541771992
3.721732017852536
2.62314706923778
2.1042955853040977
3.396835288600322
2.343222938359363
2.823438534588371
3.282415440033223
2.6235679773938343
4.353189371304545
3.96865009003348
4.956845640001887
3.84611490535533
4.295732273563724
3.8974694764620526
2.3157584672745117
3.454997064474162
1.9551546973289748
1.8083583940731693
2.518337236898556
3.6438486887816066
3.1203661678024965
1.9852236215074694
3.5906218864381256
3.7655046627119337
2.0903497429187863
4.119134523889448
3.8715423891966396
2.9960945081790213
3.8715423891967347
0.7908987233213263
0.43483604823171484
2.866067612298345
0.5536369955039331
1.016023566271555
1.8445222194383155
3.2514984865452763
1.9581981683570437
1.879632898664188
2.1201404667969777
3.6937961273696556
2.2570236462533892
2.7509818335385634
2.6061027121335196
4.956757436481732
0.7623057668219322
1.9847799494091283
2.690296992713321
3.5048584577267348
3.361844278430991
3.8433531830505365
4.431592417136914
4.163321188182088
2.7172138660265888
2.720976913904981
3.7054414703602423
3.3775812977271484
3.700536144222252
4.949140120032581
1.427085349106465
3.640691611033706
4.957549947490117
3.629591858274724
3.14643659492735
1.751494450622698
3.3760187032921976
1.7249992236404368
1.8030872222679144
0.3663184182157182
2.935111214200711
0.5588324677326875
2.7561380277626557
0.18827008418017632
0.003509676204877632
2.474859552097041
2.474859552097062
1.0736070186463293
1.0781322686848367
3.6406815645837614
2.359876216196185
3.9456214393392783
3.345071349017753
3.9878280739127443
1.6415455709093405
1.9313866932998143
3.0798082398396924
0.7610334199691136
4.184860268417413
0.9160604974905024
3.6609215613648343
3.03333764706433
5.006057311251077
2.0957265738367377
3.8164916392420287
3.926149316595971
3.9312406847006165
0.9066874279455956
4.031831037312111
3.3192077797513098
2.8296548074265675
0.24402262525122298
4.942288635740471
3.709994457910715
0.2709804808623244
3.7041959010784464
3.5851588203866585
3.6084972503802644
3.539324584596987
3.7932521824441854
3.314044189728634
3.5978360601578703
3.796388012429254
4.940669288975817
4.9387356837714425
4.943942770722037
2.8761819061253955
3.8600506488752404
1.9836627233007458
4.197641013347244
4.378723377097543
2.331359240000435
4.436547600475652
2.728539144113411
2.605126572349921
0.8970102591510742
0.2863550002470867
2.61420931197141
3.874679794176512
4.422412917299603
4.875496180838979
2.8242256764646148
1.6881172727900755
3.158225149641431
0.5400655834427366
2.290920555584297
4.308061759305172
3.6212496559682994
2.8400155623414967
3.778472405015559
0.28980960257679245
0.41770870848109753
1.3666285236357827
0.35697623436742676
0.6129951300150371
0.938812788590504
2.54850186375934
2.0478576162143285
3.938293709148619
3.69855930631014
2.92080256892845
2.8908068841164876
3.251997138424071
1.0325548336437582
0.9874972371003303
0.03202268411951126
2.630894875090036
2.147514832709064
3.452234764376612
3.0187960216656933
0.5906684090921623
-0.045276865587977166
2.7540678034430024
2.786775067247192
3.954801410439979
3.7349845175393113
2.200843643799987
3.0032040111681337
3.3928973737274224
3.972226362726817
2.7473419893829987
1.8380666811823656
3.882279991423672
0.5205619475606267
3.419188133015306
3.8786892249349134
0.04836160639489551
0.5461673860135474
3.487791277829016
1.8812654705302916
3.0196231204883976
3.1686331306172026
2.9914307872993615
2.6933684344934856
4.2363361338212755
3.1434222484829335
2.265750998071035
4.067988537741915
2.9983313595649137
3.4941544274369156
0.8438837767705594
0.5338576407049023
1.0107706264888585
3.7443281924394936
3.8305919711248095
1.1907288934826892
1.9101019864009303
2.0432028183092688
1.9991340169010727
2.586318059160162
2.4547447593601555
3.666345134268654
2.928906970797209
-0.09611092096814167
0.697819348419142
0.7085556024040245
0.3032634856652572
3.366708513331601
3.827855879971781
1.0763838026505455
0.3839814956768888
3.868154384442548
0.5017563885034853
0.9098771668825116
3.007671923330841
2.4691032037120455
3.6827284163428797
4.124776663349985
1.1702529392090786
0.6251693312461435
1.165567964676129
-0.2405919046006617
0.990904610062167
4.051841724022967
0.4026248302949953
0.3178032778701616
0.3078487591443202
0.7189801983414523
3.016021126402882
2.0534710767766673
0.23387215707489561
0.2518529709966715
1.2133980409140261
0.5486799194135856
2.0565147003296524
3.3456820411383537
0.2800245818819822
0.3008811474323818
0.15982952181931376
2.2973926879837276
0.7162844680967493
0.8704176871459901
0.03155931122304212
3.7639873746188406
3.6079620398002796
0.6442987032312364
0.7133502025133205
0.14328807156830559
0.9122745724442276
4.024420487612316
1.3550553040446798
2.7754414270137038
0.8246914035877624
4.979748443131738
2.689484939145045
2.641357060260241
2.887784373518294
0.7283252910064157
-0.12441971081158654
2.1493772312676485
2.485226557632457
4.258041301804457
2.820001993170852
3.067688686478635
3.7824554777534103
5.019006216216141
5.411233093424384
4.347858901124832
2.3953128358631344
0.5054742400648888
1.2181720930528788
3.3237137138797537
0.9045039092053355
3.629138789404452
0.617473503533811
2.6810159662067137
4.324099997515351
3.0856717032456022
1.6111805638943424
-0.11616864123583204
3.4763329689067324
1.9709963022077894
0.6717545203067385
0.036015494770911705
3.0789221743975754
2.6392595404897645
-0.14290327206371733
-0.129447307343582
3.6745773085474096
2.178229120706256
0.06325562413515984
2.53498764336071
0.8594442086043572
3.6031333312204157
2.40191743374513
2.8664344596109985
3.3319665212991336
3.2237038489587664
3.2212106599487513
3.094712149481024
0.7298713626477533
0.8190234306995259
1.3951484096702846
1.0089957207704718
-0.0505086642978152
0.2128613994412505
0.583362234378312
0.6464905043930913
-0.04426914846370833
0.6496182023141039
3.152269886837724
0.30593068414108915
2.0142985599374854
3.597745401882808
0.5601952994727388
4.362645174173773
3.998194256340533
1.9443333343755325
-0.08539654156796272
-0.19920420257291438
1.2120339600619148
-0.02716437307784636
3.0438970056107846
1.7807617834396159
2.704910870226645
3.0799956402076307
4.272238571479363
0.8615762341526438
3.8928672535932347
3.3718970546744065
0.4603286670582176
2.6667212168417476
2.984505272658643
1.6609492627806781
2.430767060895312
-0.05551927575573812
0.15486973194179976
3.119924356062375
1.805061630460902
-0.16788184887299407
2.930368760645608
2.935657852037926
3.2169545929647527
4.257889716735425
2.230718363305574
3.0183184905845644
1.3706069904568605
2.2024219862284142
3.5422810374401004
1.8981436548474186
0.7461803170809884
0.43360811360890716
1.920659222075186
1.4621622814937951
2.482383276964026
1.1109011914372817
0.7787932818336967
0.02666184490072121
2.296866235881718
3.0162072533389916
1.3149590180882726
1.7818725280150702
2.890119848188395
1.3851565579356326
0.14944371483140317
1.265217759125099
0.015525590146154844
2.930669866045744
3.157558626358791
0.07062777699204803
0.04189345114631893
0.7050509781482703
4.739238274628013
0.6720484177618897
2.2981856620011603
2.9516397243489103
3.9371908212046187
3.2267371163879806
1.216909225433382
0.4310701041134757
0.8235876647217517
4.2932100133597935
2.491078226834999
0.06005192664043024
4.723250706926677
3.2615525796691354
-0.08034516985121742
3.541002826262272
3.981292866732907
1.6853872489359927
0.37468634776625054
0.4174260903417477
0.7230468657821327
-0.06350065921308667
0.08420731851818575
-0.11508558544849512
0.004541737146242841
-0.04491187835468535
0.09435347736766753
3.4576279455343246
1.6236124862867922
2.9878039905504754
3.7435703157172964
3.6133446764514567
0.7716269976135846
3.0317971852787733
2.691789773106875
1.7194676425839615
1.168407171279068
-0.0233776320035175
4.379473757855058
0.6548473146591403
0.543354897131684
0.6160162215264315
3.1754232739563357
4.5019669553147335
3.787127505148565
0.157055152467374
1.7799190525001944
2.6231164853231346
1.6813537438543276
0.005955900951424287
0.3873213713954393
1.2935508166187195
0.5030017583294488
0.46289792168722466
2.9981097089279154
2.996724484682018
1.3623796465746278
0.4992620969417678
0.6227386535943951
-0.08938871336643883
-0.1945721568097567
0.002775550526445958
0.05087997950358103
1.0194829157348306
1.2473936844170006
2.254240301959618
3.0827794100286305
1.953136494027
1.2328071485399552
1.0691085368502464
0.20152071920985692
-0.03958851115363293
2.1452225801539098
3.5119008550377466
1.0329993301360791
0.5830162637657872
1.0586605040817934
3.6401019263209613
3.083670731162416
0.5072319463758244
1.5893820834852534
3.592573831226231
0.5898879787915825
0.12409870887230356
0.2001404996996219
2.0234638155328537
1.3590685539789988
1.9293985951507016
0.17108095034791537
1.8254531774308718
3.786382298757395
0.26123793561027187
0.44753896923898795
2.7939096077514702
3.755665466938329
3.5499001798542076
0.7337284584477666
2.7703540310731705
0.2712090543409702
-0.05560871465295092
2.550211083377421
3.4158518859762688
3.004381400032424
4.231587845781437
3.3936818972701457
3.672754771165867
2.255288431247154
1.4297240752822753
1.9049115296438779
0.8594042431878592
0.7404938954652587
0.8154853581740409
1.301093512551676
1.951079013379767
0.6797333133492729
0.2789679718482767
3.8428824966523405
3.5741227959102404
1.7802821816744747
1.9636495376588088
-0.011781759727326868
0.05897014418404156
2.581049226095916
1.4854546749945166
2.4639011752452036
3.2839351335713887
1.4317868138132348
2.3247414707989464
0.7353433351878391
1.0211786315003164
2.7193054259114224
1.846588351989317
3.4183584516597505
1.530197863935412
1.2278984596850635
0.3386285977384049
-0.05952694676560233
-0.030919205439162045
0.13627890843381296
3.3359157953964877
3.821675560231173
1.758512001179151
1.5369019940265685
3.1876921568643355
0.8849808652267037
4.493533276360349
4.016195598075692
3.4005839296623255
3.8327064704201086
1.6100306930714319
0.030104951862436113
0.060927505941075655
2.683547856605197
0.8060954126724273
1.7454539485752982
2.7390444523868305
0.4728330595103576
1.3061705666395746
-0.1310626631513645
0.7869744218728436
0.11639913749254527
2.402572216079817
0.033085350660478685
0.10200503806227568
0.3561352747552964
4.068423741679563
2.54070803118875
0.12892483504956198
-0.0031961916992062633
0.3931354292835647
0.21521159730844142
0.8244196096172094
3.039682168340662
2.1127005865235575
2.9097582467371557
0.12321865199390247
0.541573817551964
0.042438745582485726
2.736236594446091
1.0328105975075261
2.7875921476322962
1.013687813134878
2.516669282673281
0.27251240938708365
0.7948874972045599
0.8112940291325406
2.0063461256325383
-0.02972282494643741
1.5678185789877213
1.669435297677078
1.3863479061241208
2.538035776123771
3.9875523411683376
1.1124858733586582
3.98920758950269
0.13208967095539537
0.6037700818397593
3.2662455678551425
2.5910528330280127
1.3160892745891215
1.7146050797313213
1.792583533783756
3.5012458241968845
2.973096147297238
0.023986992355079284
-0.10080905728842149
0.1905975620866287
2.327603388396627
0.08042315962923618
1.0739532668003062
-0.016922577671202088
2.187348228784773
0.426866656772543
0.9157808097129299
3.0645137200561305
1.833027169867544
1.39107441359918
-0.05318806008905552
0.7814326266935798
1.914984885769861
0.23230806293449158
1.8383930229277365
3.0286804442476627
0.8451083950221023
-0.3255046426737809
1.5427905741741417
0.0614337862362242
0.04736350144517809
0.2470815634479906
0.04053715613268283
0.16606169760608447
0.6148221461005687
1.3939306104787073
2.6815740966537356
1.690540178679941
1.0059008175636923
0.05477401256791703
3.213493264638347
3.9145722411914607
0.910858184538228
0.7805264349403003
2.5339383926775683
2.3059157554603904
1.8189516668907726
0.3201463817064316
0.4886073379349951
3.092307728523512
1.2606745513030835
0.24101593640372743
-0.0022832677473778595
0.020688032833533487
2.8214603020082802
2.3873723229093806
-0.030086765624774525
0.5639626111947043
0.3089123058227945
1.447162420866713
1.0027337381994816
0.4695242961825188
4.435114870767416
2.69521993209483
1.9996138140989967
3.0862833111710226
1.3149042472434709
0.3382422409183605
0.7947802792441778
-0.01708126986116154
-0.047878006360571046
0.06587619240743559
0.09092996207101445
0.828693919707876
0.20664042799001914
0.19240486387011346
0.04623945008136454
