4.244989704905704
3.91966188093802
4.0440075421336195
4.92146238245231
4.152900499961447
4.464973569198104
3.738944564859376
3.217922199973075
3.2893240985899186
4.05456796928929
3.430485932438851
3.308799779177689
0.47477991429846167
2.10291977995169
3.62624549732565
4.920836002688378
5.003096795502453
3.3067271829292593
4.122486511560143
3.7666057032500824
4.192182662714299
2.1298318807074943
3.3950588454894115
2.703672083631795
3.496833869937042
4.277466308372369
0.9354485672596695
3.9513495580447793
4.30779610765034
4.887207857499716
3.300658546386919
3.046342432526255
5.015783309221346
4.105989170961044
2.618312707856399
4.947345464360231
4.947345464360231
3.3823725243689546
4.451023056133854
1.879008959790133
4.906865703874454
4.916823973038149
3.5996789979865227
3.8195543554345175
4.074488279066372
4.503034769552604
4.293735478079425
5.000418206074751
4.902497438447762
4.902497438447762
3.560861756595154
1.1988120191348082
2.6010397034617885
3.6065721223872815
3.2473202225450124
4.902896207938451
3.6071492854991365
2.921257539432841
4.969134040665214
3.7566490573382914
3.0527369836484937
4.0026447010623585
2.732515252549037
4.143775842075257
2.6991389259431107
4.923878185711417
2.442293664468166
4.920739685860984
1.697416909272118
0.8199870703705003
3.309192916056896
3.0377523111457334
3.3906764762832307
3.3845040449992827
2.276357594054026
4.055744860309277
4.071968247831107
3.9832038023090153
4.95447201379946
3.1616047213819156
2.892975971984336
2.701323630017076
2.701323630017119
3.982561515079738
4.799107280765872
4.921940853577802
3.856432601209521
1.1241724338391692
1.0531377751155961
3.5180791857224927
3.226595393017517
2.57208053147117
3.1168635410717522
2.7209541387835143
2.7209541387835143
2.2474495380661415
2.2474495380661415
2.2474495380661415
2.789407376058227
3.7605057914957962
4.926885400263497
4.799405163225298
3.689434506086286
0.8904343470334739
1.0184580610223062
3.398794029867879
3.7357174695342277
3.1565802221182935
1.861150639482389
3.3746734691671447
2.4676835541346733
2.6842082281170843
3.028770954044426
2.683158708549362
4.15039646378183
4.224497261934128
4.926873411917826
3.7273706864784453
4.352225109081074
3.8667829008720354
2.2325743481587064
3.364031290286771
1.9427780322780135
1.8254877105776035
2.4706941128485402
3.5545684563467033
3.084295146363818
2.0862916633265
3.751729333721542
3.675376376572106
2.266937003889668
4.212310627329074
3.7458748781908606
3.8544345286680834
3.745874878190857
0.9633684165398373
0.4343864365205339
2.9922454620351675
0.6240451545691479
1.4443466767182425
1.8783529263700345
3.1094619061877546
2.5737111959417467
1.8402880828772035
1.9430699180783704
3.2948778132864636
2.3293234935414486
2.775464738912792
2.584805367120351
4.935440815546668
0.6825112907007247
1.9774164510898782
2.790166579589698
3.563627870218616
3.3667155041489174
3.621648229583022
4.446192824519168
4.1390914209479845
2.7381209322657365
2.693603012431909
3.592716123403429
3.5345891559829914
4.261263992043839
4.9640314763488025
1.5319004036133756
3.737695367893326
4.97539876776272
4.022159313258323
2.828949122443762
1.8337065385142644
3.176228635168661
1.72728144681672
1.7370563358630062
0.33312937270233656
3.003115939046279
0.5212168207435726
2.855651709435191
0.15576104381281075
0.05232285366635647
2.5249016881210653
2.524901688121052
1.1441869892506138
0.8924118828667265
3.5810557191069226
1.921313782437946
3.978168729875075
3.662710314981317
3.9094486081230038
1.7603307127009975
2.0987843544466336
2.854752323663832
0.7080941498860853
4.295983842707809
0.9905931470243319
3.482484480494047
2.8621305231360616
4.997157864026101
2.103201976354622
3.840421465933389
4.251668131617251
3.8836848798013657
1.0561208501294106
4.260206508833381
2.978655144223376
2.9217435614363727
0.13058400490417066
4.955021263841739
3.7248641581419912
0.3049376869069311
3.678202879925934
4.13469499081198
3.563563062190232
3.440463869432226
3.849873960723098
3.018317010370967
3.5600636106302956
3.77593855209647
4.953103849129566
4.951021480783872
4.956942674682485
2.692269828973353
4.196799191941343
2.058509759864511
3.892263044100491
4.232338790915742
2.797555451390385
4.3276647622166635
2.532254579591272
2.8619392721635903
1.2134363944415258
0.4206827171442282
2.548056623379409
3.6724589987919876
4.402446238182547
4.9237332846838635
2.681631449066826
1.4102792057200633
3.3065917904689126
0.5158352924431435
2.191649829000865
4.209727387678553
3.428062772252228
3.0394206747985377
3.8058936199033964
0.3144256526238274
0.4867517935000376
1.2983696899651798
0.3637258367580505
0.5796274785747808
1.3954065768227601
2.4280083177899856
2.1124414491997183
3.9941178634005343
3.696821253234021
2.8736312604192356
2.714240488289123
3.2482067559556476
1.1731888688518388
0.9493334221529195
0.02831814931779686
2.445333874249909
2.2411271030915856
3.4791351877824495
3.185999156428709
0.5123781857426355
-0.00426487323133129
2.821438190685729
2.9152068398337763
3.865208913326339
3.677642970512856
2.1644624805180968
2.9206846964256696
3.29782533299047
4.039791974432397
2.7616846937090074
1.6412172630732593
3.655590570342868
0.4643972988469933
3.10279643548534
3.8636680182388514
0.05295423544056588
0.5476818632211002
3.5311146560634725
1.855483659730528
3.0329129256973477
3.6680647200457823
3.1931236246948576
2.7181205453963933
4.258291744459003
2.930424791186561
2.41151341007503
4.626038316293136
2.9646586619072215
3.662822107594411
0.8989825211468916
0.4611084315697149
0.9455648140377724
3.657655524780832
3.6345059215194606
1.2334049491354375
1.8913379456148198
1.8161813241936886
1.7712653030457841
2.910270989772175
2.285103265081484
3.738657903747496
3.147481424239719
-0.02313083038223418
0.7076281140970844
0.68973328053197
0.3243002119388274
3.952622711222502
3.762753694330673
0.9841608103970092
0.3622405352744815
3.8001175452499996
0.416684255605678
1.1400323513930637
2.938997787450283
2.4881274584066304
4.2832407442588405
3.989315925485764
0.9961441942716529
0.5586184699312748
1.6489112969412094
-0.1513031024198117
1.3739478167104207
4.119997194217555
0.3457375488668948
0.21904445478815848
0.3838879333126317
0.5621175912736032
3.091683814149652
2.0433078636867967
0.12466310726561769
0.251620316279511
0.9021693108653688
0.5982696642380687
2.003338522247832
3.1446586933429113
0.2957316802778349
0.3407303656977412
0.16967680874094704
2.3096097897743677
0.8472592625070912
0.7634249326855969
0.049901520067715754
3.8071022036871303
3.403092899180425
0.7336637085133386
0.6713684998612317
0.1284730837709014
0.9323442761708698
4.202677540334674
1.667340186637878
2.681234316843669
0.8878484895484244
4.691897278173765
2.707558300752264
2.1585076071685725
2.9329754317318635
0.7495054860133112
-0.1334218708779109
2.010148105738769
2.4397738157026656
4.286597551990868
2.6784585748879834
2.9536828568725353
3.7774140133510237
5.04901737024469
5.198104956761196
4.401346127804311
2.2847616851923944
0.5439799500113933
1.240271808688393
3.2573102330510277
0.8358529853464729
3.5810840344136654
0.634504408334482
2.5040260859278085
4.435789027874151
3.25194079426331
1.589022904611621
-0.009513848857114926
3.2073156060645376
1.772125829045596
0.674053431385695
0.09023544650233806
3.0613246241704752
3.167857879674259
-0.12033883364626607
-0.11180484973324356
3.8312236062586775
2.1716175187788047
0.3918218413788459
2.3736444247662174
0.8712920724268343
3.6331536441867804
2.2548984823823197
2.793138977793839
3.1771036990669947
3.343632805948819
3.6923957733948005
3.019976099592693
1.3975757278661554
1.017797157528836
1.3295007004308421
0.9893486915358687
-0.03567722653751648
0.2151372330993926
0.5538024063536731
0.5919177007096814
-0.07447917670980742
0.6423357830587997
3.186465298017203
0.2638218103037753
1.9841038823517623
3.9757336447654685
0.6134715289665884
4.082527710331845
3.8635747288931777
2.3854141971591982
-0.05218960403369444
-0.19377488269153442
1.2859984577578705
-0.04076327541359337
3.0582619762319068
1.8915270390735721
2.807217330003963
2.974421668842722
4.736385208473343
0.7942945970617643
3.5909274005644507
3.512271438591415
0.43942852836662016
2.587673468202894
2.8977531342780196
1.7258604743885018
2.37931612533401
-0.04352216516429275
0.16367311947614338
2.986366387730725
2.4702240511091826
-0.13457254576224065
3.0249900432227217
2.654800365708464
3.2821467337297365
4.391088257515002
2.0898360596373724
2.879163454055023
1.6656954172567098
2.340960192308506
3.977791606463828
1.8203043032858013
0.6619254893450548
0.4513985691081084
1.7375164734527342
1.476001361158625
2.5015171437153834
0.7507584049571521
0.8464643472350744
0.02123746736847343
2.2245160046071457
3.161844802949786
1.8889025896383975
1.7513213752402779
2.739584339765677
1.7051097390823142
0.07286243063795617
1.216953241589911
-0.02418283907204355
2.9006283879839265
3.583859270631286
0.06598327741613552
0.007582988369440713
0.6961225335817538
4.5051905952692115
0.6438187528238362
2.100128822518096
2.8951460920436998
3.8327751362559543
3.109019886492193
1.385180965527757
0.5268036542954957
0.8943233813789151
3.8793765648270893
2.5384276322716
0.01807794128963236
4.686419216510757
3.3245598000074206
-0.06102415290651386
3.5846079826455544
4.085665817759561
1.7077640320491838
0.44005373286958216
0.43593186148480845
0.6627607865960485
-0.038577537611608204
0.06288623985651487
-0.11362467495260464
-0.027833636031393993
-0.04915959405388559
0.09600673970617546
3.3337126925498732
1.6312111167850198
2.848398130573625
3.447130404433987
3.6395028257398527
0.7613753088870832
3.025519960215344
2.7934497191358005
1.5328480611350648
1.211405988876308
-0.03722703320383847
4.061156755348245
0.6569454836587727
0.5883158218682554
0.6460203316073554
2.9527321213560165
4.521019917297927
3.6891758552551486
0.14822396814329952
1.6683624823869834
2.6650058974065547
1.8587484420485942
-0.05499113443696935
0.4006110469194688
1.126164428500298
0.4671751701651017
0.4098204050484098
2.9738407702445224
3.449728264850314
1.446378670280604
0.5155126471397975
0.6250782930960197
-0.08494871966651907
-0.06759293354914453
0.032397724123338634
0.024463350386725757
1.0077940008219053
1.2435843524795245
2.0378922297444406
2.8306791461363257
1.959718418823562
1.1492366874887785
1.0163743082233152
0.10227389171353396
0.0345297968545073
1.9112543803013229
3.481391595029497
0.905109108499877
0.5520001987287255
1.0651616030844502
3.90969641872769
3.967006974216661
0.5375538280575514
1.5515390822085808
3.500176254059929
0.5946730935639135
0.03574889236867218
0.19054087079295856
1.9722303760390765
1.255877836165046
2.511800087598887
0.1417924802954067
1.6896316910141278
3.7390168565646125
0.21243816564668316
0.4161065028770343
2.6903415490895863
3.8056727014924645
3.494068291830561
0.7052022835824827
2.520540604571262
0.3357725159175242
-0.06185602134278545
2.7012458582933525
3.4860128898901452
2.6341917018265573
4.192531602112914
3.0272451051556697
3.756179871773096
2.1868767768837625
1.3749054939894996
1.9751722340204179
0.8195185152843798
0.6542968690132032
0.8363928540112426
1.3765387023750626
1.910939733738096
0.6415224159853032
0.16629667550916905
3.8630620420694566
3.7350292956815334
1.6004946989471933
1.7939303610908202
0.02161836431534958
0.06620110083206887
2.487663376628265
1.7503270420066692
2.486124581880524
3.3064118836866334
1.4557756574270715
2.7926438973515153
0.7478841310078683
1.3241058391628728
3.0202125888881968
1.7673008459491495
3.324770043642155
1.484505338589564
1.1518452827104988
0.29822460649734195
-0.09315117997774847
-0.08090932899246939
0.08166470615466981
3.1801561030560537
3.944317642421141
1.6052715365877797
1.543570131177478
3.0974798582621537
0.9324817486024908
4.308291177310813
3.891323326103821
3.2947541824493487
3.8852024963410225
1.5055079304106993
-0.01839748485544268
0.0667916446700807
2.7296522953370363
0.8228825926846632
1.749705907056136
2.5923599159450164
0.44818916642516093
1.363930238338165
-0.15879809513803878
0.7942867452040538
0.08992723610667497
2.3529165795331544
0.03324755575181193
0.08349456895196727
0.28648288714531844
3.891713068587924
2.450270680462349
0.0803122019811906
-0.017511248096766963
0.3456627072117531
0.19749740357307477
0.745810859276524
2.96743167757775
2.026680848451806
2.9842231575188007
0.10539668470953378
0.5462382650713753
-0.017320651148264865
2.699285384283246
1.2192694090228682
2.9895677236400893
1.0235354815076834
2.8859986432035862
0.27576179829270897
0.7200425248767421
0.7671154087715419
1.9095277689912291
-0.004946709132299887
1.5565378305353268
1.4975194941910162
1.4854108390485368
2.477875778304095
3.81744950993016
1.102201481434469
3.8745155873232147
0.1202133036381583
0.6699970045581622
3.269536134659844
2.5505772054935227
1.1708897400203515
1.497970724359539
1.8932746817374793
3.6079165679208343
3.1845842802653954
0.04354640048025171
0.017716492889119806
0.10577454466419534
2.5120565354023476
0.10225278337826849
1.0086645666054328
0.08170459714831191
2.4396849288761002
0.4125392314998888
0.7540214590707557
3.0336846637126254
1.818673915887683
1.3919211358112729
-0.04062850422975561
0.8053059384830412
1.4300033294793035
0.20801641193870157
1.6904456170298334
2.6880833931822643
1.0684337867802285
-0.27661697763147153
1.4556538309620077
0.0710485116821018
0.044850229206344405
0.205589193686043
0.038102232520743406
0.20891619937280748
0.48255741076025593
1.426491684131642
2.599389497695652
1.8286239947737322
1.0475348244435525
0.06154389515673042
3.0277040793183243
4.135727491127597
0.8723190712383952
0.5835586744715668
2.242476473491931
2.2643850884197887
2.120204723910417
0.7154933391395701
0.7617747843000384
3.472253583065589
1.3983960113989151
0.31956688676139944
-0.028137766393979913
0.012999335924598121
2.964333380825747
2.321737527571162
-0.0666393365896285
0.5257495852722571
0.28574108353881567
1.2541335163028053
1.0735394026698244
0.4375119984383953
4.2966447454834285
2.670834896266153
1.9220779661646077
2.59740416712476
1.2373952730970617
0.3704741362517172
0.8302380164504113
0.2465078497879225
-0.038535615066165985
-0.005851691806727288
0.113521681562331
1.2165638439472293
0.06907196685881933
0.15558605824447724
-0.003684163871625845
