4.25964723469858
3.8298440400096507
4.036340300413906
4.924202944026959
4.204702580148307
4.3619510538482285
3.5710328435564
3.090079486649542
3.1569351109120825
4.089662495476961
3.5227633641743528
3.2594935684532467
0.4248003217031333
2.333649969263526
3.7637357800721163
4.912602292691853
5.0125278381829705
3.1367022075724535
4.147406017827876
3.764665084606874
4.152762034841086
2.216802435256922
3.3997981046135544
2.655732603342994
3.3607390558804835
4.288294171095172
1.170679145219259
3.820984320409805
4.274964727795787
4.8882055444913854
3.4011667454520524
2.9725931989061096
5.0209727753808995
4.197077208850237
2.561731552128006
4.935594840924644
4.935594840924644
3.3533138317152855
4.422935951330656
1.9943691772497574
4.878505983841712
4.897996722728196
3.524128376341333
3.4669416885284865
3.9406903256611945
4.40541897432086
4.375311062606139
5.008790268971191
4.870873538590358
4.870873538590358
3.711277154430262
1.2930619003793145
2.2616401289299195
3.393772898449478
3.419170507120166
4.901519619246356
3.616695982333239
2.846102737983611
4.952874552796322
3.396743637457979
2.783769849478658
3.991862379637521
2.701373031934575
4.170781591580223
2.6734548213570215
4.916513156998388
2.125850124788004
4.916872284654479
1.709102412147637
1.365684093293075
2.5963501520027443
2.900713197735405
3.3001903830468184
3.3047576356527792
1.884762673507828
4.0421836219921286
4.029793691104473
3.953377623648573
4.940422299737907
3.1183346715847873
2.825679521127761
2.177965335521409
2.1779653355214177
3.844303985613172
4.85026748472929
4.917171962793962
3.7982346930018136
1.1179335016708731
1.0319671335662304
3.3586735463138226
3.112229149329306
2.6248575219048935
3.0677114657386366
2.5656846039853325
2.5656846039853325
2.170082717663972
2.170082717663972
2.170082717663972
3.0570947010275042
3.718036932031977
4.918878098778183
4.9070138065810305
3.652225023214974
0.927065108757406
0.8721220624013246
3.39551419607402
3.670175040402063
3.1372641390183102
1.8997515818993045
3.1528557001784976
2.298977483573545
2.56600181331012
3.438073131182563
2.4050632288342055
4.215637637381832
4.329324941704666
4.943035834187706
3.812294720974928
4.3756678191922
3.774416987077173
2.5857136423596274
3.424826672350058
2.0667214678067602
1.982490090141305
2.1461357054227954
3.64773673702573
3.0126544908692794
2.0305637234937692
3.9605977099709126
3.7563766561507177
2.23517400854464
4.308981310244015
3.7907480326860044
3.8026156300271112
3.7881179698685252
1.0604600150980397
0.6129652340988057
2.8154549329267344
0.6715521934415496
1.541765988205427
1.7725465027566867
3.0003774539754056
2.5227032505833873
1.7925288013889795
1.7816493856944633
4.048280596101598
1.9102396408573257
2.642593874592962
2.237631023684495
4.942834315077645
0.8058153555436491
2.102504850183632
2.3463827922049725
3.469453680914335
3.1791680201675736
3.633843908486821
4.4851017432051385
4.108674322798139
2.6160069444632232
2.6748613181465513
3.8938693783872993
3.421239137128062
4.1657281692555905
4.951018365046048
1.8411453637235735
3.767909960495056
4.956695559745333
3.718655335464089
2.9028241808843718
2.012499745871232
3.0147375429419134
1.7556612423185691
1.8300548016333171
0.4772744146844361
2.717570462306407
0.5886085193286736
2.6637174773817383
0.062009238771026265
0.0892156830273323
2.1262225584400647
2.126222558440008
1.1915621537096386
0.7586863823781429
3.699422596578947
2.006028840157468
3.8551078832919194
3.674256428418881
3.826696004366126
1.751189567061188
2.0929060420837247
2.9288174044708275
0.9112708659889113
4.433562444198264
1.107092570208771
3.5053137175335505
2.729407334429276
4.985574856106341
2.039316240191394
3.7757397134435116
4.295619229824771
3.772584595116586
1.718514344073896
4.301167488639981
3.0906524150880856
2.6554414155449924
0.018674527491079562
4.945797628960319
3.7150393270440625
0.32434873351766713
3.8316407765834506
4.20710507450509
3.5397644854069683
3.134734650343669
3.713660061546675
2.9246873846445838
3.3900722730615134
3.8821337684405486
4.943956587216807
4.939823916013395
4.9476936850635695
2.6415172836224508
4.187582002805737
2.0590629786333037
4.242972704680245
4.155109028674962
2.855211915119878
4.515733163656819
2.4908933515218163
2.507026185033283
1.0043934818085707
0.5669556865083671
2.983858078402904
3.6060986115917033
4.412012786982903
4.855689136440784
2.286129064493235
0.9984587079003355
3.1881923312371945
0.42897458602064953
2.2034059104331907
4.115658845421191
3.4821594623204573
3.0673904243676007
3.809717284999208
0.4142887645743216
0.9379523846394044
1.1510005071376708
0.17199566378555398
0.7312904037405805
1.2912648359553924
2.47045514023146
1.7747179266810726
3.9108104832236967
3.928715516549325
2.9557089454818084
2.8843327249680084
3.0905736441493628
1.8723507790695906
0.9675234827174148
-0.06567007854199636
2.4803493585807304
2.4901135275222708
3.4570808936577913
3.164882516564455
0.6134184325223448
0.0012994275022681911
2.7570185920872032
2.868767525097477
4.068850309864649
3.5003518043169586
2.3040989121001485
3.0346291362064233
3.1401417255539665
3.9521883104063673
2.387515896546852
1.8844786382845755
3.7104500397325553
0.5636043175198577
3.2697407354618737
3.8339588440393233
0.06575666254938684
0.6989400528056966
3.5207993918297924
2.0358120535624793
3.0075714218032634
3.778583787908634
3.263862232095763
2.4725469224840677
4.318199782604955
2.9498909420671358
2.4917047993383243
4.614102863784044
2.8103425076040875
3.4980597843222996
0.9680093403578174
0.5932751199393071
0.46976913135578835
3.7001018371002865
3.7793479449180567
1.3369661676632458
2.0407862583486307
2.0474704746945798
1.7698980337096217
2.8504929613971375
2.213504443537389
3.6192342745828587
3.2081688014312015
-0.03017954864200645
0.6319179381328746
0.636354824389779
0.43868134782849966
3.886542452239198
3.611765241677809
0.9737423873215723
0.4833109079059761
3.866657824969917
0.5877434838851134
1.9782335934237172
2.97848924746735
2.6405709736333045
4.359369461981695
4.062599529629413
0.8157769207241867
0.7613147504313909
1.5891262961572399
-0.13629046473485884
1.868327808868394
4.048503833477897
0.6527037074020403
0.42204839734048827
1.1665598544768412
0.36375459456358294
3.0775368089187674
1.5666793390477456
0.11769719833191994
0.2832332110293021
0.6462353315887577
0.6782244221691571
1.8964801894008212
3.2906961224863793
0.35604598646990526
0.4229386129058921
0.2132519202666754
2.8784103688007225
0.7070313904244512
0.8435735670088058
0.0916585207958236
3.908728351596397
3.3472354987316746
0.6205905946727399
0.650557265371877
0.09231436544303273
1.11427317341361
4.340833481105545
1.8359103524172053
2.704241337267183
0.8906782383177494
4.624356398233871
2.7048361729609014
1.8749176129306737
2.9161525792972314
0.8238818137746944
-0.1778192669278229
2.070048335583046
1.9634067817304506
4.283122108700216
2.8354093812698573
2.9201984719143526
3.7067859165256505
5.0183648953460125
5.2543405864862365
4.388285010531263
2.3719565713665856
0.5492982096605012
0.7411442032021438
3.0148323835962043
1.0114848669206542
3.5981181425773845
0.8729646346696645
2.611895717371175
4.466253567472638
3.3006618703041775
1.4884580159718266
0.05856278487868716
3.3052867542499844
1.7945564467724346
0.6565373405669193
0.16927318422889615
2.9402930371489178
3.0723252824948912
-0.10156467136018099
-0.09894767338105792
3.910309738191549
1.9583729189199972
0.6809485581578056
2.49975537551142
0.9200133302879601
3.706041319846087
2.2329214672777273
2.8049595273461088
3.1277286204760224
3.287523198471057
3.3849306766880223
2.862114747183855
1.5286462302251267
1.0464491622154495
1.2387023662097723
0.9931004167092632
-0.14565064206365141
0.28084062693187883
0.8640245572095986
0.6984238046394275
0.0018126509362557108
0.576531268832174
2.471100094999971
0.22105942249243826
1.83342515420123
3.95798788967149
0.6587609960312766
3.688681807247836
3.8078233175225322
1.7042033361870996
-0.003785754460945423
-0.03468090971457327
0.5916258892392006
0.03580695904043951
2.656422153150015
1.8451267678092749
2.9819433921126124
3.0104901933884993
4.497393074131557
1.036447434319634
3.5363210618590633
3.4787028139140106
0.41618151327952413
2.472945620210148
3.2420659738562176
1.2369907035732557
2.408849676334978
0.041634800210632594
0.2094029967275639
2.8024966519347605
2.1871363221977753
-0.06667099595822945
3.016750403647104
2.7408656778236655
3.5550008691588304
4.458784407642069
2.202220645594766
2.973132573706446
2.0796371668566658
2.2303701256234416
3.908006601423241
1.9243576426074562
0.8421403429029568
0.7906923341909295
1.2302355831677425
1.6797494027499043
2.520107649225976
0.33783979520337093
0.8831868724371454
0.053161401020260346
2.7446920549457006
3.1340355375158944
1.6670220218895087
2.1615822047497937
2.855634522447858
1.743011799399945
-0.010103080181495638
0.9216901509898396
-0.015219257607069547
2.7508895269914455
3.6893116625358364
0.07195543527933035
0.002448617279912302
0.7705345150850555
4.297895016673802
0.508203356992285
2.3740021942479683
2.626706437221357
3.952565899736886
2.8616108971470013
1.420209529397733
0.3701966421940832
0.8764544946549315
3.907511590002955
2.461577671264307
-0.16498680232598906
4.698390805315686
3.1201551333303192
0.1829239607454114
3.3478209009885718
3.8029272212112812
1.7595183720565086
0.5222002129583179
0.5368925092195771
0.5270414127513328
0.007619321371374443
-0.003475971920175791
-0.11116047267083706
0.013348291991649663
-0.06589006131976793
0.1717200708277109
3.5962991158282347
1.4070145998139858
2.756893830777017
3.3984685077824452
3.547712441316279
1.3497392924732368
2.991387398195578
3.0172966438614552
1.3396124145547454
0.9429814296693988
0.0021056478763452624
4.362800670651129
0.8738168079012216
0.7185183719212387
0.6374725863702797
2.9297317243011087
4.49597339699185
3.5633518221289813
0.16609602955622949
1.9269804211067432
2.7145180212862994
1.7570047814877037
-0.13201170605995882
0.4146257585222384
0.8159896713272432
0.43014498637565035
0.7220517772085882
3.0521521023829075
3.2146379111185692
1.464772892868718
1.312625437170969
0.6732493085024669
0.12911281563340404
-0.06573761599847705
-0.06723969548277564
0.11010552817677643
1.351964146317354
0.875799461522949
2.063069646652212
2.9341784952691836
1.7537422419101412
1.0210550987253062
1.0488970344146353
0.06718089992358722
-0.08659406636066214
1.3367742170550057
3.721605427271744
1.074340702282694
0.5807229842799164
0.9688726897378683
4.12476605388153
3.990346450100946
0.6158320764708827
1.636600561255055
3.4425829057109625
0.5225886352318967
0.011484448235366873
-0.01703029828341185
2.0738925801775285
0.6367861868343287
1.9743868535843707
0.21835966097323345
1.6658470300808834
3.7592770174038663
0.08747886615490552
0.35278549439216933
2.742043280707279
4.0245230297736825
3.3210726928328964
0.531961385500511
2.5694094494085147
0.22899534285180012
0.014232351740542715
2.7914195589290114
3.6437247501483676
2.4978483496266564
4.557796310961864
3.121075646901908
3.759217681064485
2.0947322489187052
0.0007388665355301249
1.6806051343907904
1.0656259685393086
0.8104795146376138
1.00329317358305
1.261083818308514
1.7736340563121495
0.24695974601891146
0.19319555556725598
3.8431754628524577
3.916591649444945
1.6220823332412881
1.79801816472976
0.022039656444047484
0.12617720463134896
2.0520513772604745
2.1068980117172793
2.545590935475723
2.9868346492161515
2.0363015747083915
3.059390064340541
1.0413982895729377
1.390832916623705
3.100566378060965
1.041559561395831
3.18337930467982
1.2639796325537742
0.9480211173701556
0.3434560202575079
-0.08964625587279285
-0.04192510600410193
-0.021305896560823268
3.1084787414563153
4.043447840580338
1.2074779413484564
1.132057971923802
2.602101192490603
1.0270176008783225
4.419207451849866
3.7905688473845687
3.0767093464516617
3.995210812945587
1.1355313765010124
0.09032064881323665
0.035555531254390704
2.232087273830388
0.8406374098926066
1.4777489862849618
2.828061724225805
0.7878104655602347
1.30407596544489
-0.13423366486250243
0.8671763752963675
0.0028346196465887097
2.6056003601834026
-0.1410245244884858
-0.017980909585469274
0.2735393720021091
3.8157686805497755
2.4531202287316423
0.014264956965096776
-0.10442718245418048
0.2926041265958266
0.18616888124674214
0.89054074835841
2.8655225288931896
1.8779503536075173
2.7278349233483863
-0.15460454363449072
0.6114419686573531
0.10234931605182895
2.7936941206663968
0.7235470081989797
3.1677453591984883
1.0935552168876037
2.730234739112307
0.22104694827100113
0.8852804274739143
0.8575733669680585
2.0753764587893664
0.08858087681683147
1.0817988420329994
0.8418203734346865
1.6351875644497977
2.757660309843214
3.7490864652542872
0.9193971013762554
4.075119553986761
0.3007808376254695
0.8581613928472032
3.0132940821623824
2.4237437135569384
1.2418374250553055
1.219617935521987
1.8688539554958212
3.7606963738033987
3.2567151647437087
0.11329625318869008
0.16412387044043308
0.06945821018729115
2.3373202797456565
0.11161131017290815
0.6315471180682661
0.07219929737023145
2.159867191650154
0.4931227204871562
0.7192478000950389
3.082731880796603
1.4359001719910371
1.6224088164734778
0.05667985532207753
0.8986370723942252
0.8185292679669396
0.14535730220124465
1.4369478422745492
2.87644417170535
0.9040248088128355
-0.03916129136411639
1.1612228515497471
0.012356169165020692
-0.020012353398413563
0.46476182479023764
0.1741429688939804
-0.024774977551668353
0.1876374874774691
1.1073690139460308
2.9694145904313136
1.2221385113344039
0.4444519684006676
0.06648251135000338
2.8073037900105846
4.234530535005735
0.3017782393011452
0.6949116421925425
1.6608860750872219
2.325434239997913
2.4225234816213495
1.0281616140345649
1.0628750609319213
3.6204849719978633
1.0109611183114322
0.30486140623677693
0.012938165391768397
0.07083806532409342
3.1876912767287693
2.425120995523479
0.040241392224724226
0.5887443911633494
0.05642043543693953
0.7894194649630752
0.594298726711465
0.5135396157807581
4.543863567175881
2.5621279969409145
2.1908640233351258
2.340452522155062
1.2788758512309166
0.16047370977341524
0.9506074182527002
0.47574436023867905
-0.03480771954389317
0.00929344222777262
-0.009374128031228945
1.4361431777577178
-0.12952270243352393
0.1033335862063045
0.1623207930644459
