4.442910052418407
3.8103115337097537
4.390941644314779
2.885371503381415
3.4936802366624264
4.457786413801468
3.5128408006553844
3.697042409128627
3.746208045324691
2.488151358794077
1.560934470059809
3.690438522101466
3.4400106422033345
3.622850115261406
4.5442232988093725
4.212122499730164
2.742196859545078
3.8484394396039963
0.5001155105106094
4.492641610508819
3.698029008119604
3.496310231202464
4.11462572133718
4.824846998693475
4.249101479946221
4.696809701120376
2.7843703900123074
3.9669903354097413
4.245092961763296
4.354237643937353
4.2115196855506305
4.488979043698862
4.281960407583114
3.918312618741902
2.1525395127184486
4.503218792846718
4.562168062873077
4.864681625771075
2.538013459575238
3.1587018340245225
4.8822958711058995
2.7902395445764596
4.431362572418546
3.8780202694441823
4.386282381646275
4.337635315603576
2.29273893396538
3.437915881057205
4.9209419401752985
4.997883837418156
3.9522664811387127
4.313881685748041
3.763138337287081
3.4093308668786135
4.574204823860324
3.3961267706298535
3.7450613760212206
4.6371815573473345
3.8601703726525805
3.928550241089676
2.7164718198462725
3.4340653543213056
2.8929270893757972
4.32819261728163
4.067324220352781
4.478443937804821
4.091763719134635
5.249198694456645
4.596571374163444
4.673231187148293
3.2242139110492007
3.8258370873820984
4.922787953011074
4.268052389820131
4.495851556077884
3.8490432115703572
4.7084819551774775
4.807447959843337
3.3578027665719126
4.227778942405575
4.503218792846718
4.5808279126326426
4.8906857390085925
2.6555337810821014
4.353631030928878
2.27252523802009
4.234247080980431
4.025760758634497
3.7375944575688087
3.3578027665719126
4.802632934744565
3.989531768814336
4.60312164965932
4.197296488978644
4.632014871675278
4.538268497148306
4.6864327725447765
3.9698527189700363
2.703497145485899
2.658857676182888
2.77822310501419
4.520115371175075
3.70656060842111
2.538013459575238
4.040437138217005
4.279201872923023
4.715915392775064
3.7768440207186784
4.431362572418546
3.207030848128411
3.875967035398529
4.4154127591821615
3.2931081960593036
1.50553350403758
3.70656060842111
3.6239662647567394
4.907066297024885
3.929980040640316
3.860344129867257
4.0487686934490235
3.9513984044137667
5.255715027015853
2.538013459575238
1.9180498779629693
2.764669856940212
3.7240163223354386
4.16119015716075
3.3107786586497165
2.2158259792915813
4.60929786065125
4.39272488974424
4.04881236167262
3.8826250881185445
3.377417860786015
3.87353608992727
3.6793335382930112
2.76531272570227
4.052870232796137
3.0174091558627114
4.232022387137094
4.295714184697035
4.336989529962802
2.9247001440945364
3.771354314283116
2.6778451674779724
2.488151358794077
3.915041165931997
4.216227941970998
4.470466072383477
4.3358509121217566
4.96503382516288
4.856678607196908
3.974081845332176
4.071004129041915
4.209806415554439
4.340206837042441
4.457749668393686
3.7866959968932603
4.184359185155772
3.8034236361669764
2.8434615874495903
3.5856199359385874
4.860678219296618
4.211481921086145
4.8999794476866025
3.559856123824692
4.351929207767814
3.3144593670299183
3.4251505253529717
4.0421015459248455
3.4520844378088222
3.7211977112952357
4.38173480384574
4.369630758449297
4.231514032499696
3.989965367310551
2.7630771126862625
4.330257047805345
4.586437291724524
4.864681625771075
3.290418437159498
4.507737076574081
3.1269208667959387
4.480939103165416
3.875574079970986
4.195908422497185
4.417652802160395
3.704179808307541
4.326143389734828
4.796257788036565
3.214357485019495
3.7084963342378643
3.8630277678578433
4.231514032499696
4.039425442742916
4.657686122586455
4.1631423189362025
3.8034236361669764
3.8530017170884405
3.933444820025732
5.007704472507855
2.538013459575238
4.516596441059621
4.116298819020557
5.142927681466242
3.0802710591841946
4.256683551718316
5.00770447631521
3.8980904598149237
4.255158725755514
3.1906613950621767
4.1488372418221555
2.7843703900123074
3.7070459284035175
3.927702225165426
1.3846520395658293
3.775449012679475
1.5601366914019033
4.474746097205502
2.029837923261393
4.992745770841519
4.337635315603576
3.178926003185223
3.719068360775585
4.23978612950483
4.431233253047543
4.792943977061602
5.007704474215534
4.60312164965932
4.26842915993616
4.025760758634497
3.978216636637901
4.697645211246529
2.856470527882241
4.601282054060855
3.6081012518404467
2.718065015238976
3.7730822764169423
3.908319953628991
4.0150707610954015
4.57452464430725
4.030966496833762
4.480736407195122
4.60312164965932
2.448942680160673
3.570697941989447
4.338041839538308
4.006936316817194
3.8536178184795413
3.8936004606725922
4.85651809296767
5.007704472507855
3.8101464849381297
3.8848120995874416
4.498548475890175
3.9247165329978646
4.249627582521695
4.896994718488871
3.7571198538144777
4.732596826269182
4.249760126339977
3.835049740402915
4.8259352569624525
2.856470527882241
3.3609800607818054
4.646848314806343
4.5788041806524085
3.564953278499133
4.60312164965932
3.5911448754885895
2.3511122158149087
3.8034236361669764
4.231315613200826
4.599348778170711
4.553970705888684
4.144534407427926
3.890159984360713
4.015319319245801
1.531450708573534
3.1013666765754566
4.431507475368338
4.0258929116534485
3.7210366060469897
4.73419541141682
3.7970968662173243
4.481022291450458
2.7843703900123074
4.410072686094246
1.50553350403758
4.319542643007255
4.6273547753386115
4.001181984685157
4.111446456922485
4.325938626047789
3.8034236361669764
3.5695761975025757
2.3403440665442514
4.792943977061602
2.504767197067572
4.789969821618383
3.5506812524042464
2.99234018002952
3.085098486815823
3.9965767003388857
3.6147591333273783
3.0957862042225943
3.6357677890626774
3.70656060842111
3.4372346675990886
4.052019433501
3.9198789971613217
3.7337007303187657
3.6118591383585907
5.048943414805521
3.493914753268958
4.980278323605902
2.658857676182888
4.8009704898731975
3.8091617251183485
3.8535083497410043
3.449848988676471
3.70656060842111
4.315158826585799
4.356884329338181
4.010244112471902
3.561608794960349
5.007704472507855
4.60312164965932
3.371740934853374
3.794143240926026
3.059363745824434
4.057005234439119
2.8313249790988873
4.165893572349084
3.7013693502013303
4.578786365322802
4.540233488850324
3.711231969817042
4.201280360185974
4.261166375566729
4.136028999751796
4.337635315603576
4.337635315603576
3.070200851104534
3.5541646275770935
1.832602193073551
3.493914753268958
2.27017245118318
2.913674551284273
5.007704472507855
3.67369507070734
4.268052389820131
3.719958042181601
4.421147145115146
4.743402201340388
4.257131017725806
4.0288147622282615
4.239231533630981
3.518660764696398
2.302102918098871
4.663987735355219
4.089053542082567
3.990133694559374
2.7843703900123074
4.82091199839479
3.875674573227316
3.8034236361669764
4.651122214614668
5.007704474215534
3.794143240926026
3.2931081960593036
2.9370904819225045
4.0074669617411764
4.68566270515214
3.040762268516342
3.7954664812166428
2.111628374421134
3.8900249641007725
1.50553350403758
3.5787551133098394
3.2646359002416525
2.8511107770732904
3.0957862042225943
3.454481637526059
3.865751226211213
3.7358873661188112
4.431362572418546
4.091763719134635
4.29379808883751
1.5374773765072631
2.4647669552409144
5.007704472507855
4.0346064197283
2.942708966414006
4.302956356222328
2.104135766315728
1.4027100172289333
3.954288878494622
4.258991522320073
