4.5574792002322155
3.654093737598096
4.416932894003757
0.8363872583878946
3.4284923375411935
4.493948118472808
3.2716262784817545
3.692730902931892
3.4471895882234236
2.80020308499774
1.5721685548620388
3.4102370314931463
3.3570737740191205
3.035453656278399
4.5698172759063524
4.261852756426315
2.8967362888778254
3.7297378159222845
0.9226812240408366
4.465898914356394
3.6126284677915024
3.341042063481659
4.455912299492958
4.86424442189027
4.275617680565546
4.675435226874477
2.2934193915879533
3.9946898571885257
4.408309131644394
4.321390278144612
4.128897999422968
4.39009294782614
4.437924437956681
3.8918326512745054
2.6270074666339625
4.747227936522826
4.466050243646755
5.000941899688222
2.3620116004121314
3.743886582354868
4.93321596852811
3.91981084847108
4.460242584722103
4.183396455168655
4.104954378816203
4.415757094235197
1.9628434882513803
3.3570737740191205
4.802548361044941
4.826314421703934
4.20260251562317
4.299607073739928
3.4462007642167904
3.2159006124602243
4.5424381875400215
3.3117422598998623
3.7394361661271844
4.684604183725121
4.132805632377149
3.980968920133769
2.6647742164406836
3.103469800269785
2.8250717054250387
4.327127661250749
4.140249370215436
4.208042242641007
3.7904180753930277
5.2761698220466045
4.718918802182124
4.646916049069148
3.6800280411832844
3.832127748164787
4.954371294278655
4.4489166291912525
4.707106838881288
3.6994754756638244
4.746840555096469
4.85558697047
2.9437499375497183
4.203795613995034
4.747227936522826
4.7247808566479605
4.942974451874019
2.6568339612729446
4.313171985065431
1.9392244077569993
4.117204930989097
3.7114448670523004
3.774795166884438
2.9437499375497183
4.706184381622627
4.374316756706733
4.334888853320244
3.985537411226545
4.609749215772091
4.812452660592097
4.825651101962947
4.384117699289547
3.1496425300497535
3.0980167993433625
2.8758743713399824
4.5735175000857495
3.575513318723857
2.3620116004121314
3.941373829811454
4.113988821492676
4.656859866326158
4.283132832264819
4.460242584722103
3.3262343925909974
4.063509728360792
4.359862775919375
3.018954980725013
1.0091223645623943
3.575513318723857
3.300985768140471
4.98741703942958
3.96304736780764
3.815064777971166
3.6328834279735176
4.00639930511181
5.359362131719443
2.3620116004121314
2.638523622870089
3.9778266176701393
3.7010686882173545
3.6486241282203693
3.3643890911545853
2.5218488734264923
4.697351285356216
4.355370011142689
3.8442530205351986
3.8812366673804135
2.982202429550668
3.9119463913655963
3.717054050500188
2.944844403434921
4.007927928500855
3.0852595180157394
4.233914617794326
4.109609568393061
4.398782019599558
2.822484713597099
3.620193894629061
2.4950037512462373
2.80020308499774
4.059913216014614
4.071627501331246
4.434092036605726
4.365811108622552
4.429893338024392
4.711650644108538
4.017472930943782
3.878162967280332
4.018561569036898
4.41219453796802
4.257252835526685
3.8407695049593897
4.205407309957302
3.1539420983156603
3.9471429375826474
2.839399712853144
4.84364904548276
4.153497258366919
4.98946019976243
3.5508040083140813
4.476855930376864
3.397566863322517
3.5766601732963537
4.258322781040768
3.1558546604995072
3.569046252475566
4.54332490572957
4.289065739801181
4.391092227710168
4.112703964393425
2.501402721710143
4.338457096971204
4.5449248017753305
5.000941899688222
3.8342184133151065
4.720543029557838
3.0324864546110533
4.718332754404308
4.249360285990868
4.117464574078795
4.424938370599769
3.001607783302198
4.315599204754932
4.6102156537337535
3.386517493493521
3.879987726447652
3.9718063339379555
4.391092227710168
4.213935503975215
4.4080646686137115
4.144006724236398
3.1539420983156603
3.8158478435039953
4.391876425406856
5.100182608463257
2.3620116004121314
4.506549995171547
4.152884797057954
4.922891959319244
3.1638028859147838
4.3683195208468035
5.100182616812891
3.9689417432073526
4.097496314140649
3.2801413191092337
3.8945317562202817
2.2934193915879533
3.412372078779832
4.20260251562317
1.097546921710965
4.315435324118759
1.6830886327872678
4.261627828070097
2.3816453182662727
5.051671691779198
4.415757094235197
3.3541104013932213
3.7443724896151807
4.348813907974282
4.061264014837342
4.732604177040621
5.100182607225303
4.334888853320244
3.9679896516300133
3.7114448670523004
4.038436991777665
4.965008048611729
2.9362725743209026
4.612669905679688
3.7145352525760416
2.7106472189321593
3.7859415178367826
3.8724110837002215
4.111166004476239
4.596236032778471
4.0325895648347725
4.289117044622479
4.334888853320244
2.1729978189866372
3.800509385358488
4.244033768291494
4.059335398870296
3.937551648710844
3.8516008314738244
4.7377414950812735
5.100182608463257
3.8394994182840847
3.9919543292435122
4.583290587322786
3.825021594380736
3.6492028147430275
4.970371278216813
3.8209545946625596
5.03508429419356
4.282009420194235
3.6340213863286337
4.893909072404917
2.9362725743209026
3.9797219418720076
4.575466243301541
4.454409210705045
3.7662722973894063
4.334888853320244
3.3708160610288544
2.26020249387053
3.1539420983156603
4.17260878357456
4.5400905457703615
4.332537770536604
4.1786993184336225
3.4373982516561554
4.076800781252423
2.4103530573448992
2.854905300677977
4.666310210850789
3.6486241282203693
3.659306297598498
4.679177610512816
3.9384012014489684
4.393362768973397
2.2934193915879533
4.481390808799254
1.0091223645623943
4.143953595681758
4.686523599951762
3.96304736780764
4.1205031775371666
4.442788527230135
3.1539420983156603
3.510657851415143
1.9696314962006556
4.732604177040621
3.1008624160033307
4.729061600766556
3.560118948122941
3.3387525500234077
3.2542027402429525
3.6698703382114033
3.528648965340345
3.128206427351067
3.589776568497072
3.575513318723857
3.336032390988251
3.6486241282203693
4.014779941867353
3.637216079323462
3.9147707377184204
5.072650793294777
3.5563977740454433
4.567016201237365
3.0980167993433625
4.8221361510252905
3.996984537248089
4.077278230341712
4.083345666648604
3.575513318723857
4.2572638056373435
4.469858004576558
3.7805985577185552
3.6357764696920114
5.100182608463257
4.334888853320244
3.350557220921509
3.5100036431606867
3.4009178529602693
3.813870539999094
3.0105469140080388
4.359347278522179
3.412372078779832
4.658410005607671
4.752304926568492
3.85203354835442
3.8893558388838727
4.379113826403028
4.15430859663261
4.415757094235197
4.415757094235197
3.5677865782440463
2.530194603414678
2.0590488270492457
3.5563977740454433
2.346915241415992
4.023860727727644
5.100182608463257
3.6679832718155367
4.4489166291912525
3.5179409581045533
4.4747176230973835
4.677399086503122
4.406864943115217
4.026579854368741
4.239519729957216
3.39300437097004
2.4301709109532723
4.064335690859487
4.177600429239909
4.0118601934025335
2.2934193915879533
4.86424442189027
3.8892484761211605
3.1539420983156603
4.731482233489885
5.100182607225303
3.5100036431606867
3.018954980725013
2.900445654828239
3.998186841171112
4.801045564765495
3.2795891987705588
3.6382150155132464
2.030131979078469
3.9888075375520344
1.0091223645623943
3.51966455470329
3.211951019927522
2.72057304213466
3.128206427351067
3.4135520606454897
3.9573577693440356
3.8052128633310573
4.460242584722103
3.7904180753930277
4.178788475761259
2.091156700037338
2.0173485679521264
5.100182608463257
4.329137991585732
3.034258760097295
4.519780287738939
2.8416208461962853
0.7679968257488456
4.174877662145434
4.47041746373521
