4.575342842645623
3.414931479567099
4.4463394888808105
1.4893848149523319
3.477245284714951
4.22242877184699
3.5867969715998784
3.735433618622044
3.42543449632364
1.9870543276215689
1.8198867770394618
3.6507457396691665
3.488153921965858
3.056086610014856
4.5625691647913245
4.175840644728393
3.0777305555258225
3.6892014302019236
1.0986945189212893
4.369412264479263
3.702234786438713
3.649588743976058
4.376888106072092
4.947370566297027
4.326115365925056
4.64047218942589
2.911566707195292
3.931860510051215
4.415880855674492
4.281766220389206
3.547323224498503
4.405565774071111
4.351721818730586
3.723138505083921
2.3475527562717504
4.411434508626177
4.574299176315383
4.5329770710178225
2.7823907480807053
3.5994471659723404
4.8522900866641026
3.667510898231119
4.3327947116174075
4.255341390014984
4.0548813579508804
4.447913524835653
2.0848442929958795
3.488153921965858
4.682494111629615
4.727660165412261
4.274013699509575
4.216896088316543
3.4399110897928766
3.386194198473544
4.37799532842345
3.3470781662507383
3.84874857290274
4.508265053422275
4.11421055948716
3.8803380685089808
2.156006994728682
3.36500984044378
2.7824153348059797
4.250461229696495
3.622842122646415
4.1516514180165105
3.5117148178512894
5.0
4.703272875692858
4.691016531421302
3.243052910594767
3.978641665333666
4.890145518916552
4.281653403781147
4.3889823621979085
3.605313301104606
4.723286865067458
4.849970505059351
2.9959442449828844
3.6700927752896435
4.411434508626177
4.701741389588606
4.928639211536722
3.122684600091703
4.354715461320649
1.7744755094013247
4.05246025484925
3.801278274123665
3.856054353187621
2.9959442449828844
4.44033896986014
4.039055765986977
4.382640872672616
4.0717980566028205
4.6554959877356525
4.775069270479121
4.5832668796564215
4.0123631488285705
3.0509552888252616
2.701259942198722
2.920047045732532
4.514049510162093
3.603626562942357
2.7823907480807053
4.093987136611369
3.943081973182122
4.629124868207843
4.147250862001823
4.3327947116174075
3.3979209040114258
4.112148052700523
4.499536656692368
3.382858768816164
0.6747556098209178
3.603626562942357
3.4785915587171212
4.183386820075893
3.593167138151867
3.847890170217494
3.765481683257147
4.187131177069387
5.0
2.7823907480807053
2.4606764780259356
3.753762875074803
3.8299508472160655
3.550098135961119
3.3154664680437067
2.918019989433774
4.748861066648785
4.515754037945844
3.9653822827827705
3.5668529671147526
3.409525819451468
4.120877081058336
3.317353719592373
3.207890535796037
4.099147807911149
2.934392563082807
4.268526994687794
4.058787311657132
4.171772222331161
2.3250501057081054
3.8358740845436445
2.766234442604163
1.9870543276215689
4.2139284227067835
4.09366176690619
4.321615290696511
4.278908492965134
4.2726153223119185
4.591215865952255
4.1608104052001496
4.0033442129440155
4.1276907829462575
4.4109805901256225
4.316404603662293
3.5173827513383946
4.059620184813544
3.127703296205955
3.6952246537009943
3.427438542864153
4.842940934276165
4.330303749849382
4.977332700700939
3.455984347940192
4.4284384848828795
3.686825089145427
3.120929580339376
3.4127851249404246
3.5460029090059964
3.6239587994857283
4.46555472804305
4.346948904499702
3.997951403450938
3.9505921166685214
2.438801009098033
4.2662648009055895
4.677113075875877
4.5329770710178225
3.7080797372117518
4.390113209156557
3.036494868403442
4.7092194102092835
4.212777335104815
4.131431739666806
4.422139277419459
2.9566447352530583
4.234208759489136
4.865869839027352
3.19075862888661
3.558569537181344
4.188142159895109
3.997951403450938
4.237060193352332
4.254110077125948
4.364460053547011
3.127703296205955
3.619236360964064
3.9632856622631367
5.0
2.7823907480807053
4.624785991556455
4.002632435406183
5.0
3.6564530078467614
4.00187550965416
5.0
4.089994298460778
3.702755838686099
3.6667200598166376
3.5975052900980744
2.911566707195292
3.4334120913643114
4.274013699509575
1.0646653255172336
4.010277140256503
1.7180398266466999
4.321279934890296
1.7625674303845902
4.976185230960131
4.447913524835653
2.7145702172197987
3.825084262800762
4.327847380605712
3.9784847232219365
4.657883911375731
5.0
4.382640872672616
3.6726950128613582
3.801278274123665
3.9138258652750055
4.709149893075396
2.817139885095469
4.603782588419912
3.930283866587218
3.165640425516501
3.8983749541393538
4.106666023625718
3.631891620263997
4.597638439626913
4.1177477080841145
4.336282417128163
4.382640872672616
2.4778110217210996
3.800901297301043
4.354961269175818
3.6942669809506983
3.459336893049721
3.3197238928217674
4.738372460686482
5.0
4.109778451936994
4.120147533058195
4.31686890791124
3.8495140468252957
3.506386485296116
4.983286634114916
3.9185500421044255
4.495399059216074
4.181991102770756
3.7231563600888977
4.850260589366411
2.817139885095469
3.261870639465788
4.712203707001078
4.240521986585706
3.8035973437529806
4.382640872672616
3.2404553034003785
2.809116778569206
3.127703296205955
3.825266942033708
4.462132203225406
4.385333280766187
4.3208845448151125
3.654044729149658
4.042681290510363
1.8736308525275025
3.2864808235094864
4.407665368241088
3.550098135961119
3.565071230712218
4.993988548391596
4.09658173556597
4.376530913029964
2.911566707195292
4.081839026576486
0.6747556098209178
3.9967863563802597
4.790657583273277
3.593167138151867
4.370458582444468
4.33292097921682
3.127703296205955
3.6460085557082786
1.6408930784176665
4.657883911375731
3.08329393121564
4.654978585037967
3.3508162421465117
2.865526007357194
3.520244914191882
3.7278344510040258
3.6282827566886455
2.948333101293895
3.4508836183651885
3.603626562942357
3.5715166385916755
3.550098135961119
4.22904102196209
3.563138975210747
3.781739754812361
4.500312545016517
3.4066298543274387
4.782930832749909
2.701259942198722
4.751505077319863
3.9790235726070025
3.6890598646969552
3.237362032376372
3.603626562942357
4.20066369802812
4.302902983298407
3.6115013654032326
3.5498739953848757
5.0
4.382640872672616
3.3000770235570203
3.693179051133595
3.4163866376549423
3.565568749969061
2.653972583036439
4.4099554415286955
3.4334120913643114
4.638123536551039
4.690715635770219
3.829863625790783
4.040144545954395
4.326052552697452
4.3526875102068425
4.447913524835653
4.447913524835653
3.288434828236565
2.882388968431191
2.0592146375399922
3.4066298543274387
2.4956531843716947
3.7071230861119817
5.0
3.7089493477315196
4.281653403781147
3.5840587277600635
4.4159297227613665
4.6825154965213445
4.011906556491479
3.5258358061373487
4.137644807705173
3.6035024842742702
2.777493253289994
4.029458438573347
4.070296427510411
3.9977542179562837
2.911566707195292
4.947370566297027
3.893309087597477
3.127703296205955
4.711592301662692
5.0
3.693179051133595
3.382858768816164
3.131873476489237
3.957895750766075
4.768663897317997
2.8384547430995157
3.688612026914094
2.1486243789639703
3.892371013615297
0.6747556098209178
3.5235681139952897
3.2980923060888037
3.1043731535982575
2.948333101293895
3.438929474618127
3.8630690272290567
3.7439839213191464
4.3327947116174075
3.5117148178512894
4.141154178097058
1.3963454522440462
2.5174452965405942
5.0
3.938132734227014
3.4795850284920506
4.50499280003642
2.7982494118497714
1.297717482535153
3.939790587887658
4.130705445742511
