4.483409241834854
3.5347690215080614
4.3877891019951685
3.0986877990732444
3.39468342753702
4.178418751375618
3.6465014904296296
3.77860445359777
3.89171368632776
2.284699221573334
1.0702885109249807
3.5697085106049147
3.239713950739508
3.5070476814462896
4.493153107027963
4.230416698087689
2.5511662330513416
3.7764264261334097
0.36431748722962043
4.609079046122297
3.8280629468922696
3.674227934653089
4.103300761389919
4.8880896523917645
4.34157809975976
4.86739858222254
3.0243837245328655
3.900606365976171
4.273141974923293
4.365703970904008
4.213379934801376
4.422565575821991
4.318601339623036
3.8988850924172964
2.146977079478113
4.457525356494653
4.709741523353223
4.743670071017398
2.239216429744809
2.9195082568109227
4.894663077340054
2.9150667609264604
4.7438561067677005
4.140481525130985
4.566226444263401
4.360409880726742
2.1828631705088504
3.248415281291346
4.785000897087874
4.923102875921208
4.201556194115355
4.440705578725115
3.611996974460926
3.4408810313219376
4.605825569935204
3.4064924458096435
3.7168794031981744
4.352637663684821
3.9518210099022357
3.964414479540564
2.806150148475355
3.349932187490578
2.6338048893711012
4.263623408832416
4.119617029295961
4.366131040438232
3.6259696896656854
5.0
4.7153727786132755
4.529360901862946
3.522022184815007
3.824793700907922
4.9411239151637325
4.2386853846678765
4.546694841016289
3.763495162739941
4.588581161398135
4.863277344231644
4.135393008025799
4.241430868133822
4.457525356494653
4.635535997443194
4.891854479411629
2.9666178247817014
4.420239948324703
2.2776797125095642
4.235719714778311
4.035362809618037
3.6896151893838307
4.135393008025799
4.531223324791224
4.103389588352399
4.633751395715977
4.222143572372718
4.539703993211631
4.5385300536677535
4.602587788845215
4.094967839179694
2.5488351816896784
2.805719934185731
3.1083416354362603
4.391007531873301
3.6764049928763174
2.239216429744809
3.8990001965646797
4.467875352732543
4.580737947115189
3.7987052375540933
4.7438561067677005
3.250263287763303
4.043760660515973
4.3804597282607265
3.266457535935496
1.40601918277097
3.6764049928763174
3.643672214005031
4.630428419433606
4.025288501111326
4.034944150596527
4.149816284754724
3.961170533644804
5.0
2.239216429744809
2.0902329423028596
2.9352923658330208
3.787718643828485
3.884044796666204
3.291909564476455
1.9959506003021308
4.675197968832568
4.416916792661743
4.063479592873129
4.161605222699171
3.5564518580375992
4.11926496927356
3.454209746735399
2.6273597421805412
4.23894954523467
2.81096181272309
4.228919895405278
4.174862687333476
4.256677333165827
2.82068378744531
3.9096151913122736
2.642921243501957
2.284699221573334
3.862865773662866
4.1502976734162855
4.465899072824985
4.276424797037096
4.844452021972613
4.728445496988365
4.009041780975741
4.0862480759127635
4.205539568460374
4.345343090883423
4.522239577967071
3.7555313014651315
4.13842386355164
3.7727019666397186
3.066887199465819
3.7067070437506286
4.8738010328063455
4.219726534696093
4.899954008568709
3.555816019352958
4.255979820038997
3.47332224083739
3.318609817673575
3.630413527914207
3.470763705413169
3.8136051142446665
4.37842145497747
4.338371136977168
4.406226422154116
3.8578688982965867
2.5805809121139265
4.263489986381529
4.600180911490545
4.743670071017398
3.2429030353821893
4.535734296987933
3.504651553314669
4.610060150373899
4.002347129674591
4.257841047546004
4.542903795555494
3.635727042419948
4.456743935032478
4.730440500353563
3.126084051265234
3.5653320728531153
3.892688902683121
4.406226422154116
4.018384047408421
4.704354190641645
4.373699073155057
3.7727019666397186
3.6506491276920428
3.7610210004055573
4.968209353822621
2.239216429744809
4.5562889331274405
4.280480712386624
4.925229315513496
3.4188946509239204
4.297075540464187
4.968209356656621
4.057290001848042
3.816675748434075
3.384195565621663
3.679761968838768
3.0243837245328655
3.758901878541759
4.209052753223174
1.3762243057828294
3.509953185966054
1.0253309060397018
4.528818124614596
2.2432913102187686
4.998901554746988
4.360409880726742
2.9851361075801885
3.7100631593660096
4.430548829656665
4.464489748820959
4.688870426941071
4.9682093551591535
4.633751395715977
3.7842981751155125
4.035362809618037
3.8556838436259446
4.711050312562707
2.870279662043335
4.466319101091731
3.6523940144943148
2.9782974549301975
3.7931532494287707
3.998432351512674
3.847345728808643
4.504724883878719
4.137608253108656
4.537704641730458
4.633751395715977
1.8506000280987567
3.716010931960382
4.279619717920823
3.839336925423479
3.869129629830718
3.9358469583527653
4.7370455624990555
4.968209353822621
3.7496957825585606
3.972930338862325
4.340568020738276
4.0444201487576645
3.8094781874701904
5.0
3.8185736615860266
4.618902928978457
4.176759369520161
3.604030436760421
4.689121201840989
2.870279662043335
2.9173780769384705
4.702885214141448
4.480198596617948
3.586795753769026
4.633751395715977
3.491543383299303
2.5635238905865774
3.7727019666397186
4.3192130980463
4.564314186441017
4.410915543580577
4.155534935910833
3.8530966402325455
4.234135696193203
1.8247888962692262
3.417227027006005
4.388855837416909
3.883977798934731
4.071683879833278
4.886016037261639
3.758243247667295
4.511318408951293
3.0243837245328655
4.578299145116503
1.40601918277097
4.097583012790928
4.744064599146004
4.00611354501342
4.301582467017397
4.479139027229824
3.7727019666397186
3.526142207917112
2.0388625147918975
4.688870426941071
2.41270333985941
4.685897901579177
3.515004406410481
2.7222335451985624
3.080255574853918
4.245855617030391
3.4620300302724387
3.4148012213989793
3.452884719948211
3.6764049928763174
3.4820808779185066
3.879277404423504
3.987909411500631
3.6842863371552292
3.5698855253327078
4.834736030136163
3.3428802767833914
4.710642848988746
2.805719934185731
4.778938844413584
3.7918865567397755
3.75404856959841
3.2684287035599104
3.6764049928763174
4.393987774877191
4.509337130806594
3.914466254013836
3.580352523189983
4.968209353822621
4.633751395715977
2.8105449210049147
3.8249146562494496
2.9646671218288154
4.51420075232155
2.565204470161054
4.416381129340241
3.760114889570924
4.59239700837457
4.518676817325087
3.7933726267427077
4.118786510987224
4.190672508223472
4.143986104224039
4.360409880726742
4.360409880726742
2.9689118225964006
3.6688293991802476
1.8320342538880623
3.3428802767833914
1.7440398618585173
3.1268505689399393
4.968209353822621
3.7499302440948425
4.2386853846678765
3.6174261035377273
4.517090757646351
4.773276794071391
4.427235354450431
4.038585449515651
4.228546184752033
3.4616805221004356
2.2421279547802775
4.596168299512728
3.9361474033057156
3.99716088999892
3.0243837245328655
4.899430875793561
3.891565847765801
3.7727019666397186
4.587255205409633
4.9682093551591535
3.8249146562494496
3.266457535935496
3.1351119752789365
3.9597813391241474
4.522876340634507
2.8213837727635425
3.891845387957169
1.7623933947353803
4.00727679318885
1.40601918277097
3.646276961754064
3.2461725817751685
3.2408560596333835
3.4148012213989793
3.485215579679876
3.9747778860220486
3.9930203086296596
4.7438561067677005
3.6259696896656854
4.336031942642518
1.1873107270233025
2.634219200923042
4.968209353822621
4.1516428861948915
3.156805833556914
4.342076218392957
1.8849690725086758
1.3601955214310588
4.087981270736942
4.088641976150386
