4.600787948685252
3.601734634054324
4.352759015394035
0.7159438808383882
3.5790468582696633
4.319635980660209
3.5736016101394625
3.798451265077901
3.3837701759147123
2.441356878069371
1.8607762381094801
3.672951950228679
3.534258503012026
2.887186874350654
4.545047937816811
4.297833899533899
2.9864615517224706
3.7025505661363525
0.7419654762179846
4.403716101686925
3.70610785684201
3.4323491282181493
4.427992741803152
4.9209978822589555
4.319325333017964
4.7250771474634945
2.453219268812269
4.114173717532545
4.3887020857924455
4.378454995198297
3.6810488483160526
4.30254539249372
4.293222677326547
3.696965171483299
2.397533584635383
4.4568940678007465
4.503553286221077
4.948923007197095
2.557454830922836
3.6550082670618593
4.973874520811563
3.805314866464613
4.367529116217874
4.328025879061066
4.005076296135627
4.492875269031899
1.8008208777731127
3.534258503012026
4.754833036632899
4.780337298556617
4.345521532041495
4.371281495239465
3.5982627785042354
3.2007495613551384
4.438080009849173
3.292825741983332
3.6879890535679607
4.631488991954242
4.144798767983076
3.9576141380100722
2.095566422179459
3.3541266129814176
2.8134379067840456
4.290594728567804
3.6954639067162844
4.089084872055423
3.5566520667140935
5.2783559806308915
4.811167131872963
4.5653314033970105
3.830327891936193
3.876045216658653
4.969915496026832
4.4047561620387725
4.375306632313702
3.6966794227187876
4.776446151160172
4.858894405855384
2.888794558885394
3.779519888540719
4.4568940678007465
4.8149806368687464
4.959174712345039
2.9544520224452384
4.209955834245804
1.8904993977006477
3.9706250435900685
3.831970577358966
3.768716506826678
2.888794558885394
4.482014445508341
4.622292295171857
4.380403787674943
3.837315479110316
4.661003553661388
4.861326517270182
4.4433902691404015
4.289254879401646
3.2728154788591155
3.059021162210854
2.759935072238349
4.526748218082631
3.490989074634527
2.557454830922836
3.994324042929982
4.061385806802065
4.623662438087848
4.337042516620883
4.367529116217874
3.4531677992548424
4.132972328616347
4.450089320685116
2.9429286048012067
0.9732720008033766
3.490989074634527
3.1454042266931026
4.095233592723517
3.671799221847209
3.711561866702688
3.53860056103602
4.130857603999829
5.211083228152177
2.557454830922836
2.7669432307987307
3.8723532076357543
3.7637316128621734
3.530854444955324
3.362796777638877
2.7055875711315736
4.746199493472673
4.4488441454363965
3.908133084513814
3.5913610755012826
3.4754850638229087
4.162762724463391
3.4765885161686043
2.9318757377455995
4.1611033301578715
2.8822273371166887
4.24408250707863
4.021756324091768
4.251301218788299
2.2194794405589278
3.742728874439706
2.50464312188236
2.441356878069371
4.139517484963314
4.0964874548098
4.460860119180651
4.310142714732244
4.450077660697048
4.6767833996504
4.039082905089515
3.9619917539753047
4.159138210790928
4.343175466730713
4.240474701262649
3.7359699602998866
4.065152013361299
2.964686863243422
3.8453821126570773
2.815330685525005
4.8448082947738165
4.234243914581967
4.993896910068457
3.377954307624236
4.4021304955639735
3.6044166596904006
3.193126784080107
3.4334824387104987
3.295055084917209
3.551938027639366
4.480395554731146
4.373294895500891
4.29089205817921
4.042410109135119
2.66744813284258
4.302796019831959
4.68733808495503
4.948923007197095
3.766576314561931
4.381816186783581
3.0451807053813837
4.812070881880992
4.377051900019424
4.090633449864995
4.459610919314628
2.7827390312138363
4.392524236786258
4.88263009791622
3.2105328827213384
3.751732643899633
4.2444492056749255
4.29089205817921
4.292768903084863
4.365444395093647
4.4104350231199305
2.964686863243422
3.7589588657214392
4.0498356703171225
5.091870632001328
2.557454830922836
4.648630798172206
4.211341974007926
5.030005429980022
3.534614081909794
4.10205396773577
5.091870644322366
3.9641489432723915
3.8108289086778058
3.502759455062595
3.6806759042715242
2.453219268812269
3.6749024230432283
4.345521532041495
1.0167121819321352
4.048465502239566
1.7136290547883561
4.272886177729347
1.7267384251398852
5.0440881171619125
4.492875269031899
3.059817803275479
3.7283600893127726
4.432691094984506
3.94894324376142
4.687523741887503
5.0918706312037045
4.380403787674943
3.786889358160039
3.831970577358966
3.838825341985313
4.801055619002398
2.7874464241769346
4.586572292138506
3.804707644132449
2.98974315225626
3.855816537824502
3.9850583151676204
3.56783992898157
4.610921764080274
4.033479221020521
4.276340922997907
4.380403787674943
2.7670554873827484
3.828658269095925
4.461182767631755
3.6516048471046503
3.570111027611631
3.5225647603135997
4.795565904353069
5.091870632001328
4.137102267298175
4.112944364427683
4.353863775734524
3.789501032529465
3.7427824732789077
4.950184111819507
3.878834870100384
4.677859659949576
4.215505794361519
3.8235555314998493
4.918893110083616
2.7874464241769346
3.1718556606225405
4.764797204587907
4.12344336010198
3.708104858076929
4.380403787674943
3.28522899917499
2.5388365850238515
2.964686863243422
3.8619284782479895
4.581513800019891
4.431178570223167
4.270135979771325
3.319028204053865
3.9912876788250458
1.5011661933357487
3.146009145942763
4.495998334779557
3.530854444955324
3.8653014624936475
4.895358466025328
3.996175154028208
4.429453218568
2.453219268812269
4.407834380658173
0.9732720008033766
4.046574765632556
4.866408160471337
3.671799221847209
4.393391371634181
4.414546063372988
2.964686863243422
3.518791430071893
1.828498268847241
4.687523741887503
3.1397995011760713
4.684690561539519
3.3546729513120965
2.989052796489304
3.552523564517955
3.6750134929262117
3.55742513890101
3.2186331707313798
3.5500349067794517
3.490989074634527
3.51212122559523
3.530854444955324
4.229987371516351
3.5037098577183485
3.768797166061873
4.483885710652871
3.494825650697706
4.619646993259941
3.059021162210854
4.6906794294691565
3.9669554445819983
3.731374690318191
3.2886446405482843
3.490989074634527
4.339308114625908
4.531753132703699
3.630420379629257
3.573873702058137
5.091870632001328
4.380403787674943
3.620677511775966
3.6285983774927715
3.4784749636077237
3.438099652239039
2.787452317244359
4.5204728057875485
3.6749024230432283
4.59377637044669
4.819660272693412
3.8842519606565133
3.793021458233092
4.406581171242777
4.228299447866959
4.492875269031899
4.492875269031899
3.290269954645936
2.8654306575821877
2.2512868044105545
3.494825650697706
2.775285468998476
3.8559304608529885
5.091870632001328
3.7622612605726644
4.4047561620387725
3.6776656398444914
4.478754099421579
4.783003764140176
4.327105554368472
3.667989516521885
4.109717928148569
3.4866276183784066
2.6464734708770976
4.136411200166393
4.173969133068269
4.096913825852258
2.453219268812269
4.9209978822589555
3.8150052353066144
2.964686863243422
4.698191777554719
5.0918706312037045
3.6285983774927715
2.9429286048012067
3.072624299618468
3.9704893601704185
4.658899326117449
2.8771045121482786
3.616546957906685
1.7259002019206022
4.085969023013433
0.9732720008033766
3.4836570161530744
3.1680493478522607
2.988127027098507
3.2186331707313798
3.3801359446483943
4.045684742579155
3.9056988958815992
4.367529116217874
3.5566520667140935
4.142685084832859
1.6157856918449625
2.4219651560076585
5.091870632001328
4.454048794266935
3.408988998705297
4.676209373916052
2.8228064078651727
1.8030175248245115
4.550798464279396
4.23646432036746
