4.445637711125782
3.2189148894617556
4.5491403396468595
1.8160465048265255
3.4507073922334452
4.027364619606464
3.5033704668205825
3.7710596714351805
3.795726746697829
2.5575807644273407
1.2672744275187835
3.4443683788354758
3.3055023899175833
3.0293070173391623
4.508712780916317
4.302274274137266
2.7677623573561245
3.557315119796071
0.7471539115307432
4.555463108596241
3.7869461645590317
3.6075510051370028
4.294731601369838
4.949837053898042
4.327108822092528
4.852249099009482
3.0481436303058675
3.852465019574696
4.293289031245228
4.3797117308141775
3.8396790326655914
4.391604535499953
4.366467962768356
3.6985304018413654
2.3944767034670047
4.378481749233449
4.685532158901145
4.666368272742487
2.755859893548985
3.2702312771154123
4.896713297816964
3.6940656703306214
4.732734457836772
4.574243011302601
4.426060251876136
4.31714044214557
1.9444573821435416
3.3055023899175833
4.712861488805345
4.768727987438702
4.589979797377088
4.394656183134105
3.33420154770676
3.3017646713420117
4.527975573842758
3.365650617499192
3.6600139405349577
4.318983012620761
4.0761577749990305
3.758222598941165
2.117011054868433
3.1487731270204034
2.855111539160829
4.175951865383178
3.8730486858038855
4.215297837512457
3.2822469471613953
5.172850817982683
4.791900925191749
4.650418052474711
3.894963034312296
3.9259791730997176
4.918792415987552
4.333051979138743
4.424794547954042
3.493630656269394
4.575974442998428
4.844895032146839
3.9237117220297417
3.8483513067942976
4.378481749233449
4.797048766627176
4.937352760518104
3.2545574448159
4.324184662544775
1.6998584613866896
3.9440748712015807
3.9999368622631533
3.796192663449288
3.9237117220297417
4.216113050556983
4.1767976908121
4.365932023093839
4.084860199403755
4.5724732197355795
4.695596681656738
4.444118812069378
4.055724741429559
2.7326666857384847
3.298282510374582
3.1279469200625893
4.403209137987767
3.5988090092740475
2.755859893548985
3.8633800211898883
4.337604732968712
4.599090536599229
4.0054019769612434
4.732734457836772
3.302139424316996
4.012937563279605
4.385349398031648
3.1517943923045895
1.1232292833738509
3.5988090092740475
3.4888730145176456
3.912150687049097
3.7500703793583323
3.9793987744557047
3.67892401481606
4.112671261437127
4.938174229359289
2.755859893548985
2.7634354894658255
3.70834118029674
3.7799822074066878
3.53626619596597
3.1502596968273178
2.801024841912371
4.759242758941749
4.41183953188507
3.8684703953851862
4.086369763902924
3.344050113375415
4.082327747187824
3.3224383386760277
2.89667583012705
4.251970389908534
2.9376031632506407
4.31473181312654
3.920453340878103
4.139083426342777
2.3564619690096986
3.765729269411251
2.700785015328707
2.5575807644273407
4.210967461212936
4.0668461891262115
4.4751719740877345
4.19480579514911
4.3116955701592925
4.630899166802351
4.099972733981032
3.8983641703141014
4.032064875260486
4.348527429618569
4.341504541795663
3.571213303909385
4.0229387172556965
3.0254490022134046
3.71709431770047
3.4699829137572475
4.841562537626274
4.2199230573192406
4.984472612294525
3.5100659388147033
4.386202649876333
3.5090106600971023
3.234830828407487
3.190628463417829
3.3745796295999977
3.773561909356916
4.574632022030789
4.294304061402334
4.407566454329354
3.761116668858511
2.2407160371925396
4.183822185060864
4.559045237987531
4.666368272742487
3.4695693310566877
4.410628225766439
3.5855473156617332
4.791844244673312
4.099121610363339
4.159616344057524
4.5665286148941835
2.8830854082851065
4.4044711831861765
4.771360095936229
3.1087842330722193
3.562077027003239
4.131252708515314
4.407566454329354
4.135115805463178
4.434160566432608
4.3088096365756225
3.0254490022134046
3.4245905171832103
3.8543550799824313
5.099997596195749
2.755859893548985
4.612482993045317
4.2395994283142
4.963006230777081
3.518504480425639
4.114558642862766
5.099997601670447
4.191692250041429
3.476575207916012
3.70226642503164
3.3414778098972757
3.0481436303058675
3.7592014282399067
4.589979797377088
1.0283662644484632
3.7679793923264153
1.2332394597685887
4.349321928419531
1.7021907648397896
4.999091101951949
4.31714044214557
3.0179979706123685
3.8172533902498724
4.539252528434966
4.062404808906882
4.543080014031892
5.099997596001831
4.365932023093839
3.348817286447469
3.9999368622631533
3.777369745813827
4.77302893195977
2.7923986200887096
4.520597834009974
3.8105634807865965
3.3012372788797943
3.7144631825466004
3.9974539745297886
3.40854620940682
4.523428432539626
4.2604168129600755
4.359011607963884
4.365932023093839
2.130298964813333
3.9308141368706426
4.331334415157466
3.60063834420893
3.7043569099127094
3.656046479965317
4.720256248640423
5.099997596195749
4.075639232261485
4.179610124907418
4.235831662275798
3.9875504449413572
3.093808980571273
4.981463328850959
3.823363101608246
4.441114303353755
4.156187663838137
3.4967485142690418
4.71571993062202
2.7923986200887096
2.5353888784178817
4.717189344713317
4.142198340996144
3.69969773686846
4.365932023093839
3.329676005337978
2.8012434281147467
3.0254490022134046
4.300465211535522
4.578500872188306
4.19236737267993
4.211856462133708
3.5784697824654454
4.220175288265521
1.8583322784164462
3.542879585143483
4.426244038856018
3.53626619596597
4.003080645246504
4.834413794566137
4.006268706011538
4.516082731815429
3.0481436303058675
4.548718336471479
1.1232292833738509
3.8800843979543327
4.737954098699808
3.7500703793583323
4.303252115430473
4.5494212783570145
3.0254490022134046
3.5585003898005425
1.849118264763062
4.543080014031892
3.022176939716976
4.540103526999667
3.2600923716567447
2.8365568888725985
3.307661526324514
4.060818814045815
3.4431561925038547
3.4808478435967753
3.503315614341039
3.5988090092740475
3.654135531134086
3.53626619596597
4.276754704551232
3.6140317656659047
3.693520238853564
4.273085614295018
3.2757266213713248
4.673933687291425
3.298282510374582
4.832539821912993
3.9171153073915246
3.6451392485243925
3.112719659165931
3.5988090092740475
4.3905328979850164
4.638138058638658
3.7731237119229615
3.4111580176588685
5.099997596195749
4.365932023093839
3.242648761916511
3.8968569177143753
3.13000452993281
4.243953597862925
2.565816951430831
4.808568644023341
3.7592014282399067
4.317281901699742
4.82169542923751
3.9151169844342615
4.130031810039396
4.25822572220668
4.178597859768148
4.31714044214557
4.31714044214557
3.230781723840961
3.3083018685965104
2.268780088949212
3.2757266213713248
2.1434750283488153
3.7893590847278826
5.099997596195749
3.750677009014124
4.333051979138743
3.4443056010849613
4.535776301674515
4.767270985747194
4.418630557789788
3.7889433659621314
4.082522848001558
3.5498772343761527
2.582890771026639
4.052570509720558
3.9113782671178523
4.013229917224651
3.0481436303058675
4.949837053899861
3.8707667947537754
3.0254490022134046
4.614646098832212
5.099997596001831
3.8968569177143753
3.1517943923045895
3.2950361096217673
3.8187983707101534
4.746857720372054
2.6914449168840147
3.833281714945974
1.9309950454118319
4.076390726963757
1.1232292833738509
3.644934622689517
3.2902901956197805
3.4630486014796116
3.4808478435967753
3.4831413872208845
4.05271749137051
4.100348316165045
4.732734457836772
3.2822469471613953
4.1456974399646835
1.3569185229363736
2.891597942675615
5.099997596195749
4.0766780219819605
3.2911148729278334
4.684341036944568
2.884030881030517
1.6219417941739405
4.137913665291739
4.1700172166507325
