4.442394250638417
3.360050888760464
4.450515555413306
2.1062616101515386
3.167587395332627
4.076804292602832
3.5836689829609853
3.742655426191521
3.9755983726775015
2.345857429064106
1.1204611843320884
3.4328297262027143
3.2409205722027843
3.4102607376734206
4.502658275614168
4.246114751342946
2.5958322933827014
3.5506801870578166
0.7575555195864525
4.605356459462188
3.8394304158495616
3.646641923743433
4.263438244879483
4.903637058849235
4.307446033025398
4.898163634026632
3.0467010070783282
3.8314390543235572
4.317790490909859
4.366889470760485
3.943173875884258
4.3249994402817205
4.379589710784471
3.692949079814428
2.310335594552678
4.457499868945904
4.67085425235844
4.665590146841021
2.538314021662766
3.118285166235625
4.899690685725803
3.5893657653771336
4.815608231730151
4.368960037392037
4.535495308344155
4.291443181547452
1.8243083767874553
3.2503953816381874
4.738381025625573
4.707880543440121
4.403392044703638
4.457171089809117
3.238373725962598
3.4116924911782847
4.53235263986379
3.3935862554280036
3.6795583231977838
4.343823477909032
3.9433704963251466
3.7749091395344103
2.234808953574112
3.135905441818745
2.7264378762370804
4.172465490391859
3.9417213668684803
4.182105183464218
3.5985616546421064
5.173045420330753
4.710728333285951
4.75320438083728
3.783300158089015
3.9098196999904027
4.814290097670922
4.235345859230344
4.3552105730595425
3.629516891538169
4.605991757007759
4.830598984905084
4.0114514419501806
3.9409153160152592
4.457499868945904
4.710896762465735
4.849212110220931
2.772346371751459
4.304325506630546
1.7750554052902108
4.078808918741208
4.055515282721641
3.7805877052534336
4.0114514419501806
4.153489741558888
3.897505777638703
4.3076411512148365
4.130405195618179
4.5633519962235045
4.566230929472278
4.39357746058395
3.958188996987657
2.4536330648648694
3.1379716941890643
3.0446817910404946
4.49407153277822
3.7471236490785054
2.538314021662766
3.9038916882356554
4.347917045425747
4.558826397990574
3.9251762383385604
4.815608231730151
3.222500852504185
4.073186260775843
4.472395767444704
3.2444133765720147
1.110613566913211
3.7471236490785054
3.6830682280141347
4.048992355551691
3.709214585099185
3.850159518547733
3.7102614744421154
3.9617918914978145
4.944274197632213
2.538314021662766
2.7828255075576203
3.583693736555434
3.7752375528120603
3.5319891407654844
3.2393835023357505
2.341906869975754
4.643142227034881
4.364071850871101
3.936201102072227
4.253066948939773
3.439797168994057
4.081781240329706
3.5431372725373316
2.702482242998594
4.163005332179397
2.9509409841836907
4.2156746820285935
3.8810986620745873
4.145791211302319
2.3999275770547777
3.818815555753661
2.506606259280853
2.345857429064106
4.050758748415246
4.077835907860894
4.484092661657991
4.179478610908186
4.467897294694071
4.657766254056549
3.993401947188668
3.983749617835232
4.059974571954884
4.4308010927887285
4.372150528916306
3.6058524818907167
4.029155424025101
3.4585615453645553
3.6421765808490414
3.566679143533728
4.843592617266999
4.213584328777388
4.900226356810149
3.5563598892886525
4.298642550252412
3.4080193143498954
3.315371609785695
3.362482016198913
3.6008820565794424
3.7797714041015724
4.561641341634628
4.279241017547351
4.441171340930355
3.886936316735453
2.5382017988089722
4.181370451481536
4.529924420220022
4.665590146841021
3.256903797793927
4.332620582285367
3.633511546058552
4.692653430571417
4.073850307486731
4.177787766525226
4.583766693361072
3.3613575896320804
4.466136959423716
4.713166806769957
3.102824663933371
3.5974639143464846
4.049880456480176
4.441171340930355
3.9592150390856795
4.495065523770544
4.31296122628642
3.4585615453645553
3.6054904238357772
3.7382352000233348
5.100152021282847
2.538314021662766
4.636207109532913
4.027503574349261
4.956283600439795
3.469981687034315
4.0866378418912905
5.100152025889834
4.218912504557226
3.757811821187135
3.2153912830795535
3.655088942029105
3.0467010070783282
3.794177076262104
4.388466299710478
0.9535929851078024
3.6914949198478646
1.0728516612440608
4.37884478105803
1.8248596839186484
4.977025977146122
4.291443181547452
3.2230519857848017
3.8072071178734768
4.324357852796469
4.235038724309854
4.533467566883756
5.10015202396551
4.3076411512148365
3.6677956323498884
4.055515282721641
3.7653107242734145
4.8490946796110155
2.8394090453988583
4.425167352041493
3.752643288430145
2.7468566886972448
3.6757804376946823
3.9832071716465784
3.610405318950088
4.513720315831444
4.229954146060985
4.382473587439252
4.3076411512148365
1.9135923476810128
3.8709316335137083
4.299916684353848
3.7303437317603945
3.74967553847632
3.7849928458725537
4.672777555521295
5.100152021282847
4.082542938715493
4.046925665537286
4.31260662507181
3.9582359406948826
3.615442290669359
4.952216855797081
3.8192943260152057
4.539667416965814
4.141093892756382
3.43665735368648
4.732122529570029
2.8394090453988583
2.499907065421072
4.698114132213229
4.399954368335832
3.7191039104539088
4.3076411512148365
3.283033139802877
2.582081634112422
3.4585615453645553
4.622612332099434
4.588552191891866
4.210547857370019
4.163997829640701
3.940249009097793
4.1961546622062205
1.8798586220006563
3.1990370459173136
4.46861745276175
3.534329102312372
3.976051369294654
4.772573267303146
3.8737991801371927
4.512869769001599
3.0467010070783282
4.583816784044297
1.110613566913211
3.799695099719154
4.712064933215524
3.709456433637174
4.284166232565214
4.53712697313666
3.4585615453645553
3.6055790548553994
1.8425555811273093
4.533467566883756
3.0841351032591313
4.530580632647
3.2091368341887567
2.7394327313861617
3.1487187529636196
4.302994258166743
3.40950054141481
3.4442038512722655
3.5052682586242896
3.7471236490785054
3.6737276389314677
3.535951074057176
4.0674359137368175
3.6810271971479644
3.5592686553248307
4.40463867720648
3.1958011807867472
4.716962226933605
3.1379716941890643
4.80161715729149
3.8527292681224474
3.639970484318591
3.203238429358566
3.7471236490785054
4.41976417727019
4.642613105046111
3.7943100684684503
3.500828984258265
5.100152021282847
4.3076411512148365
3.268189378293402
3.8442816636829122
2.931365173716069
4.6081150845841545
2.498556402649316
4.625043940475466
3.8105056134510478
4.337631761919392
4.6669423772978345
3.882633452745092
4.252030096881883
4.141468645943084
4.1695621997929155
4.291443181547452
4.291443181547452
2.9963434866822873
2.889946082825029
2.0472163163851484
3.1958011807867472
1.7514944032603474
3.689782284262835
5.100152021282847
3.7216091977597103
4.235345859230344
3.436590482066466
4.532412473046657
4.734330996508804
4.440754369003921
3.853317725439313
4.2874099277003435
3.6110791219801137
2.4922448439325415
4.163320354774955
3.999649709032122
3.8007239826770527
3.0467010070783282
4.8962533274630164
3.8598459519898207
3.4585615453645553
4.540216669545613
5.10015202396551
3.8442816636829122
3.2444133765720147
3.0501411112099768
3.924444410663606
4.904519085438414
2.614374702512381
3.8399418695233707
1.7356706640491653
3.9448885256424355
1.110613566913211
3.6474194149118966
3.3198529070355733
3.135282354977941
3.4442038512722655
3.470787432661455
3.919757793285227
4.092004268332653
4.815608231730151
3.5985616546421064
4.193353057221405
1.3557031587797561
2.7610482280327724
5.100152021282847
3.947636980376425
3.22806407575577
4.456440473243758
2.70276887452115
1.0699657031628669
3.9373950305210923
4.217873845282286
