2.7965136493664455
4.678061606541183
3.80107005927054
4.66470254755481
2.1363838926975123
2.9956524498815726
3.9839127035329014
1.9469933281473466
2.7593255281301867
1.7740436764000806
1.7740436764000806
5.0
0.6960732508707128
4.182388002794125
2.2669124429508174
1.7422019359568957
4.050978839214013
3.18624652381116
2.9055421821339036
0.7652452145557547
2.426061190708379
0.4247976442435233
4.644424987827927
4.32224835490379
0.976458098460915
3.314783749397071
0.5004055552382951
1.8074347228498238
0.6236503979620149
3.238170833845261
3.2653769659792644
3.9848137980440135
1.735557817926157
4.295308317623924
2.9507557207648603
0.2773201373334997
1.2494219085145515
3.0375937142438216
3.0381442967599073
0.55225853476525
3.886257182621815
2.853013415238462
3.3199038510029752
0.5976484902780985
1.9141163003320854
0.5148420225744497
0.43872412053465926
0.5878215258209556
4.12837195035185
1.4661594228055748
0.5978226188467524
1.445502176753842
0.5677096283800429
0.33121878836847696
1.853841055870185
0.09290766620392876
4.208013825088286
1.280709772644843
4.361646396044247
0.9204896219500478
4.996502096495618
0.04788023942773201
3.46148720956265
0.6668123259659522
3.8975650567664113
0.6560619095398286
0.21656622943058856
3.688992262014981
0.0
3.6651014621489493
2.5767332206139066
3.574140324311929
0.21949717638306687
3.5211447428431972
2.9444256325744846
0.14939748062973468
0.1792231449434496
0.0
4.025837456748214
4.233010718127005
0.23524368143499785
0.9141229755063529
2.183889896990899
0.5788039540834555
0.5385919686541296
1.943283507611298
3.396569630892071
3.683921403041596
4.040473763159238
1.1347006859280144
1.7003907248584413
3.4278085982889244
1.405825689423624
3.9569984047605167
0.7820600525233754
2.9314202296059912
4.022786295252512
3.0649832056055706
1.5556225625240572
2.626096619144552
0.0
1.1472751138163044
2.905049248274544
2.24965302988824
2.0575196631121724
2.8289580863212245
0.0
2.233259687214777
1.5182197825525519
3.588601472839219
4.188263047458518
3.0560346778682965
2.5789816542647026
3.210042308001867
0.0
0.0
3.6979386721394123
0.6900991073100133
0.2634972751447693
0.7240970252288053
1.5558893304808015
0.5152549283249117
0.2803698923578022
0.21637330640726837
0.0
4.451275119678648
0.5699316022340888
2.2621662669904077
4.129468371240674
2.8552144578734486
3.5795814860676587
2.1169370883829526
3.8834268803864083
3.6443882698301633
3.2660483624364387
3.8743780910335817
4.955952380594785
2.0177696294048335
1.8995759570156387
4.500612924516918
4.817346478754022
3.994477572331595
2.9025980473459634
4.470967073732524
2.0841216071204167
2.119505799211802
3.028548300889672
3.1339528397441594
1.7297342088650858
0.7689279211745497
1.979657678079315
1.695636911620193
3.3601548002632615
3.1157289639945214
3.676106602830229
4.174660663607275
0.35197623471321915
1.6786754842895277
4.155243439396195
0.8335050980394243
5.0
2.113654204422029
0.79649418184243
3.0992165597869423
3.896306522789975
4.347835561043659
3.7581918212356333
2.5998838926430503
3.8325588724420863
4.067445077658309
1.712230623173629
0.6905574662450498
3.847817739473865
3.5391469667429036
2.949711940789936
3.5196450784773066
3.9476278482455704
2.7686472065123615
0.29480855825432783
0.1540435826018065
0.1540435826018065
2.56469153248432
1.3733958619729094
0.8745642454546445
1.246259809567423
0.04143796220639562
0.06792361461541851
0.5750242347698524
1.2827159548931037
0.20591458923456685
3.7532602497611625
3.4586285393519756
1.3506478395286825
2.514274567883471
3.513721647178717
3.0755309001635935
3.477444965188431
0.7767653616679979
0.0
2.948654590372863
0.6447100937185128
1.1417002666370148
0.5375890440152826
1.0094371937363524
0.416931403907431
0.7622779635926777
3.9286080909586243
0.02398425379936331
2.2529005558441177
1.9107153252636762
0.6239413289097264
0.6560774534935874
0.7085817641871257
1.6937053006569665
1.826846316894958
1.58081333006918
0.7634264513221893
2.7267499047812684
3.5711668486421213
1.3335985580986973
0.22702373558787503
0.0
0.775703136303501
2.7333862090633216
0.09595108673502484
0.1593800599478179
2.5162729013255927
2.6283732438540426
0.07552190519045965
1.84846837071436
0.10231360712755855
0.040701161676499176
3.5687077155604046
3.7153780275652752
3.431442321236842
2.8505172155403966
0.11373785666564462
0.08347580939404331
0.47828237715101185
0.0056640392421360986
2.107945842624602
0.0
0.12463125785899543
0.015133387904170625
3.29625004480731
0.3318009866213192
2.649930836505727
2.295173814130269
0.0
0.01465217224905313
3.257200298972034
4.67348313121229
2.829838061559652
3.087763232330596
0.9419921262897395
4.478761680426552
0.3970067824507888
4.142002904109167
2.871647130284461
0.0
4.473854505421787
3.955583629443303
3.9779424046991836
4.339393803129224
1.3762415300064381
1.3861793612915125
1.7787857872668136
2.4875135475650056
1.9601722130862633
4.64111292698197
3.32925544850256
0.4830793128078703
2.058388091416215
4.266934011608959
4.058557101488571
4.734488732584017
0.23030672493225346
0.1932579375398129
2.1379960073305577
2.380894592617471
0.21840185874843865
2.1852086793865793
3.915250890023013
3.0708681126278536
4.255065044892359
3.763093588869534
1.7670600811905919
3.43615342865759
3.0576642435006436
0.5614659219781748
3.6226476453548004
0.8763818210845002
2.624794424816174
4.164930577994565
0.2199859296099742
0.6726669165811696
1.7705650651664415
3.2260156690657267
2.882208157783778
3.3204635855003497
4.671146687655608
3.4908910423782467
1.4248798122496211
4.257497255789156
2.5862698023956767
3.4853047224449143
3.9257946391465315
2.8016587420732617
4.448340860300586
3.650885075242893
1.8551385298804952
0.5098067112034892
1.1634607287968075
2.6162350989721275
2.841006755870843
4.1815527040300395
2.308295741916128
3.3403914352224056
0.45553748733919974
0.21249825046327864
3.1942643934195214
2.486408140611557
3.780880223215867
2.8608966255881567
4.346322204318053
0.4026605944831152
2.9509095928206457
4.006963420182908
4.064306199441976
3.585021182705945
5.0
3.8880420516017837
3.941029229917942
3.5581913603812434
3.57965450427995
1.5161518879576423
3.772064746580453
2.592095399985856
0.36769732859786597
0.38011212330792166
3.9273837146630393
4.599164359566846
4.221408237983988
2.9144270161288324
2.025782744863733
0.4518935353283817
2.8959639760903566
0.1988192670110136
2.8141779201790094
0.28891787849546535
2.505777579956586
3.576567398325123
0.5353212902139246
4.035473260138797
2.8982594305020593
0.2152649116959564
1.7909574364070568
4.520364718158913
0.44871661499582416
3.7942759490154243
4.537070385781406
3.9120995225898927
1.7783060890405222
3.401588978635721
3.8051085354019794
0.5487956603502857
1.6054395538756498
3.113310743616652
4.028992256778979
4.3661835493147025
3.5066284384939284
3.7691859731180806
0.5553330206449205
0.5456774733009278
1.579237191081078
3.1018062064276086
2.995409020014503
0.08339211635159316
2.1392642157117403
1.980710638469061
4.166152288420577
4.3209225485567275
2.3366229818610176
0.5973782383816371
2.0299170311355494
2.257137017904357
4.536011388307179
1.176232848641673
2.5782784041245606
1.8401843115326901
4.461671940020885
2.8912650713791606
0.2576387300008083
3.003258574715468
2.878003488199376
0.09312270572869075
0.5297546391284511
4.862569245896479
3.127939797361819
3.598958784772029
2.510773634281366
0.08173566790845932
2.2742011571947343
3.270237557423899
3.710670794269942
3.9759074899907167
0.0
2.975352837078812
2.8495166924210618
2.887055102598848
4.0637992405849115
4.584074359427909
1.5929171040491852
3.617221633173741
0.6818723692285937
1.536183016415178
0.4292486810072278
4.619382648169783
3.6956239352007176
3.860657948873114
4.309352901738073
1.4877762693368908
4.328140616215137
0.9678955959060644
2.02795748763681
1.593922555887402
0.08032685798791306
4.836235827524192
2.865189553537189
4.017872654279426
0.6911543736272554
4.874468487430132
0.4702029508298837
3.456297320567314
0.8559751500826254
2.7349926443134787
1.946555219843729
4.79139984269661
3.8502080704699235
3.1798210173039276
2.61950979466582
1.9881623092611607
0.0
2.3446843219945066
3.3234205062844366
0.0019087244360882494
1.3868011155996927
3.748532126121361
0.8016900100717654
1.0406579762134545
3.483094615810674
3.9251472973907284
0.46124812945255744
0.17085513115505258
4.633630358416095
1.3236820266819977
1.622846448404883
4.349524708286367
0.9646155114065325
2.9118873653445583
0.511280159800414
0.41625631819379105
0.012932873728773053
1.6163073572357685
3.7580595357976736
3.3538605601254243
2.480459573207691
4.672749905049072
4.101426076854886
0.5184147706975697
2.043225882192453
3.4819740851079812
2.3416896988413685
4.181637823908821
1.938866879173216
2.4270664127962327
0.8933782087045659
2.536479751300707
3.7972982173365057
1.2806464883827644
3.758257466835997
1.9383308273236102
2.1414139360744278
0.0880855436741248
4.29460764721367
0.46789091883948597
2.6181343997998225
4.26954629559935
3.42307732102555
4.9647424884041165
3.9686030680713777
4.172693849398278
3.2434453048562446
3.5497837845156717
2.9953741221252366
3.3434906914657687
0.7203238642757643
3.9729875264678527
1.082086150515364
4.70541809222978
2.414789753859511
2.6302645615536515
1.6955967953421123
2.6697628899880512
1.7038516877115875
4.273306200374017
3.2611223503867635
1.649774717434834
3.281929073508079
1.0280385852700071
0.9614629917313966
1.9930655275247906
3.7670397991775917
0.5029198432801989
2.9073298182492873
1.2596938661062795
2.176511042362833
0.7140676612106045
2.763722495820166
3.139788318894159
2.575617370671612
3.3145255735843606
3.5374016665373844
1.7235274716976718
4.318045473122357
2.5858963376829736
1.5723917064702686
1.1274503391063124
4.044653414024997
1.3295361599434008
0.9988843736938335
0.4953341901923265
2.019388363973622
1.3214045682532882
1.375199323866208
0.48923170412134365
2.518753337811777
1.3043827692815073
1.8943906030711313
2.6274270556509878
4.504636795364543
1.9541672614139527
2.864674342800639
4.17036225105287
2.683912145014645
4.246174056212859
0.1812108979525524
2.0338072148486486
2.7279321283798317
3.354332616381299
2.6481705428482996
1.0482850664786447
4.124066490377999
2.4375495284291087
1.6269299295224116
3.999175659867773
2.8688952224753668
3.2117257079219557
4.585133483801704
3.1764600977921296
4.279048158923
0.5482693539561714
1.7405359849403172
2.1936687645290123
2.06410465222681
3.4888593981843736
4.099294767424922
2.239772661006585
2.180564398642651
2.5524947696922164
2.9039343472521186
1.519772716728495
1.147644442676743
3.3845962156290685
4.597990324231098
4.435901644098328
3.8836770041474296
3.9196589060765845
3.3136521100652097
1.6956530923198532
2.1295172395744935
3.4013399739321204
3.427540439401909
1.6419018981201896
1.7509596853088443
3.353230425443129
0.314253054185218
4.290763705519558
2.261773477234513
1.7647404020442528
1.0906969232225343
3.055645328908422
3.7297564317982
2.854195881284466
0.9124347417142529
4.140873122589357
3.455191812867076
1.6909234067965757
3.3715795380014915
4.49931197864999
4.200956816086174
1.4849598667210397
3.8245603551441647
3.145330173021732
1.977428083169828
3.063084679005331
3.269747427775964
1.9741614768201101
3.9272044798285863
3.9461939581983767
4.872598664347211
3.065117812438606
2.6857226165873564
1.0616357943788692
3.430287834834926
2.2338789719997765
2.826162610546725
1.1828017524792767
3.090218102094296
4.007791612741856
1.384640227146999
2.6703304998323016
0.7662539749307538
4.928160128831483
2.8187947617497033
3.724815215962579
2.7773619345570344
0.552140455656918
1.534111986590168
2.3738903162077625
2.0009125358629882
2.8965388724183407
2.9608051073671793
2.9423728367261557
1.3928549920789681
1.3754644234774505
3.0951349994069854
2.8274608764860534
1.9573729224758853
3.686301510999093
1.48464660667522
2.958574011050162
2.3471657566980477
0.5084959869642649
2.036577618879469
3.725193988253425
1.6682935111185335
2.7495626752323874
3.402247815493014
2.396936851683522
1.1606387376658143
4.194156319228486
3.3391559982023975
2.25687416363993
3.107744617683401
2.23763264790592
3.0565887492833963
2.20066062027765
1.9400877549449298
1.3771071163773057
1.1012031303037277
3.405051514109538
1.300454847923194
2.5223539691529204
4.361874301464615
2.3657906796012558
2.5759966981599853
1.5466785650465322
3.7178061173641357
2.792810331099118
2.5720404970790582
3.822276433887576
2.2854452183637504
3.9730493918443806
4.092782677181045
0.509535542173543
2.016108653762249
2.913990093943687
1.6217701434797611
1.1747598422949421
2.7793364245894705
2.1628406091991605
2.9804437701089133
1.1153121556902095
2.1387248443598317
1.9746794270080654
2.1584451362826353
0.6847345686641431
2.196753963615577
3.2378929150566633
3.4622056564160832
1.1344765078793229
4.5747642891002815
2.074843626691285
2.7683605876831137
2.0265134946745063
2.523013476117364
1.1880126304610261
0.8543753725090655
2.674263954029346
2.7412344937012003
2.9099992578622444
2.591451600199851
2.5874287778700014
1.7432794765080484
2.3796395836740443
2.1975383161109647
1.910439746624049
3.489646125190329
3.2922278399347222
3.0340951948452473
2.392462333598063
1.3465631341420208
1.621091748342379
1.9312560144123108
1.86175638783988
2.8617845515342752
2.5114674223692943
1.2686587047531095
3.437556199656326
3.4152680022016617
2.2585947732284843
1.7362133737014407
1.0295959330255435
2.382470721851846
1.1349616750435638
3.000376057458513
3.4866095057531172
2.441553788307511
2.52711308330458
2.568457876502489
3.8982010657041433
2.319463000069332
0.32274437738344997
2.1950000703564885
2.020618353682247
1.644669525216381
3.60269023134029
2.1948835981015176
2.770890965810753
3.747490075187513
1.7467607852578215
2.522570766395252
3.0483111265348257
2.927734425919012
3.2714870989779516
2.87290403435805
2.0758504401848423
2.685546574867207
1.0670059011735216
2.3343430937017433
2.334455483548285
1.5226917746124196
3.338297038695567
3.619570112631046
3.0301422707503893
2.7584284479031433
2.76058236156191
2.2116195247892403
3.718069357657238
3.4742527254464797
1.342781151144817
0.35544582286357684
2.6243156099248686
2.7818507856234054
3.4424175345779053
3.069598038009755
1.4324114940955779
2.092313677602883
1.4228653395536286
2.274698446498344
1.8795023638130894
2.632158470215897
3.9758304726402516
3.4448378746879396
2.8188299493713873
2.3256694787947705
0.5767281901818135
2.261134457815188
2.895280755499389
3.1628281465508423
2.740301772102855
3.266537219020456
3.4976170589151354
1.8876026350474504
2.409605763551075
2.7089933511890494
2.2734009339522747
4.052070878736853
2.679340969321675
1.7967512533463097
2.559743022079837
2.1712904556937707
2.5316100756550766
2.3249796874818323
3.5709410642252912
1.331263991355411
4.3954171256921475
0.2670678761500467
2.568533141889824
2.2399726586337794
1.7686304098827348
1.528489429292569
1.528730198584939
2.4860525142863086
3.9125252582285643
2.5041097158312495
3.767043185820581
3.7084539254826256
2.043291116084019
3.301324266295742
2.6319785271915546
1.105077279820903
2.867420515981429
2.7898983637507624
1.2465847200740061
1.6881753633884289
2.6095233744965074
4.443196813890182
2.036327072882293
1.824219155073525
1.9952190747981149
2.6954890107052387
3.2768199140474192
2.6509192901120366
2.42558840975855
2.2753756784664576
2.803200116876956
3.302204992322691
3.63998641942785
1.980914981512007
1.99599162036805
2.8311228259222734
3.209400876072098
3.0947020822234586
2.754329322095184
4.168372163646801
1.096960603413061
1.2465432271909798
2.6628288528209767
2.354693075863274
3.3030154840581645
2.7016275115053827
2.9566031316692567
3.013024041802444
1.8537006601763122
3.252634527544513
2.880572271793321
2.9642473363726625
2.5886379544253386
3.8808270666231133
1.4512765051561471
4.295903474094717
3.9683545032658856
4.32253784719844
3.297661863476292
1.3548853245261352
2.05769126041098
3.4053484642051304
2.069562789676116
2.712651468977076
4.402249051357162
2.874800910707444
1.470075489809096
2.4911290829728134
1.2036906493716657
1.5799384803799867
1.0289819443319654
0.5383316640871696
3.859814139267515
2.1331560519182755
2.269300668519314
2.809746247532587
3.0791598141510925
1.9285314582978792
4.049432206530559
2.169122858969428
3.576496105800013
3.539557088817245
2.188656709852928
3.821842580207137
2.2249195630710297
3.078896813810612
3.5438183119824793
3.1298591656891244
4.110841047353961
2.174370532356524
4.110443574152825
2.3494463611200342
3.0076201626715133
3.5329864577299235
3.545927642371395
2.384036967304266
3.209404347783923
3.555311507543799
4.1320917021955506
3.4903510076451987
3.086624634990484
2.9730017062284158
3.395995364457122
4.514439501949103
3.498381797941002
2.1198530556352226
4.1724720030468045
4.606954753185329
3.544547238639688
2.3215505058280668
3.5199190776940936
3.5817429655396893
2.5118260271589454
2.913353740065151
3.4253248458434644
3.3096459593788046
3.39504310752073
3.845374632182019
4.21279784304916
3.1012344848897464
2.609717011559135
3.695946679450926
3.0933563458124684
2.7924331158799385
3.13714835331341
4.156210706576843
3.601566359062504
4.484577465007585
3.471497841465914
2.673441781770782
2.737215607582586
3.6772902751262304
2.792510095837116
3.611850414990668
3.854532741710542
3.7995475131750007
3.0558497577823536
2.2280206537823073
1.7455275778883976
3.131096321300309
3.612190896020795
2.6594644642207657
3.3504802009919703
4.211606953982342
3.444575737130994
3.2062722281560996
3.4720564131442306
2.455052053332838
4.327278187659729
4.252345993729206
2.4892616579488656
3.8602176191688797
3.388641643470526
3.940160953712171
3.4479344156979783
3.6945598105238067
3.1656580051892584
3.3646143112300106
1.861372993197278
3.001147887405634
1.622100224318947
4.4181958859189905
3.5433997166424187
3.5285084102226687
3.242595252576031
3.342706150954056
2.6470687014126346
2.215622243016894
3.1268346782365763
4.054698236482793
3.572570289712499
3.073903654039774
3.4272416667069603
2.22753289508657
3.5970905614895656
3.935008185552213
3.6707924022668603
3.706278385833202
2.7186230464994185
3.404544622441024
4.297145286557999
3.6738107655530365
3.6531827859375756
3.453981460911197
4.112617038376027
2.44281748251726
2.1831066750783132
3.544002049545736
3.617924732403675
3.6962576855971903
3.4690145995861164
2.09553287064138
3.8571609214478855
4.363246704886144
3.111508620735503
2.7759754029937778
2.9688421656527475
1.8489263862496697
2.910782325100429
2.232933808616336
3.2988507845330224
2.7379697047367397
3.7256972314404497
2.1930489184580915
1.8238356071029935
2.344605767518872
3.9025001720555665
4.013721109345791
2.330778656084471
4.37776787415639
2.784262708312241
2.2113009276059943
3.791119732144792
3.452224815259628
2.459383769663967
3.7924832718572627
2.9443055547655383
3.8491441075416857
2.4802742766945456
4.338592744869208
2.880261236818262
4.759969899797355
2.629762324778124
3.855323149057152
2.6411148693041824
3.047534688523897
2.574930205371697
3.0085833966230027
3.1247206458173467
3.632686681260803
2.8368961066166865
3.9540452098515697
1.435612321097759
3.0071060963899474
4.758881919556812
3.7999988148052735
2.679928958075134
4.187501811720559
2.0628860179521227
3.6060864344694985
3.770903207472186
4.162549907215873
4.947463168097311
3.809898378985099
3.31673078329764
3.286654495484975
3.180308887454127
2.3666706266023696
2.8205323116747345
2.0634937198181094
3.4327799843218183
4.099396373056751
3.1542099391077634
4.024204077120908
3.8371675393428957
4.306365774838571
2.418108313401139
3.349450837734089
3.6582324881007504
4.400448436266895
3.398030708226239
3.5813893855112022
4.09317762652911
3.1604555989594
3.827791868447119
2.544744584614706
2.3075573028942227
3.744910501816773
2.46324572090747
4.139750028865535
1.0376397883107762
3.8002142540531154
3.6181545731877804
4.53560715589336
3.307188783834728
2.28250576469408
1.3888972990501722
1.9856558032813094
3.2379417281898197
4.06820860571783
4.006201792726861
3.797860997506101
2.0050196140290755
2.509057278244067
4.10406738764514
3.23283981018675
1.3998776490127343
3.703507028716251
3.6387040593036697
2.5964225866181727
2.5462808095674156
2.0873476861955185
3.4268527676031413
2.956584002575055
4.47717773088948
4.2578134496511195
4.055164659992888
3.5829075626850093
3.5766688172695575
4.128992062484121
2.9226273228879034
2.790839168751652
2.130561945154069
2.8923218434719242
3.0300057253089028
4.276221249679654
3.793121702148505
3.9801260703116106
3.596068979236772
3.9376169105327326
2.3095245738520034
2.676139667963552
3.746643655001408
1.1859526653349226
2.9471708193101036
4.270579948709832
3.655438234990049
3.03716604331449
3.740791207227109
3.7341126072038104
3.6779461641697804
3.00572440292178
3.241533490431999
3.2403366521725867
0.8154634478673808
3.6223666803974597
3.3874996808217337
3.4352783443457366
4.306492967059168
2.8948190298183487
3.9136226113726638
3.713121594132823
1.9951438104634907
1.2825410548090046
3.130059304985155
3.7789427773053617
0.7437305268519161
2.598760139277034
2.2966043029537992
2.3325815832464505
2.7348372622889983
0.6261637242633631
4.916520845946757
1.8534656059299732
1.9490378702674436
1.697984009781658
2.9220622536683747
2.810368126164331
2.5757557603861096
1.704409599244638
3.604752674486135
2.950606015582182
4.260780728332941
0.12987603637404632
0.0
4.555930567894171
3.7074818405101038
4.705439423449667
4.101238854131459
2.3206271605341477
0.0
3.593803454201958
2.155501922154496
2.7591346795833847
3.9279288536164065
2.1461780268668758
2.7254579933262075
2.5223254069520946
0.06151314443297551
2.3226278351493956
1.9127147953225734
3.1242853336605183
0.18925068393718192
1.6868225219154107
4.581280158867572
1.6643891460936313
3.9617119580833555
0.34225735299222837
0.23971896655057368
4.370406403777212
0.6692236161073524
4.605814407465829
0.6696484187507385
1.9544594812321359
2.6654901919915814
4.095546474534552
3.0154256084500326
0.7921106995430858
4.085851583578159
4.941412740343144
3.0352684476188037
3.3678637239046694
2.95841409937366
1.7015244805322869
3.12898831992403
2.2762224727283256
1.9054320958705802
0.49669563467362465
4.172715730460226
4.785871717237412
4.091920860266104
4.3579453726640915
3.269207798939973
2.7637539074697086
1.5519454113410838
1.9563319124833711
3.1659884776929514
4.246866710719623
1.68358281979462
3.854260606771067
3.9154176174580906
2.3865840022800304
3.4525978424667354
3.192294202131765
3.3920045593270123
4.121459211027016
3.7421069764019554
3.969972806712926
3.258502617604667
0.5155011176836428
3.1328710216982367
1.752534332166543
1.9823768618248785
1.3057946583276898
3.6782630238608345
4.534095579833618
3.2037217435772547
2.20435841627463
1.285783285165179
3.2265670206746377
3.9563865423075484
4.349243180515053
2.470139058963217
4.592472951221332
2.050101133729198
3.6512446129001277
3.915813406416224
3.3296572456360183
2.171903765734429
2.441054979700163
1.5549808807032406
2.0679654313696427
2.391404308806149
1.7867157961036675
2.3626303925855874
3.312981286755048
2.7944808930416727
0.0912834464529606
4.333053409814456
4.229171743343198
1.1013915509062633
0.37671758221412155
4.890221447939985
3.2549171234062033
4.206711186284686
2.7709574263636676
3.667615117698956
0.0
4.625390947432031
3.805804938771275
3.3120336365349625
2.1466976213188964
4.910517907099201
2.399651157640405
1.3690806390519663
4.137830492755695
2.180434826989684
4.186275179332814
4.247453796050289
3.9885214490716514
3.605140136383441
2.1969616381081662
1.6756468552565362
3.2581887550486046
1.183759295031944
1.675825212273212
2.0558895898460046
3.1784671038018413
2.136020597090444
0.29064298930257415
3.9006458936399038
0.22756357801307558
3.9164110283086764
0.06469891945786976
0.6073169316191613
3.175212557819374
3.784570140049761
0.93665679376093
3.932835188859089
3.955658281279274
0.49601923221587363
0.9992187817600993
0.9209394409872509
4.185613945211029
0.6072988990431423
2.378999262162492
4.1846702617806
0.9951905418888476
1.5099301640149223
4.554311385794213
0.2964899392618392
0.38231669392854073
3.4221597954892924
2.0921983698136954
3.728094925369486
3.732806942787266
1.6174154628684079
2.475621123975914
0.5021424680755757
1.3144332175923292
1.1817030541865199
1.6611018138889966
2.741302675318874
3.8260743183942716
4.100100581649512
0.8689110202672072
2.086787913294475
1.7833726182439733
3.776979259561423
4.925206711174216
4.082981137163772
2.3699629287587998
0.3135461348784645
4.721208333533892
0.8145898919356478
4.2416961974062115
2.6280585957322575
4.888997081633926
5.0
3.781419338151455
2.0229913075997397
0.6936474360142526
3.5497347369709513
4.5053878521406805
2.603975570688969
0.8192290821597243
3.8715481890233985
2.80116282977354
3.0500825125741597
3.451941471032178
3.93202988287306
1.1755105109276265
3.4315850905823226
3.544961563528487
4.544395719678859
3.5570752224165685
0.8237361436506347
1.3411026102628014
3.9342868006633713
3.572214390454573
4.443885621487054
4.826008683018751
2.54666002456776
4.82883123838653
4.881849048493585
4.360485757699613
4.210903121556276
4.028750330911324
1.0264250385343585
3.1676082427360077
3.6351950891678513
3.152472042274861
2.9068176436386715
0.8756810723909592
3.629295746459246
0.5695820523582587
1.6249285120227306
4.167017727641595
1.6930744099626995
1.0245261942469854
2.5588871781838476
0.24604408418128632
2.1641680014095703
0.0
1.4609169148974939
2.757176945677891
2.299560748043967
1.2365544375499091
1.4624705984325725
0.8750597863995964
0.8032479454709005
0.49191476290331515
