3.8471389983600197
4.077684190912184
4.399175795941098
4.2488844227128375
2.6855056281470855
2.586922960882678
4.215614962325004
2.637833911550569
2.8043960187693795
2.624789962825247
2.624789962825247
4.901767479446732
0.7881082643532107
3.509755347336471
2.343692231094721
2.6309809383183325
3.846140776802942
3.6885642125516247
3.822862133369692
2.206695061495858
2.6550979934698224
0.9128675448763524
4.428672149621035
4.417788054587723
2.4016687425627543
3.568512996384551
2.3778983233180497
3.500727083879939
1.1827453480666676
3.5748110621122864
1.9673831369882988
3.5792448839737325
1.267645498499654
3.8006595388427744
3.0661870478317086
0.8600322222728938
0.7957893954456221
2.248382887737015
3.364136565234226
0.8683724163843545
2.5414615806541834
3.4685342694309123
3.829824332975834
0.7365604020071874
1.6749785802432324
0.6967161470627641
0.760475258186263
0.9952193299922358
3.746470836390703
1.6017960947747731
1.41737056365465
1.699610176980487
0.8568195442850666
0.7089222207889652
2.942616591651122
-0.14216591510441567
4.3570583099704585
0.9109152651100931
2.5199292628457917
2.013024176659494
5.323892204070713
-0.08549773412746298
3.0797334685658244
0.8770445993447016
3.238018979245208
1.0014930030583056
0.19866309725380482
2.4492129135382372
-0.17689825614419874
2.4305234749199247
2.1686230482064683
4.366299103053706
0.4229930056892597
3.0620453693543315
2.151463293153414
0.12373994897942175
0.6965518175971557
-0.07792935172498794
3.472744821054347
3.098703833354688
-0.05961134107118049
1.4597481795939133
0.9701315392513941
0.7138197974762797
1.1896241604965496
1.6522089098735258
2.945549765124479
4.485230593803382
3.439324378697222
2.7457769087007895
0.4486902087498663
4.220246794446038
0.27436983173271123
3.709361438951369
2.3302351100892276
1.955653689216394
2.9310850753700803
3.7880451595797737
3.328792025063187
1.5226009227065926
0.03259298489768092
1.5585096385525095
2.9881583312995277
3.4806547555617318
2.6689195411402507
1.7727453068089822
0.02687384387873948
0.9808436995609835
0.6828224118489565
1.9855844386359411
2.0115792251488447
2.732322310606923
2.5036298888705906
2.343576157603099
-0.24382467280117126
-0.21810813650801286
4.186673565732793
0.9484855584568823
0.03903127430270814
0.7544371524782605
0.7554976525457491
0.48127780297599365
1.3068173462095363
1.2221511102828195
0.6061297741023459
5.042126083583344
0.9462392319260884
3.254471202473951
4.874874968469286
4.266359170325785
3.766248244697193
2.8356792039195007
3.7057629399956973
3.7024266434188373
3.038592628901945
3.9800328119157946
4.882441143871373
2.9637026543281584
2.499357529357166
4.363115466447548
4.884377977985731
4.179697664765404
2.3426573922550977
3.328574069510374
2.253168090350518
2.986701069791483
3.9117530680634163
3.520673319701375
2.942579159217841
1.0098002310098773
2.900356483087168
2.9433218963686567
3.8698554141811847
3.4130101786344493
3.0328517760664333
3.434840677036461
0.4867074290220632
0.8979077272364586
3.993270619262547
0.96039346155586
4.946503911440331
3.3776678993951403
1.168051280788787
3.509269092129937
3.9949838944371994
3.915415861099774
3.129594562143767
3.721519264487563
4.282290425308068
2.8186317650478667
2.3577323156858467
1.0156715295750551
3.980098853117261
3.502519863972376
3.728030293669944
3.4121242399454363
3.4795321698420274
3.75746383519194
0.7312771265807658
0.22315003671170253
0.22315003671170253
2.463039158744266
3.425844833471799
0.9481361936879313
1.9878391822766135
-0.07153524726554217
-0.16491965524397934
0.6102347704251905
1.1464937256231469
0.6132662206535642
3.1673687726042203
2.928334376891911
2.7130187588545693
2.754989289342272
2.707551379185336
2.8766478841631296
2.7837263100348206
0.6185751066553102
0.05152626771285185
1.6033477904211981
0.71406590283895
0.6091885333707232
1.701300534614699
0.5703559680910537
0.5031730933813829
1.0728683584845529
3.94689434302657
-0.08562851204660582
2.9774799859421517
1.3296299799894218
0.8561558780947109
1.057204112309547
0.8646578433898586
1.252843684026086
2.079154042897409
1.1228477578488523
1.964987494107655
1.8383037287770927
3.225391515797263
1.2287491955227878
0.5200711469652131
-0.11166708340593878
0.34221420294588256
1.2577448204126043
0.020082846082578598
-0.028266374356601176
1.82251753252684
1.3948239171806165
0.29976189462828273
0.40732207165607015
-0.15945392350334053
-0.07954379032953973
2.374667213998327
2.066247751264978
1.9727411775279249
2.7428282445499192
-0.06517112731711094
-0.1414551183087589
0.1923518334985861
-0.04557689538118481
1.884928881443419
-0.1275091778657309
0.12813483084476918
0.11154265138203812
1.844626552319557
0.42214637671761146
2.3714289391335326
1.093117130150432
0.1734022553994432
0.2152480752975965
3.0531460265373136
4.0110796160243485
1.9955223541378135
3.769617513841542
1.4654652689665308
3.8296727878620818
1.7305510042529084
3.4601810914985043
2.579474152252307
-0.17089817871922008
4.185663802441305
2.9137944958905946
2.6838277681635416
4.431819356126273
3.3276029955344217
2.3928953202274474
1.8788137279532044
3.407744371575072
2.125067710237821
4.7343635105156725
3.241914293662056
2.639413210674368
1.249192812600521
3.5787070400051153
4.39104696669869
4.939466527963207
0.7410354160928474
0.16091260786005002
3.8063559164342085
2.276566109137458
0.9107237660929659
1.8172140710902154
2.8901046348575923
3.273894677236094
3.210315496653272
3.9461306526846496
2.6290034384651895
3.825099801503627
4.30647724219874
1.1160767832534315
3.987986164047748
1.6841385987689952
2.754435075661571
4.321230310762701
0.16373536554742785
1.1147874016631025
1.6393071190501551
3.6267018505029647
3.4208507657551497
3.3476800261825677
5.016732507269167
3.0544954365299466
3.2988980268930455
4.565857557262064
1.284886524394432
3.021133706505994
4.145210318964036
2.1361372238115743
3.8967783176562847
3.1600401355033902
3.1902236891461584
0.54834892825588
2.84361475005686
3.396623596727107
2.8147607903070693
3.8844575091006117
3.4062924762707283
4.083252598637271
-0.07489800696261462
0.1598796042721986
3.981450568918211
2.4893481659704557
3.8061017661397987
1.8668035779033154
3.9578589173442564
0.27295377192963954
3.877721654947085
3.245477117397221
2.5669719099778456
3.7101233790107147
4.8524476670007655
3.4573003511764835
4.259271514496428
4.055063606460207
3.4435896901014553
1.0224741071279695
4.080752203059422
3.80070058369936
1.4701989588965354
1.3387899351180348
3.5110014700768906
4.5240642064900065
4.40590242723991
1.26487910505341
2.609003148254926
1.0413082498574582
3.0987964158864223
1.353317597144379
1.9353221144629469
0.3402115687463496
1.8314113115990835
4.052214695630299
2.6582345207870564
3.7999397973616436
2.9280263806552354
0.26103135426422774
0.7897595178473278
4.1586924190170595
0.5966118240620091
3.3122749897490076
4.180623415840772
3.491730253749795
2.3862876991173207
3.22430975918322
3.7133947388648565
0.4032309200127955
2.5992745006144924
3.1097578802443318
3.093860265272685
4.443784146596201
3.5649892214691468
3.966637910551327
0.6770231765275909
3.1573165053382635
2.309899940467867
4.098848912748556
2.54681783696914
0.36119331488328577
2.8731379195927804
1.9356652387755684
3.7612613137950817
3.779787415637914
3.063246890944754
1.1841386420481141
3.783019817464698
3.4383736959963276
4.3273413822297995
2.0556478213153637
2.6881934264900504
1.5670781357497763
3.7094436992536943
1.7632319937457144
0.7826968005682868
1.494462041099819
3.5411142339264483
1.0585873805351387
1.323202306472954
4.9943205945456794
2.7893967372963715
2.0295657040213984
2.1893441091507695
1.3744624744222556
2.220406587529385
2.674704935300305
3.9825562406035235
3.699306129132367
0.7251567457978272
2.564398480843451
3.1637721449682843
2.3477488821978847
3.3621414250880424
4.500311835627224
2.5858254385298203
4.466649275321911
0.47356120716606753
2.332193771393314
0.36485938674317886
4.522372527027164
3.486997813325587
3.7160230175958073
3.7032412478335006
1.4952701462228797
4.195759887700205
1.5478574597177976
3.577162966466606
1.9964789483647278
0.09657001396396403
4.989524705622974
2.7403407392915904
2.3011435910075546
1.5463500827000223
4.8788056294133755
0.7264459855584029
3.0809279292793583
1.3009828642846823
3.6496499478086584
2.598719016527829
4.9405382511450195
3.1576951711012065
3.416643199252782
3.2843135266583
2.55611353678745
0.004469825469485045
1.9829143900945994
2.625537248227455
0.1655612324189608
1.7204652990646707
2.539934458185284
0.5024009356048342
1.677570343398231
3.5171842019088517
3.9648020269006263
0.8097469147900149
0.2509222143629035
4.64704722300425
2.6467963095675184
2.241062137968286
3.8995331004111593
0.8496121015177103
3.5696097988288287
0.9897483279287886
0.6140627724752914
-0.14547381120065594
3.4026916068070703
3.44197886354877
3.335819967678323
2.1423748212912344
4.0589279737075135
3.6609802040255914
0.7666352534257896
2.1452887147693103
1.7141434763817607
3.56256903843547
4.410209357112175
1.6454706112831792
2.8662986633707614
0.9312676610368218
0.7997141409337836
3.5927015834821194
0.6411110379883098
3.629394328508738
2.8958791436740947
2.4509754055557416
0.2866580376727601
3.6552454803690333
1.30620989836898
2.6598189502538787
3.7299172920778876
2.902682326289437
4.830014886156088
3.5791701517472
4.329268494285728
3.0277830054703516
2.903718605550246
1.1830689537016248
3.38720273740576
0.342240588302996
2.732693782887326
1.0181966522083883
4.36330967050473
3.154445718886433
3.3817136542832316
1.7860881539324875
3.8160390033459635
1.7359839171915254
4.086951269086489
2.6092376531082406
2.0100728210548358
2.842429905825572
0.34739396621266394
1.562103911008073
1.9369953451874897
3.339996148102718
1.6004087704121384
3.2661027527458204
1.1219160633489231
1.8907799030934944
2.7294502413829917
0.8609230828084673
2.8813676820391283
0.5479273495821655
2.917507230161304
4.224466152811803
1.7624831062840984
2.9871944930982064
2.3635643893502003
3.068537402610551
1.0447770743164622
3.357476392767321
0.8235413243830063
1.1235341643123729
1.0817839883228189
1.3022602854429017
1.5238002929864223
1.3463882843554167
0.22445851695235142
2.6349144186211975
2.309313208260466
0.9048624289355987
2.371947024926116
3.737207962158786
1.1190853697164211
3.291220370558989
3.869548132088429
3.8584551720476554
4.368279258531119
0.42960387915427845
2.5878731260464054
3.242150223806118
3.705673109752036
3.3359559904044325
3.1652027271916907
3.0643533169129373
3.147744741444214
2.069080148460677
3.8594120631232283
3.4255602753146217
2.003599055579744
4.501110085280397
2.702332652286647
4.338516351064989
1.796106754091376
1.7458997135771614
1.213142555818152
1.8042054792400624
1.6823394506953093
4.196852942084511
3.8306633750447237
0.6642893548822055
2.9534273500744828
3.190909865451018
2.502172007029138
1.4251359212185752
3.143016233012802
3.918314230253717
3.282632647153754
4.208231554627792
2.748444695020069
2.93769293890992
1.2338229844820123
1.6116254829215304
3.3796468416329146
1.840353514662623
2.4649188528618104
1.3541870767628623
3.0596168218127033
1.3920277425415373
4.518271399254603
1.4421156043188885
1.7894460074544902
2.3133376296519312
2.9882908254120846
3.544873500370608
2.821988541622998
1.0022808900039788
3.92082906569696
4.024750862613881
0.2679113082065978
2.4736536051406555
4.561048077888668
3.297991285442416
1.0891147123080263
3.53031398201953
3.119394786470866
2.2288759442151926
2.4889769977746576
2.2295248440071713
1.8984955048983334
3.9798409617036032
4.131194301111643
4.887929066325174
3.721493147308796
2.738735120978469
2.2843778335750047
4.000421518745593
3.7917326189105367
2.7704368195401
0.7670373020364885
2.4027145862571864
3.825999837868328
1.699993055745792
2.6829103128416625
1.0133300454971792
4.852959123398421
2.125934749754107
4.014590515625594
2.25770857463535
2.0118412403882378
3.1337966290279526
0.7847502387643548
2.9515066269166708
4.526013913629648
3.8972610420038203
3.5954784013219125
3.2612489264269637
3.2038822546340704
3.5699778870747316
3.739144973567633
3.080841014569619
3.294787925753795
1.8894958947242557
3.419643633758266
3.3063973647552185
1.1990458051785646
3.469657887492633
4.16464667069431
3.434119578991341
3.871892404182196
3.8874043436687984
2.4540328394516573
2.466808830834922
4.364706597696125
1.431617963934447
1.5361072763726877
1.7997703432637637
3.8467544130979796
3.8191255843801404
3.3212020204853996
2.9459810730137743
0.8677831402838452
2.1305391666290276
2.445774775831323
2.388931302166772
3.1704305371832735
4.781148319510754
2.4216788390197648
3.7550303031324423
4.061401047334625
4.139293677096465
1.8499935376255543
3.893430877688939
4.075530130300475
3.256590770415892
4.951451430520531
4.036408538913724
2.069752699370092
2.9438369512834512
3.8026300526497216
2.922579350230743
2.059491613354755
3.2712445637017913
3.369296934999751
3.4724885326754524
1.0292541628068417
1.4991362593844446
2.708265709383846
1.537394906519717
2.8859460011804012
2.0158143457835553
4.056859959330486
3.3674140248982454
3.712440464707143
4.801639371729775
3.1120338316108347
2.953145122699623
2.7778419882134173
2.68137870405688
3.6495534382599075
1.1190008587882625
3.9435361347356315
2.5057820127448363
3.3556573929551217
4.165451248349626
4.275742200642848
4.010240287109531
0.8741713220943748
2.5782108205844763
2.784414227921215
4.117418499360769
3.403964847736061
4.372190752204931
1.8996640763981256
2.5238223111959854
2.1979599991082255
3.4531396889374326
2.6591266387178525
3.922759589020533
4.146318809081608
3.330709519745475
4.251172856170001
4.576793416450821
3.048005304516387
3.851139592074322
2.3784508613660034
4.002042954231525
2.6270209079379825
2.9154665194644043
4.026079106292142
3.8310166061444217
3.395626412829148
2.1033045336455807
2.192718189513852
4.306333453224134
0.4332021907216115
4.175761580088665
4.2452752279177695
3.453686645534553
4.800605037499509
1.6881864066937773
4.0224448424107795
4.156869592285147
2.744450426657492
3.2754413957197483
3.675338957797841
4.432651285652648
2.151672126328596
2.910685967034322
2.23253740640326
3.8788709768280913
1.7301923491529845
3.2651402156337177
2.1729285967213032
3.6350417197631657
3.150128905499681
1.3520885949251085
3.6748824287480275
4.2874602873697585
2.80610178706716
3.506017000346165
3.8216857354442624
4.062379350447921
2.427298370209069
3.2254306287111634
3.512453889850521
4.040961824106428
3.668815776869806
3.6976668128114856
3.3242279539011683
4.142257019806789
1.0871332843665504
2.1500931293850076
3.5123874493020555
3.2297703192662013
4.400559159038212
4.8686455728330635
3.410784911025787
2.293401686625641
3.126672766886921
3.855890527183522
3.3351398968616603
3.669818153232951
2.940831366897121
4.205581583902784
4.239966318827631
1.8096242456291654
2.390107815025507
2.4805796248773078
4.1726924021107425
4.20043290235038
4.179066537774629
3.0221235722925055
4.182511976457068
2.913274801103255
3.0913880628816184
3.913282066592325
2.5720610192155737
2.379149454938725
3.718382421953585
3.502564084137558
1.5628087014099528
3.543686428326824
2.647899388231207
2.415198424615877
3.009897980873844
3.9950250662212214
2.6534270634648083
3.363393045246813
2.858860888067346
3.140597425703863
3.310411268729972
2.724163146201387
2.315583457741603
0.6868261267676052
1.5038090338483618
1.4991578872037659
2.450181243431354
2.243349238746859
3.154541753423711
2.670798772169845
2.343114764101772
2.6435486601688067
4.114167626702509
1.5767499509172538
2.858865276501758
3.098516668677771
4.318265591021465
2.6378181558333047
1.57150255909034
2.539976971062364
3.882369123632781
3.6164787315230633
1.3363283297270279
3.5890241141695505
2.5148984989327374
3.699597691937818
3.4497591758762036
4.813726634494864
3.1839064020850216
3.3336392561013586
2.8300564688948784
3.6884621808514453
4.192312381921044
1.498552829413792
2.7600426393378346
4.156422229573907
3.386207256831913
3.7188540458027894
2.6982598172551544
2.321586642905025
3.844555619288884
4.142825409172821
3.020748467645033
4.216514997514634
4.144486524585722
3.8406085969933184
2.5578119058192037
3.0511239619341177
1.6638863722311745
4.462200041900928
3.7032440287156057
1.6141568727483984
4.74432564984536
3.39691540946888
1.8169422714224295
2.6409751426469352
3.623484681563677
3.847744892705733
2.562854423027283
2.9405469939263744
1.267244205422668
3.083033695446918
3.0051482483845238
2.973589060803892
3.2712946229969235
1.6404929417396765
3.9513724760567746
2.3797035303032406
3.8794489989766943
1.923215446218249
1.3361360772237738
3.8478310550201265
3.6494924490069707
3.0853581525129137
3.653896823936842
2.183365324143658
3.6071091620701985
2.7270053693245977
3.5727158082353867
3.2653118629053033
2.9298426518813887
4.3531584816430335
3.6981299073853595
1.7528779099469531
3.7565416398507576
3.4211099148154265
3.964149271611481
3.5121899301623767
2.4395892426444785
2.315964076950781
2.9476460013464347
3.8561346837343304
4.329455231222081
2.805541538603965
3.9305753497507503
4.40373300451447
2.5522699991076445
2.2206082778219702
3.55702413980376
3.425191713883244
2.3651946328058866
2.4152620615859277
3.431721073655627
2.9234492459984356
2.148988966666975
3.45555088834916
4.257178641994407
2.705990800645317
3.506031999098866
3.6720066059157794
3.6022351727152166
3.6769174563195186
3.068579957339887
3.9408573935702638
3.177356896378922
3.8896182149685394
2.723561603362091
4.041682135342434
1.632075636941332
3.963590730990905
3.019112117204836
3.547739249938479
3.7003415314999373
3.909086186660282
3.247821964464576
2.3176220043265445
3.3030733880212138
3.591440137158118
2.716099239921027
2.8575833093559293
3.254597034744176
4.2554898673400405
1.9941570806572937
3.635826983523298
3.647880567948768
1.576246419812012
4.1566845898134215
3.2526761334605236
3.914322090719386
3.356019942759062
4.043809472864383
3.6482239291236542
3.408216770796386
4.084872128446422
3.0034408912103885
2.2359166549303353
1.5975754497878363
3.013758210065376
1.3735524142820097
3.6470708569275505
3.123635031604328
3.648966042289487
3.504879537645694
3.6066841723789427
2.464162645541884
2.063558411655835
3.8874832955075345
3.6648235712183066
3.4502789502160294
3.438227711713459
2.7878092187621455
2.3005666859171825
2.796749038865281
3.3165777523700317
3.315605544567104
3.630380204325659
2.4438750303573826
3.217349583986696
4.490981944421604
4.057713686088412
4.389450687584266
2.671393462025076
3.867550451596461
3.3155565838774272
1.8009984280198932
2.313731339605729
2.8061803398741105
3.144545324843474
2.8228466307686215
2.8250335330608323
3.2928210586993245
4.482658599592957
2.9310203563831454
2.990061576645772
3.4006767529147215
1.6090547036417835
3.0396978277863997
1.7163732641268616
3.887346989701971
3.829792226140139
2.65354478872654
3.1189510171518346
4.104043440357273
2.5153875442877904
2.5726962946913527
2.5874543981924063
2.331189855235179
3.7228717848003257
2.570081609414265
1.3670057584363366
2.8931481374207273
3.5279811538856656
1.997679298810704
4.27394896872468
2.7055425249699567
3.198972821787031
3.1751931914549125
2.9542786936543006
3.2295275722875445
4.989303622958621
3.4802820255400837
3.034395379982497
3.112276490594164
3.1765758784345266
2.6218886699079516
3.47094975590562
2.7364685258433976
3.387234701476279
2.6487417112958127
3.209940998954055
1.4551278659470874
3.833273019056765
4.877939866683056
3.6250437174146057
2.6257977885290327
4.295537678998591
3.476445031970732
3.130710495823971
3.4383106132848233
3.9760744905643133
4.918157837610222
3.6571088137481027
2.441256558274384
2.613411518617177
3.8862050621683135
3.3049311017966954
2.4240778713520488
3.738821514599122
3.617230862366176
4.111272200709895
3.247960047505515
3.7388840188428265
3.8739852065193565
3.7048740300497585
2.7011847841251253
2.941131342732472
3.7058032967355725
3.7025362849727994
2.9454930633856993
4.267910507572195
3.829825033962708
3.0141223528117536
3.2040778132033374
2.9462969564271972
3.0094509775018192
2.920216877946606
2.772237515680642
3.5874191910495012
2.528649401937699
2.739186408697581
3.2115097603776146
4.993328698212721
2.648504286146384
2.072858432375659
1.4380107757987126
2.7913190707457236
3.1758447599237325
3.7398428188517343
3.626535461746883
3.5504799892366936
2.597285698705873
4.037006668202322
3.804835035819675
2.046975225262326
1.630421734370202
2.6946531104575104
3.716307609357761
2.242183548586592
3.844088386060381
2.612433803758714
3.126405789985906
2.450986608134272
4.270315157726697
3.860411673693047
3.7562800809429566
3.366693274854226
3.206966799463773
3.106649600070602
2.49288304128166
3.5618641059056984
2.533778326707603
2.5971392151819206
2.721974972194811
3.226533147532672
3.673019318338957
3.698049826251337
2.399314410763255
3.4281261840566533
1.428753693479397
3.1441598345893897
3.432060634422063
1.2119636626630506
5.117324254472258
3.9405428217212464
3.653121138722108
3.876674572026092
3.2644367895530504
3.411651221566842
4.143120904250694
3.3334438266077537
2.8173449076430632
2.615739139636652
0.8918188869731871
4.0040872185483956
2.7188677583612346
2.1450551336471655
4.13894690038668
2.464903475564345
3.8202016941362507
3.9171821886572955
2.463091474673
1.626526955645705
3.1539867554273204
3.9204442267113517
0.7705082273556485
2.1725149111804853
1.9410339750781826
2.0930516173643063
3.237843416443207
1.646722852894536
4.02202682815187
2.8059847675913936
1.2655903947826772
2.309468896776341
3.4980038157759967
3.2770679561255776
2.3996098219230326
0.9753694078244557
3.3528555655903958
3.696091533612311
3.7366943554469625
0.27286207999214085
-0.09550077427760151
4.815068249629161
3.8186164660535518
4.080378937394915
3.627304628996912
1.9385986647569844
0.28527958585736357
1.6865436741448558
1.824711262910025
3.8812605206723116
3.4457662033980174
2.064095722787834
2.4986004053179247
3.5437404680583775
0.3081046992100891
1.993143835897607
2.5044402374275805
4.040269613421058
1.110003586328995
1.757985031390234
3.5947697886793204
2.0210827410947996
3.9269810340828943
0.8455947421152228
0.21959368479941688
4.467201774486684
1.8824214150692953
4.201267131178562
0.8691682901056588
2.7871891220076233
2.876182828770892
3.300200063288176
2.5150663346793856
0.8897197078932244
3.1856994903367504
4.811774728537848
3.4236885645656123
3.5664199730417216
2.6310938575988896
2.880026110882252
2.338973448444192
3.148322156837912
1.8323796184512489
1.0121450236039493
4.0858802529810685
4.461915261932843
3.7919984124020285
2.9321051317853364
3.6468604084524863
1.0574002126797488
1.5042554320671524
2.6502730749537715
4.671064196588091
3.949377398691478
1.4599120827126324
3.651372687529282
2.5377497584596487
2.61933687471503
2.587948498317594
2.105834858777122
1.8715931228079317
4.5163677281715255
2.9599808883656884
4.27717812258199
3.455962953237087
2.539547087440697
2.2005280824250963
2.225984809051589
0.6922870270873549
1.1674190035202354
1.859324292354911
4.177183781804339
2.503978126243805
2.626191014633198
2.312511288318018
2.6564431151459793
2.9684444845474314
3.539805134927054
2.5507337751008574
4.271901847782402
1.6918934684860005
3.0025130684262447
3.691676233514496
3.9292277740538335
3.1968241231417824
3.4085800661409653
1.6163217932560165
1.349512887112379
2.7689290631470715
1.503531526969974
2.8941085060822136
3.9269410279735535
2.5525804783162336
0.390813768111121
3.6606659259188756
3.4792361112284826
0.6521104633550152
0.8380265544285415
4.603492871334447
3.227388645073706
3.6576502516205878
4.502330346462481
3.6347228992672598
1.0017710784291296
3.606839633700817
2.051902994315723
3.5067417867927784
2.2567945974350057
4.95233172293951
1.9738315548956855
1.7995496806735272
3.573073296511213
2.4836501304648824
4.134795328176928
3.85043483803903
3.5938473556905652
3.9370995605447607
1.3411041976607425
1.4188834597880593
3.0004001063875663
1.7978110990711738
1.5762674902845983
1.931829126476531
2.0487862835031887
1.832529642874694
1.0775831244121914
3.8595632397208446
1.711220569747864
3.3910218020692593
-0.08839253336898345
0.782956895926743
3.36866058056361
4.132852777930619
0.5922849130932946
3.5365975834152152
3.0244146931779223
0.9722672551700153
0.0704484099425784
1.7684516976960172
4.293313737701309
0.984840760435393
3.1105473209131738
3.6270393682013893
2.4229141202975324
2.4638415278535053
4.380967590101196
1.047443149111027
0.3312422712305949
4.168389346662847
1.9449149023865804
4.455914822926486
2.677849784875429
1.716594722441485
3.4228776530613114
2.219484225789694
2.18951811624167
2.2101383882080032
1.8658814900932281
3.052495718065261
3.0195871426631102
3.000733712440125
1.0024084563455578
3.010434796225737
2.086417135930393
4.392708565437612
4.010059140300125
3.7398119072188543
3.339162108695133
0.8230451128031468
3.558821899788862
1.2083181654914288
3.6179963822760133
3.584899202428117
4.560906499696683
4.446805293168058
3.787088167350076
2.703882327867907
1.0498383832169011
4.230083221872945
4.572079393698148
2.300103207052766
1.445197509451054
3.322743290716776
2.370969613891491
3.2340188920094164
2.8766943260860085
2.709663728515279
1.1739897336571552
2.2996882739881013
2.2723826512133467
4.564921466793062
1.5700456797127629
1.121000957068789
0.34652371521542413
4.293937720617711
4.098201857830542
3.978582971178925
4.974761965741971
3.0293940124624275
4.638316322903956
4.6389337394603025
3.8742600812496466
3.647428143360365
3.34857621574643
1.7187799017657799
2.811874757661869
4.036514172873982
2.9257465570627676
2.1553149558315017
1.4465090667443619
2.9917765106080587
0.14989752586310523
2.2641549332115662
4.542356481100192
2.7818622063146634
1.3231842542676109
2.66317713271137
1.0724260797694978
1.8547542805083435
1.1149758596223336
1.7833844577422848
2.3144428149908958
1.6156362840909129
1.044191666148853
1.9122432582525413
1.4649603774775706
1.024184462437896
1.9098206625870713
