3.4663956681408483
1.9776321256899156
2.7647962418898335
2.682780909621322
2.1918466419119516
2.874366418972031
1.8888980231136974
1.3503518626439228
1.2555579972976507
0.9325713676333156
2.282248798830992
2.066661255738659
0.22620923349851596
2.447489265636975
1.6676403380979576
0.5530597262518246
1.0674482100015372
3.7089663877865537
1.5609211620554722
2.676332242091505
1.1615378997311585
0.24752438736150895
1.8867358249814647
1.5283607114393374
2.8119466508157136
1.7716493799553992
1.8757064822135665
1.2472188806665234
1.6465897951860993
2.5978988197534965
1.0101556593704406
0.5193723246080357
3.5462349238376807
0.48528762979960804
0.11494073818293105
1.557788545947084
1.9352359109769002
2.8466286569703816
2.4026527008765517
1.1081273536939027
1.904331296337269
1.7344510259958317
2.7625592866715043
2.0475831511327205
3.3624073330940303
1.9470416106166444
2.6028848567073557
1.8933626368896275
1.411652876610717
0.08356502698134749
1.7450837968953583
3.216498525605332
1.4270720533142698
2.410217536616067
2.174835246929533
3.0330262801836843
2.2667638461479815
1.7435150084622575
1.416718599077527
1.406842358781447
1.3078150393879686
2.0035763804871825
2.127374626306882
2.981019885628442
0.21319147275288275
0.4137254845332099
1.2570527568087617
0.2838729923023249
0.08415413104297231
0.6443938137228362
3.2294983186260855
1.6503161205248493
1.8668692088122758
1.8576194024584685
0.7858436969205731
3.4745508407549015
1.366076924208905
2.325953685673071
0.2718976297980338
0.0
3.544344615305676
1.4866108352268559
0.6070282973405772
0.19020369275156712
0.45348178800877337
0.07037295138676614
0.48915055474098823
0.7143223269035563
0.06127247465033081
2.8950963348469547
2.966357372123554
2.6795296300435543
1.8684792034367885
2.8535150691963413
2.687563037484957
1.43778739303901
1.0037152386530726
1.7554386740419372
2.291835781759446
2.011361863241462
1.6888195032821973
2.3581555257940825
1.0794638119159008
0.7028158653995011
2.1822836546810938
1.5541319033451164
1.63089430941529
2.278820005436757
0.8154427570165201
1.2974020837724187
0.05794188168748393
2.4680192353776467
0.13974253102706102
2.8380708853329186
0.41610046305307025
2.382303703897201
3.2538324383716817
1.3412396203336425
2.620335949671905
0.9174528069561707
3.096244512615837
2.529685874249609
2.6462541996437428
1.8276251646004629
0.0
2.7018014192224062
3.0134159239993683
0.8293112365685578
1.6741017854986109
0.5337368844732073
2.29348390107748
1.6615944583486315
0.3241858751322728
2.3048864071909247
0.3687224633097377
1.7817862283700951
0.02052415990824885
0.5906078974355613
2.2411572916066125
2.328380467535212
2.6393568995422503
2.0095752094713153
0.051804490778473156
0.021928569313665935
0.4421607115670061
2.5907995373666783
1.3927846821975156
1.7290988866938197
2.2215587751049104
2.7355452823479003
0.24115331026613562
1.7658726088436336
2.039695403792266
1.1407192666752413
2.436826183747723
3.1262243997042067
0.17508073562522286
0.737816500069997
1.733316262295482
0.3999093894529584
0.4734318478409567
1.7627185996685317
0.3563435525252534
1.4091811882275072
0.008297992185653857
1.9260949037813337
1.6482498689966723
2.424527237494161
3.0626253809331563
1.5014133942959522
2.3020107266005216
1.6980594334405272
0.3872942555796759
0.0
1.7340659598497692
4.198981612402314
2.8715001352177016
1.765695204889369
3.1489562652953897
1.0705553247155284
1.7147422213420893
3.131825396274721
0.5500824717019701
2.24896540421468
0.23148107385332084
2.4452891249739186
0.3597222937373705
2.171345975017943
1.0328351197396874
1.938214793287337
1.5752133285679446
2.886372479535894
2.776404956667442
0.29585294136904894
0.6536071042774272
1.256751690917739
1.3092070442886272
1.3047068957884354
1.8939849808818328
0.47646464658373633
1.62743384203165
0.18392696550439114
2.0664863589542333
1.127975863623345
1.7484642793366345
0.3233559364190559
2.0749823464348656
3.215014810093827
1.9140638022938927
3.2833073793480243
0.30105896512733965
2.511457788468974
3.2258307551200365
2.0072181575482415
1.983169649367071
0.6605695107933376
2.068905135565729
3.2751648429886235
3.0611476564195645
1.148488451679626
0.1895836187038431
0.0
1.657551258340686
3.336694855658671
2.1319066113503244
0.6945004085115944
2.4966712235271875
1.9721878526235064
1.597115857249094
2.8426927782046723
2.256823578008913
1.9968622374705167
2.925759373193259
2.5662617670525667
1.843179841743233
2.5831832284464373
0.8399416054266813
1.4176167996375004
2.3947109946960414
0.0
4.28088263025748
0.23546916597876377
2.2101597045333325
1.0371741404868193
0.007134010936220125
1.4183717569077392
3.4813848535791796
3.71720875194999
2.75561060304176
0.2738529142637778
2.3516741640791428
4.102580333238791
1.9913746009704316
2.981760857667411
3.8183690998805884
2.106384194349197
4.8078366492801266
2.0320289750284233
3.355490081458513
1.7059912412154046
3.3976048230195706
0.5090590177542649
3.393879142689173
3.655518746843932
3.795074277915703
3.619943582783805
3.3371653288526955
3.310884809513674
3.8561357975330286
2.655440073059659
2.8033481764927335
3.3216521402752837
4.495609439959914
4.073460837115981
2.8330497621576716
3.3400396451951875
2.5366728788999358
3.4963366466380355
4.269559824368933
1.0490987102206266
3.6755168315397317
2.9586424072167934
2.898855273840184
4.146861466473872
3.2212330546769796
3.4350812682998613
2.1495999901330554
3.696329786778883
0.9712673625534767
4.320848559616504
2.8101676584013764
4.587168390123104
2.63623791983801
2.225898273205964
2.943549558034548
2.6106008807362184
3.458219432398295
2.7024823471115913
3.215261365781338
2.689431859459685
3.872434676974287
2.482197354293135
3.13218191954546
1.1257024413045902
3.779076190684535
2.937086306092809
2.78897654251648
4.127941639174601
1.8925345928962405
3.216095866081823
2.785905724052299
3.462204282593732
2.5250527375028047
4.646683000977397
4.393859145381256
2.9525502460772306
3.7167817608905627
2.910990444809738
2.9193035800891285
4.699008720472541
2.901023593339666
2.7154648332066214
2.8824946250267733
3.5515014841242487
4.0859491480971
4.121033568670057
2.7303779031421986
4.867713117627844
3.3745191878671545
3.4030717605419416
3.5496902498151077
3.6818109275536632
2.200628562028236
3.6211340266609686
4.029505671453261
1.5961123495387501
3.805287342762299
0.42553987172629393
3.4721502222769307
3.421776585996185
2.8020489155040385
4.4329098765078285
3.3224707058977647
3.901079795197497
1.5080640121919235
4.702108836079823
3.7543825298276023
3.664834622612027
4.8254333419703315
3.2513157235289616
4.155964240317779
3.2277260225517783
3.5979761726265598
3.1687540074526344
3.1700826205251578
2.061126659110777
2.540901778918482
2.995450860165097
2.9737593992243494
1.8932273180666503
2.508958570395642
4.19919512101626
1.486570287709157
3.05866020271958
4.945199195851959
1.781148019886992
3.136201727392774
2.883694856428669
3.139683741062687
1.9917645943647675
3.654663583617918
3.7744881025123225
4.568022807114843
2.9539000889076523
3.2448606835585285
3.680243413745082
4.135678280619754
3.5728823242992154
4.241600894968194
3.261510649949067
3.987773675605571
2.6540978615492326
3.515819810996
3.3059173088721328
4.05991275203106
3.1211314162538923
4.053470862552931
2.0108732731792256
3.27881040712418
3.7490148096627682
4.143926607243905
2.881217023592456
4.120139362175848
3.8958725483591228
1.9762139401336047
2.992745478010328
4.343455812243178
3.844196743534653
2.986655854100754
2.453198901279628
3.3836963686463126
2.596571719522807
4.031643799838093
4.171397491085745
3.7102754224777645
2.506168833953382
2.529633732642005
3.4347169907086266
3.384997491057263
1.8099225710176303
4.354656882522399
1.4667698598507148
1.4673802108849938
4.269262657550492
2.4217933176323077
3.080872992745889
3.443142353921442
3.5065232737162053
3.941539252744953
3.3883915443417796
2.1097318193076053
3.4255220481346957
1.495351198130081
2.5986137606568325
3.4665234863016328
3.6935874049937785
2.3077792595472784
3.1590213183012215
3.391619448623729
3.1803166249548274
3.144439487145299
2.544402154700578
3.9691960817814054
2.84201159718419
3.319043042667318
3.643306461476904
2.7669976283531885
3.986329008732199
2.4748894574218245
3.6125147601928025
3.1458175108619533
2.9689091157634384
4.043847741227125
3.2803471936800155
5.0
3.449709071740195
2.931847522529687
3.0121272451350767
3.205775125976381
3.265287573470268
3.2320862170632414
0.9377344352049239
2.806492259166618
4.940764508664181
4.1613087775468784
2.3104326861720215
0.7432669282807152
3.1222948513499884
2.942683537357816
3.8423674462081583
2.0714045391100844
2.24560337257109
3.3467893996752953
2.6312964129450696
3.43147990560761
3.627188433995187
3.6240231484287624
4.573955872187369
3.8521555606016737
3.8056900263382833
4.910733121761382
4.526576671605717
3.782251852194435
3.8695724950806185
3.487472907172283
3.1508639539450773
3.8200988860176612
3.482934566473347
2.8373815880801563
3.7266298369284248
4.037071647433919
3.7148030155076417
2.451744880504521
2.6846409317719453
2.49554342644408
3.592751819265033
3.558038579823766
1.417699607521897
3.409271555643422
3.5633408092858265
2.7300541087142816
2.664671577259107
3.7853463897790935
2.9503831191542074
3.655180423339307
3.277765776322554
3.486293033395587
1.658210775370137
2.3997809213641372
3.8584892447039754
4.91074071220689
4.102329264157618
4.446768548780668
4.318701063197928
3.857334736792254
3.1471771938920985
3.3026374988028313
3.9260294395911015
4.448740072360252
4.3128595681917865
4.655899293288233
3.3847834570502475
2.7337147845769505
4.1580871239091906
1.8530242192618336
4.8840153121328775
3.9291987926446876
3.3539224158400676
4.081258747773457
2.974444405534641
1.8717914079694862
4.891423007010701
4.8174936057470745
4.970114415579413
3.70352359555891
4.999571309646942
3.247797483192017
4.340627909192875
3.8643789557288355
3.692258686545291
4.041593317409795
4.0057796012427005
4.793003894826441
5.0
4.880368562888474
3.8594523034336423
4.890121715080099
2.538961974687162
4.406535075724683
3.738914081657875
2.5367236277987044
4.732513380846292
4.019287173227546
4.623085119328493
4.306435228325313
4.114575441439968
4.991615661792046
4.255078129646904
5.0
4.379364110178848
4.338116866813358
3.753376805705529
4.745282346246789
3.990293280419398
3.7435247874824324
4.9414783439666845
3.852689215499112
4.211166965613076
4.148302510390934
4.131939164282791
4.02839704287949
3.6833605361789066
3.5871662678988767
3.9388549158524335
3.66537730317171
3.5684445480677494
3.218805848257205
4.980742643438054
3.7480876855580054
4.544193088370793
3.533227835513039
3.3375681443708953
4.703269482347956
4.317232215546426
3.610597282556093
2.6996114197644023
4.708893733419089
3.62776445456359
4.806618145257653
4.218823739326616
4.530025570134853
3.2806774760085102
4.678970353740738
4.327912805651138
4.523261188777212
5.0
3.8462793267545696
4.2528332816060725
4.927222622487102
4.656224541545576
3.5786784908659013
3.471030757857705
4.289926470322737
4.3528346594300515
4.755990569525991
2.941388520042658
5.0
3.999925003478254
3.7746828599097744
3.3197240799381196
3.042659695607281
5.0
4.3990755729139295
3.984185783786423
4.824227714606607
4.594364681529882
3.9414221350754386
3.965647324167968
4.092223763201169
3.567952903551188
3.623936959622743
3.990041941608258
4.965365406087059
4.455113186121494
4.0844724214603865
3.74148950979982
3.8241999384809024
2.989066219022995
3.4228291378565463
4.38879627912193
5.0
4.9772481128609325
4.006833365971875
4.042344909057146
4.405049056861927
4.053148407405683
2.803691445757672
4.585739272293836
4.113551342300827
3.9704087893809406
4.028571196662398
4.093190785931064
4.384969474478002
3.455155433982036
5.0
4.549460116988193
3.32337979821579
3.2469671775898026
3.4697722616909634
3.677085402227313
4.9599806481096635
3.8363831157337853
4.341956416516155
3.783557377925377
3.9122025765818482
3.915129568750665
3.6628345784549556
4.584976464127351
5.0
3.699603732542848
3.800604061978469
3.3039729835422347
2.9265749015413935
2.3805983599756364
4.639008761847936
5.0
4.639659722982437
4.759044017777153
4.509246371461625
4.258382181124993
3.2993998798898088
4.902168527904163
4.062013649645344
4.777308276673722
3.88065727637909
3.9681700880331303
4.180766306125662
3.543488567581609
3.746862599427001
3.7071465500357665
4.142788118739688
3.57805985338219
3.4364523416359245
4.162275491601783
4.235302420186471
3.8846278854479164
5.0
4.082595423997855
4.0990270958774815
3.7894909186684598
3.733217034088249
4.289249999663976
5.0
3.7726631095130228
4.486595259171349
5.0
3.2786859771372012
4.166394268757799
4.5446414477996555
3.135308163370276
3.939819184095335
5.0
4.1812601291222045
3.6283129140291526
3.699370990634869
4.01558434637122
4.658546833056359
4.435850307058864
3.080070506126827
4.3355821982710125
3.577221398087126
5.0
4.480374624421717
4.195502639249568
4.597564204165884
4.413492253113773
3.533046229311442
3.746874978216433
3.94497354254046
3.9944102601309983
3.2211873187869036
4.286039588252013
3.23323871759207
4.221432291833189
3.9606667934163586
4.6843012896546945
4.973272316876871
5.0
4.43397727421217
4.234148338515276
5.0
4.707879333537322
4.219860417342616
4.392496200851362
5.0
4.026483979490539
4.074931184735455
3.8803144225002915
3.988106121401018
3.837041049398469
2.995800481206843
3.6619492518685655
4.001027158411567
4.362738506196383
4.345570234282995
2.85947063905428
4.2698854006846005
3.50568941977101
3.9493254797582513
3.320755405880107
4.180226172383396
2.5708152826095447
4.285570753812191
3.238132085400427
4.634465241046961
3.230054656761553
3.1944905578248144
3.9686329579748016
5.0
3.5942974673896946
