3.333498964104976
2.2183010226768403
2.6404215124578485
3.1195400432062286
2.477684582491719
2.949958849947066
2.2613707759841475
1.3664657934993798
0.6902044025676091
1.1246903248265454
2.3648401249898825
2.124277351008189
0.35349105787388163
4.171630775449962
1.438471974754016
0.7494805173395065
1.037021110773935
4.139827502408153
1.4476019172815313
3.5576955437464832
1.1817315130432462
0.5806855230995325
2.247784237250073
1.5267088632642896
3.2270357181089224
2.160807361679126
1.9727323747397918
0.8074589796676932
1.276293458192285
2.9549380206003377
1.1199284240750131
0.4186530951721181
3.6871235169165217
0.6446917072363902
0.20334471763554512
1.6135410578366844
2.0107808864925403
3.000628362619821
2.551589862346489
1.2997427471984508
1.9999445040550512
2.347764236337497
3.000709936905622
2.641119825457295
2.669107826206954
1.0414470943030523
2.288486099869175
2.2444561630910016
1.8173775516628297
0.314985573632029
2.442978278551635
3.2966998492722723
1.923090070943573
2.5657548656433278
2.115585567372804
2.993833798776521
2.5850074474289784
0.9798662631976001
1.1449463674793066
1.1087126388384902
1.6106764848300372
2.0537454116864637
2.130311862728391
3.0662492191368074
0.27149868129789917
0.7207219971028067
1.044865364177511
0.035783989623418166
0.070536367047552
0.9279086821254054
3.336496725405027
1.6382387115735497
2.117961904905542
1.4117292100613525
1.1873418436724918
3.8975336845547943
1.5149701968264964
2.57950380072441
0.3856646756479449
0.0
3.569163879030242
1.7549827813018766
0.817903414598149
0.2231434109636154
0.5756587067645285
0.04423730313681057
0.5207747654282002
0.7122460576731982
0.13598849669486407
2.731799301989895
2.8752033569193287
2.3440964457851834
2.548021044000471
3.3642871619860557
3.613108508944734
1.9232936967138414
1.0519464773626623
1.4955331791082997
2.4211782910111737
2.2712658526452145
1.6959326917815787
2.249834288737631
0.985982629520521
0.8399485313805855
2.2414676909524474
2.1746335038553326
1.7248474096185475
2.420158294859931
1.2063062474244788
1.597359479393532
0.19442743055208206
3.011649255157323
0.5061753479772477
2.6929543857004887
0.37264971055358836
2.176817395410943
3.3202017882443755
1.428116609378705
2.8678228852714085
0.8149907070147435
2.4671880949565406
2.9339236181750294
3.3978282890386424
2.0719886692705245
0.0
2.1022575755390847
3.029894813598304
1.1875207861037609
1.3508424386434044
1.084543149783073
2.464416501003356
2.2620427150499296
0.5298546522090248
2.064849429533993
0.809335275584516
2.0966385400227665
0.0
0.6990623601356276
2.0763227706574696
2.853363558586892
3.1325632392220655
1.9933493255196097
0.1895988220143891
0.19312743861287623
0.5359649969592084
2.4677819558580723
1.4958430856591463
2.191854521944336
2.130446822773422
2.67877983626299
0.6512583108829659
1.640938957609123
2.476983260446488
1.4380630751743553
2.3455033725730203
3.0540204978097734
0.06391520900766062
0.7531132838246322
2.063021043623479
0.4682190351868342
0.5338671994573758
1.7402376614065105
0.5230088178620917
0.6766942026933407
0.13065992112636587
2.2168713640772353
1.2535154697693756
2.776303259218352
3.5467701801769067
1.7273133499214026
3.2639709380661017
1.820931645502938
0.4673352526762215
0.028636854842773063
1.5187717935815641
4.36589611051555
2.8431979069971476
1.8201854726503086
3.0829507413529385
1.092839072411934
1.4726732470815378
3.224520815529303
0.9856349879904798
2.334905483391722
0.09589649678561324
2.6174446344089546
0.4875601453466771
2.2951531721095932
1.118053891565964
1.9860531188169546
1.1891237001554344
2.9309960379322035
2.8064700496824457
0.969874078535284
1.0188411455214776
1.3728599466237483
1.3974554716196224
1.3495798500021579
1.816468028822257
0.7964311486987583
1.7032072420782782
0.6451127744463179
2.0656125388101785
0.7724975110905419
2.008459218832556
0.2646490763597313
2.2405676587532355
3.2237723174218047
1.8732447659125455
2.963214976914898
0.1899226946419929
2.3879514471016137
3.605962493019703
1.9728035544952007
2.3410807815567267
0.6437524331995519
1.8747180877170564
3.8655144497808465
3.2379160545601025
0.7468496245905385
0.3496501057870915
0.1079186284085551
1.642689696614795
3.2765928503886954
2.3326951122133863
0.7916593266466805
3.026450269702977
2.3212858141416035
1.2036049005696583
2.835800787799343
2.2333911720719044
1.957409692901301
3.0173595606983525
2.6400578112954562
1.5131659987676827
2.8244728795843486
0.8819501472895865
1.9125335304963897
3.1452811777426035
0.07354860288678816
4.227666907615557
0.3465224761680616
2.2704667348801237
1.2367185861902499
0.423480775779069
1.1511542668006598
4.222144318277188
3.8441637996417057
2.530223677702466
0.5473162231190685
2.1018912620917263
3.9680346035084852
1.6694981071586596
2.579733862406954
3.858180152936683
1.765196765535947
4.963787282218753
2.105192419384327
3.3412586348366204
1.3485798842941108
3.396506158947929
0.05915145281914386
3.161444217472919
3.5809506921278498
4.078573394915836
3.677797601534394
3.111250860829216
3.1875516463381643
3.8622244464059463
2.147243654592785
2.9450409658668235
3.4631606551553062
4.577065191446621
4.043541369301067
3.2642945953955973
2.4751524816021018
2.3232206864056906
3.8523236963016245
4.348089086862721
1.1180306551006396
3.4959558324088817
3.4893212493080625
2.703411930539204
3.8857329777420375
3.506278034078008
3.306515289321524
2.018356325836919
3.2979246624050234
0.19973935891746913
4.712775621011659
2.6469515437619435
4.645961351564409
2.5554808316533695
1.9231969043753168
2.906857756884932
2.003479854584434
3.9587874347954113
2.4785199028838605
2.8749079701113374
2.506483125329929
4.023811634209338
2.539014474159913
2.8499881514219965
1.42131339847883
3.712288992015317
2.8800661631878484
1.7649645340172455
3.9936017218730058
1.7266419890311937
2.9959459678866125
2.4626713335468366
3.3939569228695774
2.7023753270715076
4.415152323243163
4.559958219488095
3.067775966904506
3.7405722751310364
2.777160602278876
2.937440278872913
4.766704388242985
1.6485968531208641
2.6163610160653903
2.7515881419985675
3.6773229060943606
3.9966264569897305
4.094619368463583
2.649233516463397
4.873429660084366
2.9327352934557567
3.4104794107763468
3.4488403916086696
3.75336136761301
1.5203365174486692
3.9961026907509734
4.107158586807628
1.7318385954188216
3.738440097337133
0.284944970106423
3.1389044444353402
3.345981349444699
2.9883475332621714
4.395118545928199
3.34023701219148
3.5703885705735274
1.992006324395092
4.335836792770479
3.6761944120300356
3.7932439697056637
4.353753455857699
3.069518959904343
4.266822105994748
3.1050212283640803
3.3646468722340472
3.347509752266987
3.102351614266766
1.6068237949095163
1.9717883831823713
2.8470066266241147
2.9503952343543887
2.3902308750890597
2.105446752742594
4.3574319490124225
1.2416313972306625
2.4068590422668237
4.939866131546594
2.2800693902796922
3.0272634169065924
2.846611640198944
3.2008590510017143
1.517959469697459
3.8366402029162856
3.735400383601771
4.851582280702814
2.920721593620655
2.610232813398767
3.733208348044755
4.229450112642034
3.5151170159016942
4.348138829341565
3.05915159410975
4.023332045538915
2.6839622556083356
3.1962227988950076
3.127631440509518
3.9716651193627115
3.3756957999034327
4.13826796608754
2.1261845962414583
3.4089733174493304
4.095598543813054
3.871071724243137
2.631297220555794
3.628347726891363
4.2195938191575095
3.3569041173628023
2.482308920440559
4.131740859113137
3.8301722881374616
2.5710722777343733
2.834110460638655
3.2712013124329076
2.371256155363511
4.140767159025316
4.112644123193149
3.5052245122265617
2.4677465650805743
2.7077257349831854
3.4521030336925165
3.4013377325320846
1.8494851100196712
4.504324249167908
1.6469264771960752
1.0892211651392998
4.230367404313583
2.561867669277987
3.132730745034152
2.8345268037834757
3.4635756826162947
4.081426370044966
3.1322702771454516
2.444829239851657
3.473093621441393
1.7361294190201733
2.60655821666726
3.265957424536566
3.3171805335261695
3.1952141898307147
2.9945564553676007
3.4659630680384623
2.8320548759834026
3.2076053651618537
2.139376911429622
4.059153073659758
2.29313253545142
3.722689305133187
4.187611991631911
2.5424223496118117
4.028958735812765
2.4670470590698415
3.654197265967028
3.4327830582044925
3.1073220569202817
4.150146227885685
3.1658773977339933
5.0
3.417509652379948
2.547794948399911
2.9681914188180514
3.4709073401841835
3.40478260025413
3.193476212336776
0.7190019780269097
2.7247327272356614
4.879334390273442
3.9363512417091755
2.022075319670762
0.431144781821942
3.017739887676818
2.48997202080308
3.4251808282750176
2.182958111280641
1.6917734558340953
3.403319431733479
1.857364765267647
3.8465478940628515
3.594458125012821
3.20428629985156
4.664810679378405
3.749944180213987
4.086347671173428
5.0
4.42990186381725
3.710335697989322
3.9206229901089245
3.5910857937410157
3.524648048455191
3.704272509862804
3.2648351094944985
2.6199183976765283
3.7020655500460364
3.9402107445429237
3.9727749356383555
3.4839008594646756
3.0203300797171195
2.316643478684412
3.4367763847920827
3.945002810967729
0.9143983870682177
3.5674637445724358
3.5151820581671274
2.7496222915443056
2.521556104684464
4.026214059410236
2.994070543696118
4.007569294050953
3.555646475057955
3.5666550546279012
1.8410213518528025
3.2502366884514373
3.8979167005364985
4.913734274327961
4.242135767071076
4.574711869941183
4.18823775752837
3.7000598382695244
3.0384599347672605
3.0859067538548004
3.8496125408966435
4.600814208801161
4.430841009630171
4.570151604517186
3.6526203781783337
2.452332584995183
4.492684386884008
1.6065890092367354
4.8425722938386215
3.983228632213091
3.4319570292353347
4.159573600703553
2.4625636528090666
1.4676934708854574
4.946486769969134
4.678410909046207
5.0
3.806184208529025
5.0
3.23809116529803
4.430591285956368
3.857510326949523
3.8171443263867815
3.9628748295182135
4.185952830171345
4.938226360275266
5.0
4.94437407098588
4.00348604241718
4.757227436325927
2.15463920682258
3.8140809959033817
3.873561960373735
2.1433758015776334
4.803172900928459
4.0253292610529385
4.537971051699387
4.255455899923263
4.227459209998095
4.989603369532993
4.33249156913201
5.0
4.608450758088125
3.7078082559728927
3.815962763590825
4.4297715113315945
4.261504044118297
3.936745495324047
4.942070916389433
3.4511519699143776
4.3425133195977565
3.9427950331860373
4.341259176321273
3.692797202100067
3.837163395008268
3.616289234837744
4.009613695243026
3.7983445079505174
3.4236663073291353
3.1050242593879886
4.9782508742140585
3.7642899366968834
4.533404532940786
3.5691052258587916
3.2844432043210645
4.703683118039777
4.393595725402903
3.6940475574612606
2.2331198366357796
4.1720060431259185
3.6670054439167004
4.882576374124977
4.231256263176107
4.89989809353861
3.2611878686175118
4.758384250225731
4.464514882646654
4.574182391779438
5.0
4.042617747965991
4.478155544720757
4.929327986702393
4.671460342209144
3.4905358494502536
3.5256468621890917
4.3262868348463
4.488808538684353
4.834958421430073
2.5961297089526596
5.0
4.02248486774819
3.9071652426071495
3.4811340505738784
3.0107840360192526
5.0
4.383207943366813
3.964256605183067
4.9863133259002765
4.674962993435891
4.233101338854311
4.099291573692099
4.232019146740811
3.634866082890838
3.786453569462907
4.080643746633264
4.963132005942423
4.811020115550619
4.071268884680833
3.8612337616132493
3.953682911084904
2.8586965698099362
3.309151448901403
4.046233636277414
5.0
4.975910899762571
3.9936952550489906
4.056668997106044
4.527179493363349
4.084027698481982
2.4267670379262967
4.701703328615338
4.074939664428406
3.8982379933355844
3.8488223289527213
3.9573729818792316
4.46225979222875
3.2809141135796622
5.0
4.6702821817270035
3.3006810609960553
3.188124139883314
3.5665653370025154
3.1356389562177327
5.0
3.9411576040795993
4.425472237294109
3.7691794626178705
4.102959088533396
3.888224213556761
3.6068976893466242
4.574547710565824
5.0
3.5996171827227386
3.775921869103655
3.322988243308643
2.6826932235611025
1.9213907656423572
4.622296954169656
5.0
4.985966334247678
4.84143633094498
4.722199577713994
4.297958046682503
3.2849785293729212
5.0
4.077356152010736
4.893821421010571
4.023658879346939
4.181083440043224
4.039391555136163
3.5341133161420046
3.6114516300533808
3.9209358170883633
4.193712982253167
3.6441457698769852
3.445012496439844
4.389103248275447
4.336873550531479
3.9208328661057052
5.0
4.035414222345004
4.688320827610646
3.870387828328411
3.472898280434137
4.389003003938363
5.0
3.740557136481236
4.541085432414874
5.0
3.2595114077398932
4.143382529370513
4.62491989880985
3.0586536041286507
3.9361726326828332
5.0
3.9364699673956665
3.698477451991799
3.7074346744244977
4.30455334462556
4.5521508776620365
4.844836352041355
2.925747998401178
4.395728502518914
3.637455087413919
5.0
4.602814077404943
3.7457152755878695
4.8213291706974815
4.455350090113676
3.5880514530971652
3.7977852838897803
4.000358599213307
4.003683209860448
3.0692533232716954
4.357661918478456
3.1751622704484603
4.284152258396105
4.0810756759356295
4.752427038094389
4.972074783380108
5.0
4.580987697735182
4.252074078120437
5.0
4.7321432175909734
4.132870420996841
4.4717956674376325
4.961781025491561
4.010369167856915
4.166061315750795
4.0127534312768915
4.353242569772959
3.835196552076148
2.911973636479658
4.218354359367645
4.076672601210845
4.497577935340601
4.1621768362629155
2.6689969365146737
4.415300022607241
3.6016119193641316
3.7253651211068615
3.0536934521408767
4.44332720597918
2.2385683694321017
4.082783645345202
3.090567492211555
4.703338349300736
2.9450738911520205
3.1014228379643214
4.103707794080769
5.0
3.6174301991995534
