3.2699725194543205
1.785974385407805
2.7785390302542723
2.8254434010372407
1.9833289331691974
2.982113085135076
1.9932365906017895
0.9434796448278748
1.5733805258080695
0.6849385543988478
2.4233316569042316
2.0120973244208713
0.13542795303788344
3.8534855629112243
1.4699592089258646
0.4461430369248165
0.8860663930971031
4.005455292976883
1.0683012344191314
3.325745798472937
1.4585100387499568
0.5924235821359007
1.9456258655243277
0.9687692279215698
2.736534399620048
1.9717328402765733
1.686064737133947
1.1747764538280665
1.03334013800788
2.593601781443219
0.8555392281935286
1.0968999587159447
3.770297502442901
0.5690480239797824
0.0948523095322786
1.4142739043603785
1.593314341805389
3.0770350960542103
2.521135779422785
1.2514885799466031
2.3468445254233146
2.252527805677481
2.6005090653305487
2.2188964933944604
2.0496621677475417
1.2229686658691892
2.489550147902925
1.8465535780033167
1.3951268420389982
0.04552063048721086
2.5495785397407573
3.4525737592733137
1.9155427951076336
2.4670457533394554
1.838909261990928
3.2878439327292384
2.6045031745573723
1.0797027009714173
1.1160187488561137
1.0236168943414443
1.8728368519184857
2.4089154956055765
2.1921231576959386
3.028672009720843
0.28545941443673706
0.4553150045579246
1.093639664085423
0.1298396833284061
0.01794335857562876
1.0232250984402145
3.167902314938182
1.6502688837817703
2.1283901241815855
1.3840837194818294
0.8471420224639774
3.5999269657491837
1.6725207414570848
2.628605602654126
0.37818807911617847
0.0
3.5341130455739247
1.3243052058700828
0.684012862360085
0.30423032838557895
0.9094177092983886
0.0496851614428879
0.24283526658954477
0.6238709059683958
0.0
2.992140283890386
2.770585917234733
2.652703065635535
2.362919357090739
2.970574894670655
2.955244626006923
1.827999626431357
0.9574307784086289
1.43216710493509
2.4173128106022617
2.4110484379674446
1.715809986830543
2.2226012925813095
1.2268121091403617
0.5535272255566002
2.1239040364263033
1.665818580791843
1.761670099567134
2.211028541518168
1.1065489758164164
1.3329693930636284
0.0
2.6481860044611167
0.23503211442592706
2.8058657476509623
0.1628603378352624
1.6980519703176358
3.069970473986565
1.3350655352036827
2.649139876303856
1.0555626863603964
2.81488679683293
2.8689745754482985
3.24609998570363
1.9365978577261915
0.0
2.724096918656322
2.9739461479882934
1.178636211523575
1.462249696091675
0.916925759034591
2.378907305073888
2.2639466417508274
0.7030302086632576
1.9632902113488842
0.7336237033894906
1.8446032852274146
0.18638994787573201
0.8329267368497357
1.6034691025371546
2.7078062757504924
2.794757196201978
1.8342855856314204
0.10034900927114895
0.1874451884393766
0.5695809896375794
2.745441656880537
1.256826426708095
2.086990753635895
2.5493347484791187
2.9371849768707463
0.30324415038543173
1.520590897770113
2.4084701841042104
0.9058458575859236
2.4086699591149383
3.0383080421431927
0.0
1.2860732240663852
1.9748129809829822
0.4313854550399372
0.9106462253085186
1.6866869110278844
0.6264407027573002
0.7394725297884366
0.30811132702452704
2.0971932030790086
0.8884953687512509
3.0649213859905515
3.444706755538
1.4570683359976402
2.9902330770465255
1.7273525837949892
0.4888852568822204
0.02686551474926821
1.1620037297179524
4.321898650428629
2.2746913818660417
1.4628127487202323
3.0168185660282703
1.126717745990952
1.5923184442121612
3.105099685986552
0.6415900651350557
2.4434642659997152
0.25307182367233616
2.3420011646926255
0.2538133391618731
2.4552197407138507
1.281945075048988
2.184234432238476
1.2357269720849404
2.8940332082713027
2.7898604338665294
1.0479819310259233
0.7771968254231256
1.4962305209610565
1.0951444708805058
1.4913264884722752
1.7683232285824675
0.719466569616863
2.379721520071449
0.24423152064920847
1.671188916780274
0.6829072571178687
1.48772788146961
0.0
2.1713998809314248
3.195056999408088
1.8425656694768693
3.1360087388746862
0.27401689346569236
2.7766537251753576
3.51412677239221
1.8087234991063428
2.1500830174084413
0.6648612378102927
1.9388667090133753
4.067373279569303
3.370585497172449
1.4260329379979242
0.2500646018630237
0.31782955837841365
1.4622115994814566
3.3295439823093105
1.8814681275732215
1.0047189069135742
2.5714804613587816
1.81978754003206
1.2795357381508767
2.58842254127493
2.1010638246157285
1.69811452302843
2.79562233955226
2.039766127079922
1.471407303598035
3.08567191557362
0.5509414446374168
1.7415119986910172
2.356228546371277
0.1579660993842895
4.088947888258481
0.09538945839153021
2.0581008460199826
1.0328701762724608
0.029497735091048777
1.1193556285601505
3.879695977261548
4.252884079370595
2.3747264499412992
0.445579578937249
2.1644547496415854
4.368103172657165
2.421664968278229
2.86760236318829
3.613745138767264
1.9836646676005076
4.670134244116085
2.218373862362732
3.264518490053355
1.4345430723041377
3.3696418021748755
0.6902480782419504
3.170596928025539
3.6374931328301656
4.25286555759012
3.700046970614274
3.147837883388327
3.134986360256498
3.729546265905647
1.9860772027601856
3.2356044164412125
3.612498491433932
4.55988837900491
4.073866077131505
3.5876782102000178
2.6295829385409917
2.4233917965541067
3.804896722357178
4.2573854348747275
1.1353120052875953
3.7546961101568357
3.3282163899420354
2.822606315730006
4.016875519300022
3.566939314756233
3.528869740271439
2.4395882470664887
3.4425327162927957
0.8186409093601343
4.38089171550822
2.3736868369554074
4.6472098653226865
2.3993230985715783
2.268176037015074
2.730252257954085
1.9610753392523963
3.826491955955653
2.8538233347877835
3.255865850483424
2.771354997246384
4.244890133743176
2.619236702067788
2.9495290493216757
1.0221086444646021
3.8141339035992488
2.678492536065569
2.1393554363715737
4.13324280420975
2.1231264172056186
3.678450929439826
2.3996565117985327
3.47254734165832
2.4388264002734203
4.485390271729749
4.395863046908936
3.2027686283084265
3.7332786884275677
2.867822424985448
3.4763297008445946
4.747169412177847
2.67214583474766
2.8587783241688953
2.8513823177745152
3.5657385513222195
4.317901744845678
4.219456921248771
2.634957574393546
4.855521133842302
2.9738925935143996
3.4663261864846717
3.460703558814437
3.714461213310919
2.237109823722527
3.874257009086726
4.06162245711247
1.9707813196076176
4.022469696183585
0.5964697906308418
3.4911976405904213
3.6038310796181108
3.07152766687836
4.6610204462471
3.234391906033075
3.6849490381757093
2.3717117782013375
4.628794671035671
4.020839975830306
3.7612194618577917
4.762855969883354
3.39532119365996
4.1755816708853
3.514741317228747
3.2600774453986716
2.7262529262793507
3.4258975260596785
1.594133170643538
1.9177584251806439
3.0429386689090663
3.176835240185774
2.3936729342222023
2.5464525793365667
4.5213471197783335
1.3025722046127515
2.295780155190563
4.951781370480273
2.2349605483837323
2.974934733020312
2.9641207014003825
3.3973572153802394
1.4728707480389789
3.7803152504271864
3.917154094370879
4.959457113169599
3.221636609924495
2.824911725685844
3.701880830930655
4.186770651356369
3.980113260117541
4.408057089863696
3.275657999331152
3.889424977130055
2.413084530254004
3.492523769372518
2.852793173718048
4.043158598466555
3.2530799343405263
4.0564874855258
1.681994230968613
3.2297956319843593
3.9566772725509125
3.6981507168579313
2.479283103465427
4.022026948988277
4.134186164791593
3.077257794417534
3.1102101078629474
4.267155071440307
3.9842432166954396
2.846590769003548
2.4046027249228032
3.6467218725688966
2.423382016229432
4.094807684474851
4.410814933896688
3.680768226309432
2.6713272528499132
2.539911842422846
3.461001474246096
3.4347086918360006
1.6541477229249681
4.595419056104923
1.5705529800092608
1.4254655068545363
4.348330292772594
2.693406346022307
3.0133480266075594
2.8060092080287475
3.2507112133351725
4.0445641316970935
3.5836141951860654
2.4930439049249387
3.56554524820222
1.5997899484565965
2.571510533902689
3.6251047254577102
3.306836881518059
3.2663025634478515
2.996318066216709
3.444689950331316
3.0017367751451545
3.5160721734226357
2.1494758368517495
3.976197040086298
2.1319858703852432
3.5638396334747213
4.227391296715311
2.9001099756573936
3.8355896208851092
2.72613974485224
3.487145869776022
3.763681459733938
2.652528619811669
4.059270887290353
3.021072868217068
5.0
3.697393811033969
3.0693805464482793
3.0982923427180893
3.3163780264123446
3.402077040436076
3.1464280253590644
0.8871630856563189
2.612817933370941
5.0
3.764600163741612
1.8693600764867713
0.6964570674571251
3.0858677656139832
2.8621466037134624
3.862377840029758
2.140149384674892
1.6188293544715935
3.1402966295230144
2.0226829776500637
3.795699963562548
3.5902552835587542
3.4447975849888977
4.707467221694877
3.6622794152431553
4.060136639895113
5.0
4.425089455336213
3.8887065952345736
4.013062600242968
3.4514988925272903
3.5280296585354662
3.840579920755907
3.668786113431402
3.09371727385399
3.7123018248309023
4.049488906752124
4.214241388893008
3.1882876056673624
2.882924203953756
2.340557191033149
3.891414413625874
3.661349028065466
0.9912145921407574
3.514647242990769
3.449394440571112
2.5137795861817267
2.568722239992489
4.426404938244396
2.971377178106472
3.9866301619379954
3.2743941316675986
3.5542350116045043
1.6706591746629516
3.2438019086893632
3.8282619790092625
4.901186574770154
4.248643207511812
4.523003608703682
4.700975004633527
3.779183842801494
3.0076156411352386
3.2249746530337617
3.8580046965421886
4.586641829826547
4.427016045948655
4.644389813867001
3.6001187491665974
2.2286179807629267
4.6992396190938805
1.640408555999507
4.826480986549818
3.9799283018839873
3.3575308085653504
4.156040352022259
3.007596309120707
1.6319608566227972
4.975429013297273
4.92695842928881
5.0
3.7790867508334287
5.0
3.4210092198915234
4.420594989634758
3.7988360623689914
3.6832461855919547
3.9472222637418852
4.182415527400927
4.813259665825974
5.0
4.918945950997028
4.083787815208474
4.9132856577944395
2.0373319974552473
3.7844964633654214
3.6687419585904664
1.9441013668203484
4.724058455098081
4.143203558147746
4.967197703070845
4.394312125128529
4.145901473066502
4.987298559456548
4.257950747676915
5.0
4.616143251626575
3.7648939350632205
3.7853281661016425
4.457556520027232
4.182660421053086
3.8883907889873015
4.9368452518985855
3.6194733669799533
4.294608502671597
4.25880386462854
4.498985952805064
3.7993999756719674
3.782788319439504
3.499100608774391
4.104111138529333
3.574485143090399
3.670649701669632
3.08855676145388
4.981010118703399
3.777990377176444
4.524831202705165
3.545024590755851
3.2492583977174547
4.4789992820133975
4.425991730128494
3.7793967180290124
2.9530986734518905
4.167566273928578
3.690840189810949
4.884639087776897
4.524764567617517
4.863892444843465
3.403629789750312
4.811924980003589
4.503606272044529
4.575024595552044
5.0
3.9408457995266346
4.362679363733065
4.916416360689507
4.635737378343862
3.6095948786361163
3.562826058575787
4.563617508994774
4.490522844329313
5.0
2.8312899199484534
5.0
4.044858186337002
4.047906735965675
3.502051368489333
3.0397587019337635
5.0
4.379217145722528
3.9129940832637047
4.940145385465641
4.677403889910863
4.237869147243252
3.968862329306326
4.206004244573869
3.6889872072887258
3.7485637823760243
4.074421802720401
4.9664786559986425
4.671488431541512
4.12729119220073
3.8097804257995094
4.0750286308403005
2.918365492260456
3.4474261076180213
4.1993454173503935
5.0
4.97344927291433
3.9450481935155395
4.1747931521204436
4.5024480202343895
4.050013347453792
3.037749813516534
4.577318944595042
4.323607781655092
3.8891843043157266
4.028139394407525
3.9787771595631867
4.413601933581383
3.310568375895585
5.0
4.844292292853716
3.354126586731205
3.321767716052129
3.562550595009192
2.9120483801624815
5.0
3.8896070842699686
4.612196343412741
3.9514436840247456
4.05631053984137
3.883618560830733
3.5494824025097884
4.659767900398691
5.0
3.8539012692634813
3.673673954346633
3.305606340387193
2.702978608537485
1.9596766797799818
4.784831192484127
5.0
5.0
4.8299140095874264
4.726196807288488
4.25861335502784
3.1517240695607853
5.0
3.7890737934869847
4.886713594884334
3.853398932760747
4.136377861836735
4.286533770350275
3.5267242885496373
3.885083843635144
3.8978671173363537
4.182071013457993
3.817014794726127
3.4517161758421366
4.321767096020402
4.198032075582795
3.874297078607178
5.0
4.122311629321921
4.677948499698928
3.86849876205018
3.277563266027123
4.3076522737400325
5.0
3.6761323223117444
4.5251324813155875
5.0
3.3727830375557915
4.126837932036032
4.637763911664557
3.0887198167063232
3.899668464840346
5.0
4.270537274749465
3.664252165807511
3.76029808915046
4.007445836270968
4.521568957792454
4.846469358168186
3.016843480483672
4.3761564860498225
3.4302154215356992
4.9949114354122415
4.59505686077798
4.04902044083574
4.793941157785561
4.427281056736867
3.3499237191060374
3.9476007950904446
4.031303593298226
3.8752740294220303
3.2690240625617264
4.341890894145273
3.194160453756119
4.370384288827701
3.9941681788523127
4.95293607355854
4.969806217962084
5.0
4.512441757711635
4.562863526643021
5.0
4.700021864223231
3.966292596974988
4.712058553491595
5.0
4.011331057348592
4.110594338823937
4.079183046043987
4.655623611313466
3.8363497128277544
2.710268190413835
4.432005679865583
4.0318911482994295
4.445915795567252
4.1958008605204995
2.732381398205426
4.526851380955371
3.5731395946002635
3.570713303826359
3.2049112956657737
4.364320497375012
2.0279625900366725
4.427041180115708
3.1336604253546056
4.725709138255446
3.100770081556796
3.042621988187129
4.001281808443856
5.0
3.7988751749049
