3.3504721571262666
2.0588003839513904
2.3127371124002396
2.93977340688424
2.383414105489071
2.9651028619172353
2.096774049408272
0.5872080781593365
0.5918214064886211
1.240104709428967
2.5208225433713
1.9401611778748749
0.38112662563154953
2.396408692326763
1.2195677668873455
0.6455887594494645
0.9652230156823951
4.008165212202994
1.3054719561943646
2.1348265538481046
1.0865741548562273
0.4560743944153576
2.076843954344345
1.4287501321123
2.7373508218764373
0.9617864717188074
1.693146589060935
1.1090561645826977
1.343546587301547
2.604020620341225
1.2184040346827107
0.12258440147971084
3.1498295793795217
0.5483364422278403
0.10196057867277131
1.3382678973165885
1.7484734670041508
3.0088116432237273
2.5864915811232736
1.0650621654536796
1.7593102655420811
2.3606671064252085
2.877466857177841
2.318207294318957
2.4585416025037796
1.122373831664974
2.4217958216576934
1.9312203847010683
1.348100154192932
0.41173541230145827
1.9288409711404573
3.2681831503943686
1.1699489298803887
2.5135027049323897
1.6930435349260666
2.472055942729182
2.439274252255996
1.510003585288563
1.1452463023669683
0.7424161273922831
1.5219028960427867
1.971537096705345
1.8680764653864277
2.9929384912373083
0.3799213260122134
0.5327294897601693
1.0860096087804127
0.19077814485768596
0.4827747606617312
0.801617775018767
3.258527587486168
1.2198771199393807
1.535021396400592
1.305893217712428
0.3826232481934053
2.972068645768336
1.2056977723515179
2.388499897841027
0.3637766538751326
0.0
3.64422478404217
1.7559353099048682
0.5939810570071107
0.47187328438688536
0.7302675760804906
0.2580644456097094
0.4191860992333123
0.6600710267799219
0.13310878722592645
2.8119322665116018
2.8100171613261056
2.416332678221612
1.7120552221818042
2.743521565561001
3.400734101717693
1.582066677189933
0.9847038843011238
1.6793589257007764
2.4130401673209194
2.2230611761903747
1.8394344990732396
2.195121294048808
1.0898503312028371
0.5028500646821474
2.0128731904225576
1.8710561954923197
1.5748932268308213
2.1881772990963784
1.2736414239816345
1.363140778626563
0.18100305516807436
2.8561202120456857
0.5551378920806844
2.601051975275209
0.3015921309395726
1.4360337441466104
3.0456072867650663
1.0654443815539036
2.882549782249346
0.9495211146760643
2.3354700885350406
2.2464563995176734
2.957387385440623
1.8127639937333673
0.0023562347059968847
2.1095366358190377
3.0697390487328464
0.8845351555569725
1.7104547635475431
0.8687210401156424
1.901950194737265
1.328329269350687
0.35678940004987436
2.263566753869619
0.4978765123562543
2.1435966710911716
0.0034346899139496845
0.45705467478151474
1.66463981551036
2.7635412849154237
2.638534286840664
2.1168282865961787
0.27043629250883794
0.16071532497477148
0.3632969992490207
2.5122773602967117
1.0954096759668677
1.867346410025893
1.7226652772838353
2.6492552741601516
0.43970079486089486
1.631548477409358
2.51587491775921
0.9562898875025969
2.353586281135347
3.014044360859228
0.12236039959068035
1.2677690236213561
2.099017249519801
0.4090003998143932
0.6356294770629394
1.366435669015677
0.17612068929665736
0.9305977766791156
0.0870367422045224
1.9848473839531284
1.5363999834185702
2.6559219389022433
3.3346880538740935
1.4873014342600446
1.6756927156567205
1.503582787230447
0.3248939490606564
0.10399580674930076
1.2175677327844288
4.155552671636362
2.84646123696906
1.948031512014038
3.1377103013427545
1.2001169382561276
1.2826666016867396
3.2889843470147726
0.9964215161310339
2.344807981606704
0.2670443196899488
2.4250999675198104
1.0381904361384404
2.072999458590421
1.0923826632289366
1.4176459578052676
1.2081243130286918
2.9008544184592155
2.690021383529566
0.7510228315987579
1.0013398050223945
0.9628844055663042
1.0727594033947103
0.8270998663045124
1.280257332670698
0.69436423955779
1.531433490930117
0.7402956394174443
1.3155570533370746
0.8867678861726322
1.4559709916338808
0.28200866989538764
2.09103811587831
3.1032767356819564
1.1446366670018382
2.9669527159762312
0.12128141110680457
2.1738765361686676
3.473725937365214
2.1040952921837297
2.041940055800585
0.5736907278060717
1.975025215335987
3.719198626513891
3.246721540550749
1.0975070228051405
0.16920782855917804
0.13419682041950876
1.5913267375619615
3.138086445204981
1.7956027692768946
0.7148606159919073
2.706464973588777
2.018553341187695
1.5393563407379507
2.676492559871318
2.0303015164001907
1.7856309570459967
2.970656934951312
2.041627073691303
1.645470086853803
2.6433142261397906
1.0486192612366392
1.58830448201545
2.9056686687455455
0.12461648203021736
4.059022935891908
0.27080307673616955
2.037568088670981
1.0349625206770814
0.4053142126742817
0.887914585574362
2.5466031258016892
3.783367652049063
1.9125511668285544
0.41024445916834407
1.9795820822832628
3.9959405604104434
1.4454440517331666
2.857084255255896
3.640148492715057
1.5730048722044085
4.586771727441275
2.1350837329256676
3.4380557112626073
1.538202352602455
3.4352991153107313
0.3081268749992756
3.2714791871359497
3.612370400090236
4.00971238273326
3.5178904319932984
3.1760000159489588
3.3484023488435435
3.8762345427424636
2.5031854578293435
2.988870915133579
3.5420547065718653
4.570562852103959
4.184160036267277
3.2401539683157923
3.147368233625614
2.3918294820148676
3.515728799424399
4.414735917125371
1.154532811601823
3.748383414838931
3.395367676308102
2.6377711965482193
3.9464887886446265
3.3680580263748867
3.3088047933621114
1.8691289142888128
3.3147283875725835
0.48117127889589395
4.52247081139202
2.8647010137680384
4.627358741778385
2.753929405298
1.8914962529151371
2.79790599609088
2.4072192947422417
3.803936981041635
2.570299085190496
2.7786353900612797
2.5236582513721766
4.036892997481613
2.622169302200871
2.8925075505997286
1.1188701518803132
3.717733658053352
2.95820069650041
1.5189330443808207
3.9868271907086426
1.6473631418086871
2.7211852196690005
2.5065449119944505
3.0293439298121188
2.7648240557270087
4.33408778901173
4.595769733059545
3.0736294062698777
3.8323089735796794
2.79891227128864
2.8656199804059925
4.726091611759064
1.793654634463029
2.6111218017031925
2.918394474746745
3.299083128396405
3.8053913806234876
4.269177693507243
2.773123140992337
4.863226525383813
3.2539199204230878
3.272323255924772
3.3694889333181353
3.6888726587080614
1.7677331050888843
4.005413572740513
4.116631573175085
1.4400066219261138
3.298325385595885
0.6748140881623546
3.163445254342645
3.06278050615913
2.986601241523357
4.428837314734278
3.2984241744503437
3.454524470849816
1.9282946741745495
4.3916942645367785
3.7076722462883547
3.825391262085952
4.1432691348974915
2.8967710859099514
4.329520950238693
3.037593829821053
3.5731061973699214
3.536514159818613
2.9704409200410256
1.4998442217626764
2.114071046785324
2.922016771925681
2.845311420178864
1.9229128747151638
2.180396082410863
4.379767738836688
1.1757295598187103
2.9047820790635024
4.9465774609748605
2.4498430293567397
2.8675542114051753
2.8862610379024263
3.0960490485993235
1.3331462448969742
3.633756221980758
3.6936537244357455
4.690805421610581
3.0445402624846425
2.696512610502933
3.8085727329135297
4.234491458446208
3.5253143013759685
4.13206281771424
3.0974880286606608
4.062562834299322
2.725531559625968
3.450806588193257
2.8244764242204186
3.8141320776544108
2.8493071417257996
4.019933017066536
1.6593445102917184
3.4054001861184284
3.9120823825813718
3.771379556430138
2.7369067786413455
3.3339413910431945
4.037199922781011
1.7025123925797037
2.4291565439768776
3.9730259403020485
3.830456550554577
2.7731580835431915
2.308225082050275
3.2529709180862527
2.103733187835066
3.7485022664069634
4.137549310670704
3.544221494352617
2.2407109827425318
2.3550382730469908
3.409169795357667
3.492439119666092
1.5606329912186727
4.301966189866374
1.5827505113015878
0.983667720387474
4.145301416596884
2.467376168377105
2.89035085409595
2.967692228794669
3.555184981499761
4.111169233560607
3.1594439009649777
1.7398247721118498
3.2354448601981476
1.5670303531685914
2.5797548669844845
3.2266881261479243
3.3216520504081375
1.6166770595540474
2.7895024421925045
3.5058787168241183
3.020094307517444
3.1202715077657404
2.5505202214736444
4.107577360021499
2.8015946538314624
3.5058105702371423
3.22536200317563
2.629037641839301
4.173369516387422
2.508830626379752
3.6795003330165175
3.5455535411698493
3.1639120594188883
4.157065656245387
3.1535453704628624
5.0
3.20222685483768
2.7469185873261255
3.0051562922897483
3.332415843082562
3.3963887226494274
3.201513948782794
0.7741082866650946
2.8880957701332237
5.0
3.9449916276699257
2.2611113188111753
0.7835430127478535
3.0965460364412474
2.60251697199723
3.2832342604084888
2.3568910489187447
1.8972336960739373
3.2083158318922758
2.3198034064727553
3.7025042101317753
3.4390656367635346
3.186295482053059
4.575926758187667
3.94751140526476
3.9194135355864903
5.0
4.2325603510672964
3.544189369066861
3.81687339224045
3.7132135122462104
3.0178574536929377
3.381767354608262
3.141003233838174
2.6934536060184344
3.6651709785128093
3.8907730747213067
3.664162238348955
1.942110193208291
2.1001482540999463
2.3136451097336606
3.3417918457786344
3.553535646442808
1.2489384162798676
3.5540386859658186
3.4421127280107955
2.52371494993377
2.5840003230066033
4.003379524300098
2.4846861476037825
2.5195316458649843
3.2207339368582284
2.617481334579364
1.6998784229722876
1.8031505175233147
3.900229477365852
4.907255440355519
4.095977568106211
4.5242724546473285
4.099410854129926
3.606447838332433
3.1603730643840935
3.0622091347138154
3.9624265790196853
4.600572868531029
4.327906387836522
4.501499801749763
3.275867937013346
2.782231299841354
4.455103167197355
1.8289737468314453
4.888254089383222
3.9660593803723545
3.4567947053834596
4.15219268788982
2.629243313442932
1.65187726253921
4.75484363251605
5.0
5.0
3.844212805925914
5.0
3.186085390665636
4.405633523048711
3.811980137477385
3.8469482900238434
4.011020953529994
4.231746569881527
5.0
5.0
4.92556409937868
3.8155513236816114
4.816742993782747
2.569805171886107
4.057321366928567
3.998474701493291
2.614213765058726
5.0
4.0073690667386375
4.592818947733353
4.133321825350191
4.236680162413546
4.989920462749082
4.250686708541619
5.0
4.389112964826116
3.9873106437486685
3.764332658011033
4.464472914733318
4.161944271083034
3.77372831833262
4.939721543392765
3.68701804581318
4.288049875899303
4.045474907678504
4.245480582972893
3.77413567909083
3.887823963603407
3.561530695788215
4.1226855239055675
3.5539908118425005
3.425601018323449
3.1785140858416847
4.980562859593934
3.692630532530747
4.651187144015542
3.613329877579017
3.257258926739106
4.517101580778811
4.207910158305293
3.6606294940651383
2.467249076394215
4.142773348324103
3.6663158909707017
4.867836534752457
3.983101713155567
4.677201794568217
3.3019683965930477
4.841012220776183
4.424743051801333
4.566909006362818
5.0
3.9297600961675636
4.459233846081177
4.923267572775704
4.734727025089572
3.596955194919201
3.5653803831915853
4.366282255513405
4.548822546533022
4.586941759917157
2.7766322644510852
5.0
3.9014956838148978
3.7116273472301105
3.1613973910129305
2.8954870437790428
5.0
4.16673286195464
4.0983552031659345
5.0
4.603497664015717
4.05238222215877
4.133430364568189
4.2295037105722
3.5847068956301245
3.805128818185378
4.036702637423489
4.965431969638334
4.741026579531625
4.097626824361989
3.8735860991388593
3.7735016750305883
2.9536960210698
3.0592153438127143
3.996273045407677
5.0
4.975752976689516
4.093654245387296
4.02438078997475
4.473143365284657
4.077724547073495
2.5642277170344956
4.437742826371928
4.259616539428781
4.024985522358773
3.846096579033923
4.084050970871293
4.411824799622573
3.196904659948161
4.9940091374142215
4.645840648755237
3.2574593102040668
2.9531104720250783
3.459520087959402
3.3184491044249826
4.809335724837919
3.770350673896428
4.262481915542893
3.6413671580859885
4.02794501252446
3.9413272958078887
3.585507980091738
4.548496054105898
4.954331608372628
3.4655129531872193
3.760382106064317
3.3740216939096266
2.742168118642664
2.4121685683630156
4.603448541422808
5.0
4.780801879779472
4.797163040704388
4.580940203377737
4.406561415789992
3.1444957886502083
5.0
4.0566924631817445
4.831046792715289
4.0518732727493765
3.9757782328258076
4.174548808797373
3.465951366599808
3.5930207000697303
3.8318759320915534
4.161939244644263
3.3855449856193944
3.271177346581319
4.287972788337371
4.034256191027507
3.8445472890143764
5.0
3.9342486713529086
4.188602885454931
3.8539671884906648
3.662502346561088
4.417920882560332
5.0
3.6933616307474155
4.5645808961769605
5.0
3.166478450772499
4.070982171804748
4.510875913582869
2.9700686871495394
3.9712478788276266
5.0
3.927895798166383
3.6867498323751215
3.687207769680154
4.220897934577192
4.563041465744587
4.636692844234635
2.930922851301351
4.429457814275776
3.634390767390731
4.873850219335208
4.511227822534324
3.808457002625336
4.773757289561261
4.475340170668049
3.518047348538624
3.8759783748036982
3.999511155210521
4.00283700023503
3.1186523850622843
4.249474293944073
3.145871812843507
4.2334106477195705
4.149386001484577
4.650040969493376
4.971893867848654
5.0
4.5021148159340685
4.209134944491155
5.0
4.7747674786698235
4.03823635100751
4.304910343946713
5.0
3.9999478682180376
4.225524902330041
4.08306490658767
4.1066917840133685
3.8165855344965474
2.9010111318536618
4.077178760409422
4.116036165881352
4.446556897770113
4.284818934168784
2.718760742847917
4.3111597419999415
3.590245898968111
3.4706376681795748
3.2594219366121466
4.329391894924215
2.8120899624812603
4.19358812668957
3.10226397716107
4.579287614593974
3.006974399616465
3.110509794318209
4.113924112145448
5.0
3.381571980770624
