3.1501198791967244
2.2968815537841714
2.694161900862632
2.314565942334287
2.2780587209909253
3.0999562042631794
1.6316960787184325
0.9657174731819893
1.6913654420323203
0.9505883823812811
3.2803250663681753
2.0478992240504894
0.1851298094960825
3.6875146986138914
1.5895560972128135
0.44589897553765523
1.281174345637731
3.678926167047564
1.5615870330477275
2.6653215697258648
0.9099649024877419
0.4264930576335595
1.4113204379238118
0.8975998919315042
3.086028737340807
1.6676180712886235
1.0769990458867815
0.8044268952911446
0.9969924502698895
1.3457179511311128
0.5758180388431491
0.5763344216353312
3.053168034981246
0.4057608682266931
0.10843672520554737
1.0618831167868654
1.5022842601836093
2.8474790536254897
2.160292948861887
1.349175436669074
1.5036869640391917
2.0100131490673725
2.948783147852266
2.0990972126214373
2.2594624816409827
2.100976978346754
2.430335029876084
1.9161253675097267
1.5207001704117786
0.014001748480332754
2.140050003370521
3.192943620700156
2.3894889568446196
2.4019147563084733
2.2468592372651752
2.953645660657706
2.381452147179356
0.9177143115956932
0.9828409801696731
2.074162517629643
1.2937237464734448
1.962671394301374
2.1060011223743276
2.7905703229978336
0.10638884893404388
0.5131348569162939
1.140708506899676
0.09849301511489861
0.16865905027308203
0.20065144550604108
3.0042488319230074
1.686153328699758
1.6197951876691077
2.1091426047467
1.1589499033705981
2.560750602170181
1.8020244385098216
2.1739762205547253
0.16540743565950944
0.0
3.2596199787187947
1.1283590478558592
0.6532807511382668
0.17593847677344776
0.654976221106609
0.34927438749734874
0.8046823095312776
0.7489517810128206
0.034688732666986244
2.88779724188276
3.199590547173444
2.083261272852823
1.915735456269736
3.270054530449798
2.1559384487553857
1.3117072307246938
0.8208983483029595
1.0213224212461978
2.263361457414362
1.9352632779670467
1.339739052287774
2.254184508124073
0.47632647039695186
0.8529658265135112
2.1619668261845
1.0861267722609043
1.5434330349119199
1.8494422773776762
1.4542643107285826
1.8186252650505619
0.0
2.2727922033578363
0.0
3.0064007646914206
0.24813605830505558
1.6196893895426443
3.289452636029047
1.3280159515081746
2.428670604772595
0.761201468730766
1.1792913012011237
2.6788071934195354
2.1822809922252215
1.8437482717977058
0.008674288071629732
2.88434106423364
3.3545542432932898
0.5954278876402128
0.6994421548644758
0.6365327436523711
1.609856632308265
2.0741285828104115
0.20986548293931584
1.615975060462603
0.4189788976360216
1.7105514252168064
0.2561339631484332
0.9046450065481979
2.1445107470217764
2.096623814173107
2.548920910578925
0.9379988040897529
0.0
0.2881660271659099
0.6369796100528102
2.5184532380355975
1.1876862896648097
1.6394440759439535
2.2364125925409652
2.824515165758738
0.4765164871268386
1.1313986046460447
2.287649822141608
1.1721864558905253
2.878542187725909
2.888306767778783
0.21451687971899336
0.6743061870952465
1.7092239047338271
0.3525557967609436
0.41045848599178925
1.8171815967384752
0.7497759248709519
1.5730032269528578
0.1095197469672069
1.5746438001669167
1.6701112160141203
2.7095169628107634
3.471252768105167
1.3542105152101547
2.5849949022745724
1.3967008514872932
0.5584567573869252
0.0
2.4768726157219394
4.089017349320635
2.828227466223896
1.3205696300563403
3.044516944724343
0.5703702453449511
2.7322625082533722
3.0554497412212687
0.22997073993131067
1.7853789887755394
0.47464732215706285
1.9958843014522838
0.43314418542055844
1.916205365553954
0.9986181520188211
2.011061617207364
1.0554325571949361
3.176968394076953
2.4779921130163665
0.3510712264853586
0.5943887868401068
1.352467582431431
1.3672365736977543
1.2438612273153886
1.8485339345800753
0.41521122774814945
1.5137852063007369
0.0795619530018623
2.6889092096863263
0.6468771874426356
0.7254113960223392
0.28071721354098234
2.1642666554063217
3.505282846937966
1.7261598603150947
3.3385947685389805
0.43366950999803633
3.366572603166621
3.513668242880013
0.9416294414689856
2.2382018234226457
0.8982126428538955
1.8316833580378535
3.287635466403767
3.273601837449389
0.8663123288041676
0.16360961303852362
0.12339117077974349
0.9125247426082463
3.053402571389366
2.1985458721675233
0.8993363335583453
2.230006982976896
1.6681876633248942
1.1611240698291982
2.799660374556524
2.0054415826242176
1.1665491072495373
3.1383710559479034
1.5839450728447106
0.9517468174500545
2.575015621302798
0.5377002140917528
1.5936342773100964
2.126140380227719
0.0
3.72041752570194
0.5601660037716809
2.6349550826943577
1.5396398359028005
0.0
2.081031315356631
3.7328662738423612
4.092397512057955
2.699970654046247
0.4390667796423102
2.102441744364782
4.2035152821338455
2.2951071834302184
2.870176821069305
3.591655416619608
2.6959817849107983
4.366655209751685
2.4544743870107815
3.227050137690134
1.208599235282131
3.5195773633446077
0.5893565736137214
3.1601236630958818
3.659321486492737
4.189394808354654
3.794072470216472
3.021467681136489
3.0968745873129624
3.7561704951233734
2.1293489625035362
2.664268630683077
3.6769641591047435
4.664604324369734
4.011683180290115
3.2220411879626827
3.3320251792227946
2.6730808113671367
3.851208607977343
4.285764150077447
1.186238714138914
2.8712300191334323
3.16265750917648
2.8975986249654024
4.142290987776617
3.406521184597361
3.5433788967842323
2.2699071225443515
3.3836112455139506
0.5964337481495265
4.4980348122252245
2.559796869918875
4.686436414335543
2.5105443873183617
1.8316684834208194
2.920375083994035
2.4636966595035115
3.8980930396240234
2.4731980389724146
3.2194876239909274
2.4226453295848405
4.042216404001226
2.50193278457602
2.676619258331879
1.2398741741835906
3.846590083953912
2.616406011096851
2.7632059094873727
4.304496050083124
1.9180970269013304
3.960805360424562
2.494522429398774
3.2574386756621605
2.4511465596169675
4.534210835064934
4.327339711672646
2.9915190762879647
3.7362999099637464
2.674973390946367
3.2357388154504516
4.7017847643103465
2.5822016228104623
2.8073729719417333
3.255484599428204
3.3558772555449274
3.8693970379673086
4.184990555142703
2.6420320389052523
4.878722784775171
3.0349727090709395
3.6723574243206354
3.6703130148226704
3.611584892800467
2.270594133622743
3.6606491652669
4.093699384265342
2.45160478133608
3.6656111362612496
1.31560814877927
3.393229221974618
3.1434795833375824
2.379538399731109
4.460472585690345
3.569062579161548
3.701324071200089
2.095881281906525
4.611438028092223
4.247117695771644
3.729945251274245
4.699484687246677
3.4200012418164576
4.132012230253528
3.4257457726795373
3.418867388654731
2.9876096492900226
3.5706243250337177
1.2874278559917727
1.7214286800819583
2.707782179736731
2.4234938778662896
2.591316587632796
2.3171218046929107
4.366211433446133
1.7986024050122023
2.7285521959536623
4.930731629928655
1.5492365947470983
3.0578050170039504
2.9705253874219295
3.0936652414016277
2.292827215915943
3.658219059377423
3.9441977978641667
4.811768832856147
2.974721953871473
2.6120785839617504
3.8350767803028347
4.192647754038809
3.6340562100710905
4.348878441391014
3.278404766862919
3.907287321403973
2.723412650112408
3.3925221523298137
3.3600838129601556
4.1180658715574765
2.925933438102888
4.183857413384794
2.5013891363028806
3.2139013747569547
4.1708699483838725
3.527606322930133
2.5837660563224905
4.097954156952174
4.189332848123179
2.7877611105693623
2.601183406418059
4.03595019841425
3.8151887390662047
2.7717621430371198
2.2330394113611134
3.460731997171825
2.1382223001222513
3.919700950307
4.226600661187789
3.6525456554139577
3.0020276450854126
2.674380446872153
3.4384017802994955
3.0500606402676
1.3493274064744618
4.56236703921836
1.8291636191444862
2.3344477468625633
4.296328312172
2.316478226096038
2.890449884263602
3.0166268425689196
2.9668215371268314
4.104180710521819
3.3562216679132515
3.1290212891200575
3.338533027050314
1.714654331721504
2.5862004081227155
3.4711700055886556
3.6379231334094877
3.1623078902474675
2.8961004368220475
3.2510208522344826
3.0974685595502676
3.305934987985953
2.25124941337463
4.052532261480165
2.6596941703626102
3.6036527770342
3.943965163763799
2.8966549522059477
3.564608414254341
2.762874764614102
3.286832385994826
3.579136302320183
2.7934315713498794
4.021451662980719
3.068912022679461
5.0
3.432640076163061
3.1681305060515053
3.0858837144966893
3.405768227333901
3.5251427070754673
3.0928665295502
1.2517970102286586
2.6272850578538836
5.0
3.6565304577806135
2.1673639177206407
0.5640634689856374
3.1006055817744
2.8516192699537015
3.795045874990702
2.320509929215902
1.5743521999131795
3.367041358203956
2.4868098511993906
3.88515878221893
3.4707498037284203
3.460578216961353
4.644145825757191
3.915421992608456
3.8297196859257543
5.0
4.274884273841872
3.4495885478077373
4.090789354856838
3.3560010993034464
3.6661733222700423
3.672882527586035
3.787755090575015
2.945125458196335
3.6464054322647756
4.022243271114436
4.014120822074867
2.89822186760115
2.4986007143422144
2.5686443376882773
3.732201871504385
3.3410925188385665
0.765997591857019
3.479718334130289
3.4436222565355807
2.957708112185112
2.897412142761115
4.043616250102399
2.313839535942071
3.8826986037628943
3.583062027729407
3.45551799433119
1.780326570860915
3.0030537787751195
3.9363217411761164
4.909258026082378
4.264071520515037
4.542251003941367
4.549278550122954
3.836929073978125
3.0770229679096186
3.3110101600886237
3.8709657348258504
4.525076692543787
4.357727828259385
4.597163051037807
3.5152433032294472
2.8566503826310465
4.711506148718128
2.2635956821109575
4.885253643133993
3.945888932416832
3.3795297204763544
4.136552491767412
2.849874379779985
2.227334311789092
5.0
4.708709699820934
5.0
3.7776804187377366
5.0
3.490149003824757
4.395078260196201
3.882308230678862
3.6810562985631434
3.8983079317288367
4.292717756993762
4.719998911183701
5.0
4.869081706811679
4.054029531382919
5.0
2.6369061313913034
3.8481509925950883
3.8797230608685425
2.6112578438424934
4.666189708097076
4.131305406257806
5.0
4.377883217197974
4.196691626766538
4.964218961853913
4.190006121630921
5.0
4.587632433066988
3.8821218303960574
3.8024956643492454
4.529089292082629
4.105735089455408
3.8841884405059997
4.931243780583701
3.854323098085776
4.4340612614630865
4.277208779496928
4.54758041563701
3.7368557661646884
3.7576316282441873
3.6000385307772973
3.796651447960811
3.679871330213247
3.7451117895110357
3.0551121476276144
4.958552305864101
3.683612403718538
4.522788998944058
3.555472478412301
3.2605938151552154
4.39159631614446
4.342674992648648
3.7381478536709625
2.774397010304212
4.368895761471894
3.7565724347691654
4.95343991007379
4.371487561889944
4.750470806056318
3.486825723082243
4.843422373752849
4.412589026601072
4.674346267606887
5.0
3.9176150825810465
4.326531314686452
4.919914605035787
4.3186722810555604
3.53546733588314
3.6499990538036604
4.320388945147977
4.594552698222784
4.780179258939146
2.6536896665486216
4.99024070698916
4.0851347860711575
3.9393268050952495
3.213410930536618
3.0027494520449367
5.0
4.400771688455063
3.921426323101996
4.841983440656567
4.718084278216922
4.201335111034148
3.9676000797949182
4.197987725275842
3.763927260520055
3.7107328039086367
4.063421078400532
4.94800660330612
4.61654477617508
4.1030269029981685
3.8748018662593804
4.0030387054573335
2.971439649003133
3.3015921376464057
4.005274243590757
4.973203523445173
4.955278211803051
3.972136022337825
4.268091221500296
4.514274504685588
4.123441606382611
2.8821722766198725
4.515997205580833
4.372955955402161
3.9586204556032385
4.079050154252055
3.9325220980796427
4.365963797799987
3.3083336136971693
5.0
4.684453152073402
3.3914543249185467
3.3493123206435795
3.617369182082272
3.148577556257191
5.0
3.8677534307541768
4.455115891433973
3.892362289071311
3.995806999922382
3.9011834745337337
3.587572793410251
4.619084294478647
5.0
3.693217806102953
3.8025693600732247
3.2300240324036507
2.8373180451103313
2.4975685432039407
4.739763032798408
4.972249697340672
4.952464516784894
4.77436896415127
4.616976049527048
4.108069976522378
3.2886817247514952
4.95788848661583
3.735081453112355
4.863036554815917
3.878592095983338
4.1406819072526595
4.17829859367741
3.4825742694716917
3.416241785538241
3.839294474207213
4.115614198121801
3.4186418565652583
3.3720279861153495
4.395440166278614
4.2014118303458705
3.987401997737911
5.0
4.26190595775393
4.407356949399578
3.8438782905079214
3.68207651972123
4.446136318900802
4.9723678451668825
3.627538093275684
4.533639704052286
4.99498469343642
3.343812181885054
4.149876480752943
4.626282506901954
3.187674442286692
3.8600311394628273
5.0
4.343669891012914
3.6558889613199788
3.7120802038825222
4.08153824293967
4.509430217449562
4.752371812664847
3.001624183327507
4.377587718807823
3.554138240581345
5.0
4.50024324498378
4.030225668137174
4.609757806326076
4.403878528497165
3.448574297979676
4.009842628239349
3.9205976487051504
4.335078472428152
3.211163094670475
4.272062537942968
3.2123882286587015
4.377581032796524
3.9867383430906624
4.825957958612034
4.9527985185209555
4.989467441408729
4.540354848369455
4.39154722000603
5.0
4.328757285242652
4.0169139168235946
4.6353468254891546
5.0
3.944285506660442
4.080045116312684
4.017276992391468
4.519699317252988
3.794063591198912
2.8576111238339985
4.433247370245273
3.9919729977831127
4.463412402561806
4.166922881466511
2.7547816650198937
4.402598494422972
3.562084731295322
3.5503304014056907
3.1371566688228345
4.330337026134095
2.643612398329214
4.405342876078365
3.178058894973602
4.651132722746299
3.0746742882353653
3.0084431552351565
3.9647147603958697
4.976415360600867
3.4764785883128586
