3.5290049621934325
1.9968898033494802
3.0597785296797784
2.95438879621072
2.3859707944166675
3.051549158394724
2.0366127099214455
1.2592912415691484
0.902413088793375
1.0799660669914046
1.873866481837133
2.1431204478204733
0.014367758713170087
2.343449722029099
1.9646453434473279
0.8322717242608895
0.978031234168355
3.794512726582782
1.6775097318516212
2.2858901523132267
1.5437075577479784
0.24996481084813338
1.696685263351879
1.4520094470192144
2.7568643181215715
1.7619680408291205
1.422879499593472
1.573516996475624
1.4254453308838406
1.9813455303320482
0.4636544714711843
0.906661166084509
3.3774212505718704
0.6106084305389952
0.18063757837807914
1.3946448739940673
2.6615960374332572
3.0371840676203905
2.4379746945870457
1.0476153658735892
1.9189543000327194
2.1760011488798194
2.945580194532201
1.925184576562756
2.890252816243391
2.7073851001635325
2.8322903494663474
2.0200918985633005
1.4110242019168306
0.3772951168540799
2.2257765505922644
3.3243175516579586
1.5463598942250996
2.66623698680414
2.3834845380691134
2.960337863856901
2.5233845439564297
1.5353240087496753
1.3322359367407066
0.737744599356843
1.2232442031958608
2.234807280355047
1.717292183511654
3.04264137556842
0.3226426129298754
0.20780278529003526
1.4701012832866094
0.29523680951280307
0.3651324128338316
1.1938054509544425
3.3270874745796557
1.8418207330070788
2.100520579035471
1.9156669804166238
0.7014380974234569
3.164267729136126
1.3951437770348512
2.044162818682732
0.42720483729463465
-0.05461569841424074
3.673803756819495
1.3885901608058133
0.7540559074002178
0.15721655253964562
0.8558149070839352
0.11583913168530424
0.30122159958225003
0.5456121538498127
0.15072436474367779
3.0173190114887585
3.1204153283496594
2.268810209335832
1.710530255012816
2.9219960833589833
3.2612349052693737
1.4573430512678338
0.8785265797074238
1.6124273973053103
2.3963018994743943
1.8999272322742278
2.0854372842175724
2.2252734158912992
1.2691619235481961
0.783313794657587
2.253180294402625
1.643382701940428
2.0146328670065325
2.4901950371175174
0.9627311103856839
1.3751895170009365
0.2081603019753664
3.106237959403717
0.7515075328593421
2.9611952155738783
0.4733266864006196
2.3838311924186306
3.0196171436257457
1.1638096894056376
2.856342413226439
0.9068612947082157
2.640094748035486
2.611200171934985
2.9435343113814922
2.0101942988571735
-0.03154952026735858
2.6663683872143262
3.1323028815324725
1.4670545952171543
1.6093490012190297
1.0086494811912181
2.996544248002404
1.6780652271279108
0.739428742644701
2.289636657509408
0.6388047574603646
2.1445776238344396
-0.2808233409770424
0.6476362165823661
2.108447657705154
2.4160165353361474
3.2179478994535784
1.2189078316884623
-0.006692332921951927
0.04390816044945156
0.5664847575707319
2.858974528601965
1.454421533717285
1.9626554344076594
1.9916657538487246
2.514861711436365
0.565161433684048
1.5780012807881536
2.5290326601355413
1.4007320238107819
2.664555513061076
3.068563528381938
0.2160750667220701
-0.01802055976212147
1.8703173701737614
0.7064890625640916
0.4073785306678217
1.9226111616534314
0.5183253551978342
2.393840755666727
0.13070673622093443
2.070416729976953
2.241234159505607
2.799615305997468
3.434380563767744
1.415035431662591
2.232076045294096
1.6374396563137572
0.718577361220301
0.05477182179559614
1.2053153874074805
4.6783343192557645
3.0419747901534584
1.6927242244732024
3.671229100381424
0.6679702401754688
1.3469864003376473
3.2770066984582846
0.4482161145121597
2.2650407617474104
0.22508231707027315
2.300762406009427
0.4101024412525933
2.2585901996335003
0.6750201756026786
2.346683991788973
1.3231960900140582
3.3409698030249735
2.942804518102839
1.4992029226853485
0.3699389956465917
1.2752829487325523
1.4076275042120954
1.6326384445548316
2.121988624409411
0.9088395273701582
1.8249963578014792
-0.11660061159428325
1.8406048729187554
1.105991301583106
1.6868990108306696
0.33861693892547384
1.9394803819602084
3.3714459620211854
1.8322380502234163
3.2817602316490695
0.09388754704694469
2.7480153531925473
3.1506206208800047
1.2277697274417458
2.0427697062890657
0.785360748911264
2.3857547052682864
3.177111831670089
3.1938314993889967
0.9687057987267829
0.4572892565245339
0.1477806805321209
1.121544255141711
3.2151971682787894
2.1696084867397984
0.5891192610965432
2.7416477368141066
2.0250335292494444
1.4058646428869053
3.060416055070204
2.2328846749145135
1.636217328959758
2.9908100844424292
2.0495120629367922
1.643046807276725
2.1773370722884393
0.2131735194135307
1.3722067956400266
2.655206754636223
0.06289889703961782
4.819642522004115
0.270453739898453
2.43056529055997
1.0613729107433847
0.14289908727998535
0.9887214922567762
3.6671439366989644
3.6969092103543058
3.1040845128661547
0.5756012275414366
2.6012810303974816
4.008310176154971
2.1862919417472884
3.096898846945766
3.5202720654992183
2.1321347118301524
4.681387149022909
2.4939478199952183
3.6268534628570133
1.9256724926156852
3.5886991726016766
0.6623536595131712
3.437607290806262
3.79224653898386
3.7849426484547766
3.9269968782771403
3.8103106882257545
3.52055905003168
3.85283233018338
2.5177367396693024
2.839264167823561
3.64314191991526
4.458719798641317
4.22439386743096
3.190161514959319
3.452954862966583
2.6346893348355898
3.5536607947621035
4.466759425285707
1.1214910661993485
3.6321162083171017
3.050125277105914
2.7983384929910016
4.360528749716469
3.351986451891818
3.309180453062442
2.2499578763271493
3.6182574876379117
0.818918813378334
4.634829043651175
3.1344464403963044
4.721578360278723
3.0328682007082697
2.1611389056634933
3.2614809429636717
2.838885885724426
3.5725302415126214
2.5892876101408127
3.0966700843490567
2.6785512329166887
3.8165854701127038
2.693409306930581
2.956341572703431
1.328934997809419
3.83345280612027
2.7144021846712447
1.7188901756085797
4.485781666715454
1.9829892449652173
2.87948281815092
3.219173462827928
3.56084890768418
2.8403474697168334
4.873142532961431
4.4067706472344526
2.855029836642671
4.155381995054782
3.2605316074397623
2.9978457338701197
4.58591016213707
2.89076998556966
3.1852037622379306
3.2034269998470886
3.933289426843435
3.9516647186362586
3.998925738440865
3.032509041907321
4.899623931149357
3.1543742018613723
3.43736933417602
3.542564385836124
3.862708464250399
2.3928270167866006
3.9446484083476405
4.26927893814114
1.6135952611341842
3.9606738895384583
0.05317156708179516
3.509694441403004
3.714962285707363
3.2619809427186186
4.314582406539969
3.671704158886772
3.8273427227707724
1.9197971254403252
4.871004749509687
3.3041011584947166
4.113473086469359
4.899451829242464
3.0713079132899046
4.190168289633705
3.31379790748206
3.7954540103475813
3.2857806065951745
3.0814878314024265
2.077158417908858
2.806857622702663
3.0307793673827024
2.4801630757769444
2.2196994319440893
2.618992991522061
4.176320785233061
1.6502477688519508
3.2521317604899393
4.9206579517811875
2.2052683124478523
3.285317302990563
2.8744565874453225
3.27334232857693
2.0027613628491623
3.633206236130842
3.863928027784691
4.53823522416749
2.9791930881524737
3.1936321849229166
3.832248179112582
4.385209565611746
3.5142736217452994
4.306301904216429
3.2532116586106006
4.208292447931267
2.7123304661086762
3.8322629141704776
2.9455418076153523
4.201511594186032
3.4847080783061837
4.270865225922188
2.121530416129279
3.6981703125462455
3.875693762185129
4.537827663358938
3.13220244936911
4.095155553114553
4.048837784565377
1.8181697983774163
3.534984501093264
4.482067434947579
3.7534835859554145
2.9876135178868544
2.408253393413925
3.4984579191917713
2.838107869686627
4.229571163964174
4.0607972406543436
3.7107045093155597
2.649611194627741
3.0512404793059367
3.9568948245601976
3.2755881797473587
2.180903919120888
4.228951334580179
2.0058263771097766
1.2823984076019994
4.290731501030228
2.5410018832526613
3.2056167382419107
3.3468306686461022
3.5404577267402213
3.8845228926834863
3.3039001084412294
2.3514766138301026
3.730382875313118
1.9317220747969404
2.8042878842209418
3.472892546339702
3.366410862675973
2.48350426318089
3.3305037512444318
3.4504339804080533
3.0426180632716817
3.29923893694327
2.586719294303346
4.022049564758952
2.9783670630908907
3.4231029735982292
3.541533084393737
2.539611706525887
4.208845594234258
2.405616457154776
3.9255695477311554
3.142052007400348
3.4350873383565346
4.301758828322482
3.6489372260985617
5.202440893673465
3.492867088080034
2.842998913894833
3.509377136096029
3.293081270616806
3.3559264165518345
3.487545567422161
0.867611335217338
3.1966443584942925
4.797115057640164
4.2018160123756605
2.436571909444813
0.7155600947435672
3.603287622987636
2.6876805461903692
3.559042365934132
2.323920251303217
2.6413470731427036
3.404221428616713
3.0429851642617094
3.504386186108684
3.80655250034097
3.3202055253837908
4.676689906806896
3.9869597534079797
4.0833928001890065
4.7992218283604
4.672458664569593
3.5774648518098178
4.017425872675574
3.4855473753677138
3.376529388402657
3.8041471272278673
3.4960309385409967
2.6265859642151397
4.006139809618068
4.117924570549079
3.9711332200096776
2.498682242601109
3.0835896212729987
2.8477400094105074
3.5270402179379956
4.0267849542191545
1.3992127067154025
3.8880909074135057
4.144361989206223
3.096874487339544
2.885060310053509
3.8229497867099513
3.0630054541771723
3.998351615419254
3.3888866918876697
3.8221238121982934
1.9662219709806812
2.6553113713431133
3.993164426334116
4.925117655464549
4.067822898825609
4.593595820949229
4.160559373136008
3.8949499734700175
3.186340260650798
3.4196984661293874
4.284635509176537
4.677480288021302
4.3381297807229515
4.402801479067156
3.890629355404774
2.995438094312783
4.318407256631458
2.235789571586222
4.950683262505782
4.09517497952613
3.869908958692814
4.241456625077575
3.030418981778659
2.3444947221016874
4.782832997077664
4.788507557630963
5.071282602571168
4.108745430161395
4.783527261332017
3.409520911672917
4.356085111892261
4.169389940046498
4.222378913134454
4.276073265105328
3.8907690999787508
4.760163406558739
4.996271832572726
4.9639250806868365
3.8013421664668328
4.78838314217839
2.7482086248721944
4.602262997637656
4.040505817390272
2.7515102909456686
4.686108416192127
4.196807797748434
4.648981422626811
4.086552535686378
4.340673938900316
4.97131421122095
4.3785910064806295
5.137425964446537
4.26730768263279
4.529265227601705
3.946406597839361
4.801571406537301
4.197518921003503
4.056093165966434
4.9389520657785315
4.739652461579803
4.361894250584356
4.2212599772385815
4.240308949898587
4.244032513241725
3.9620938980691114
3.913810896396519
4.33301028410567
4.223647791051839
3.685785932855692
3.572021887505144
4.958516594427577
3.623894771851409
4.846401159018198
3.952142122625913
3.593866263875252
4.6189474461851106
4.246557021939793
3.9062291282205783
2.8668882594588516
3.9748202569275644
4.002817286193563
4.973255434017251
3.8442303701945835
4.471244185334976
3.4676000461022105
4.65704169473436
4.158855727069726
4.582605991195377
5.008278268480483
4.110926617479366
4.486666374330271
4.9375434073931
4.485831856759406
3.783972706619639
3.7115811122072944
4.234799056285249
4.417217766006955
4.553509759631822
2.9415066180209677
4.992742517487262
3.993175302008399
3.780523798292362
3.825758931391469
3.876965744997951
5.048130008733567
4.48015520764238
4.121387167163791
4.994451119662958
4.6535321433210335
4.187416265302227
4.428173459701952
4.101234754493939
3.6229354180888076
3.930260165208773
4.034539271676747
4.946624773551184
4.5381849399589935
4.287591055864921
3.789283265586055
3.7438885291071364
3.3524857380545376
3.2838766275930644
4.283469021032115
4.978928728138767
4.961553417118903
4.39396322641279
4.568039560059374
4.567408208429958
4.09083204920886
2.590618070329398
4.6394379785267645
4.139938587232711
3.978688313471556
3.9585949316661817
4.114174601210834
4.695396312970505
3.7843827481527312
4.925221207600167
4.627762751125662
3.4345018259805697
3.310304326994792
3.466667946286275
3.9884683284764253
5.00210369968079
4.087354415019503
4.2766501685538945
3.691061742146301
4.0675333245517304
4.085878711823012
3.5882459521501846
4.591197564908901
4.948894851059258
3.698004667839148
3.6181875676466855
3.466538674068049
3.117200227767515
2.7312826778984074
4.574235501340276
4.978925729201338
4.531801384082113
4.817241370416671
4.439335454965505
4.161245895228181
3.6528409750949318
4.988477350748436
4.111180260705542
4.931238450174245
4.366058016022603
4.305925596662204
4.170847522264051
3.7841201813738468
3.578014818387579
3.925606784057638
4.3301940010215
4.0576766219292075
3.5830788158438707
4.422542300960119
4.417421294559631
4.126940046138609
5.009948830896503
4.1329969564188005
4.064524600961583
3.9482135271111356
3.918069362727747
4.41894905528946
4.979078833605753
4.016019877565096
4.621607353878513
4.998318749114343
3.7909368027746484
4.1333898331295185
4.469330511043026
3.1491447744529704
4.131751616210082
4.996071422094769
4.201572771241283
3.9306107692658823
3.8857385556694672
4.128766079586871
4.863653822975957
4.360189530426428
3.2376402425809405
4.550149852346893
3.87610419578986
4.960595640407037
4.764670940549152
3.834288058458362
4.5697295032694125
4.482742828502765
3.8523287015179988
3.8093167999110285
4.091641496821971
4.180503397235004
3.438882923143001
4.343743973110719
3.703423175701903
4.121435224247591
4.203275550604868
4.571691961840269
4.9585573603135416
4.990363818538393
4.559234108145395
4.258160314032912
5.153050953956292
4.511897359005809
4.101588361788842
4.08537693815223
5.167147246306218
4.150951614084429
4.108683282057058
3.854188625828852
3.7767693027871068
4.037645504316249
3.3482084321590526
4.180267063106685
3.8975399504499637
4.492775586322919
4.236663688680698
3.2391736967888902
4.205543627182726
4.012948601356326
3.662282075237934
3.3649549175724878
4.419799980489001
2.7833184884498023
4.4963515815264365
3.5484995795981873
4.687107552406985
3.399231605357673
3.5665762548909288
4.257407679173074
4.980124662750917
3.995740001649279
