3.212180760198523
2.308610393288789
2.7170266111271486
2.2763982394446236
2.1459538487047594
3.132439333884853
1.5597740812697767
1.2842846587685044
2.0214325114364464
0.8864840988028151
2.4594606121474003
2.2266373468298815
0.15084526593635506
2.3598999045220386
1.6901392253793712
0.5563605263045854
1.245757933904998
3.6537597205867423
1.5256651859173713
2.172983176410823
0.959002672863849
0.09927059661031823
1.419216578198018
1.087478236084804
2.8701965389093385
1.5517523152992005
1.2269421660056357
0.9622813839122302
1.293550979238726
1.5647206138144427
0.6176881567515329
0.5034747552316969
2.979094076682828
0.3315061219563802
0.07402842223016792
1.166322786863681
1.828687679210498
2.6380039347906363
2.3155975470263934
1.2499278155068438
1.3257407802961954
1.5618977030604846
2.8321401336774708
1.8252491769461523
3.0617648285759533
2.2467122248714295
2.3398202090534177
1.9002199814566678
1.38323240747492
0.023654740079459557
1.5700119399505619
3.2509876108398936
2.0189466194767167
2.368893705411975
2.49991316132654
3.0417082276119087
2.1141124459544764
1.429147913821345
1.2945031211838391
2.222647276376064
0.7878896562869819
2.278753076342661
2.112417591176488
2.8725715896448003
0.01780626651446582
0.3889482322386657
1.230307955119101
0.28409584224458095
0.057053346021661344
0.15281959571898351
3.1142179274753525
1.9215999953269263
1.562752410534733
1.9911726381385382
0.9142815552245458
2.582754721789077
1.618752510856038
1.957902863107802
0.11011705444262754
-0.11621803207146764
3.3435967219282334
0.9727911337549924
0.43397142427767044
-0.0080835796366161
0.5536482204874833
0.2982471554159032
0.7270184528622066
0.7091056817455152
0.0671505831063488
3.010413388709577
3.2784001841791017
2.415871680701248
1.3440857420138252
3.07786923243473
2.2078321308033955
1.01020813666437
0.8092213781345414
1.2856213681995865
2.4240107093468763
1.6648525694190353
1.2880155673416986
2.650739302630936
0.8085226685598252
0.785536635603048
2.124094530591755
1.1632809648067708
1.8813390147502922
2.2682702156069174
0.877002214353201
1.5557383025287939
-0.04736943689457451
2.172033523074817
0.04437697980687361
2.9767152643167796
0.31390805534562416
2.0321502967334375
3.289660241721964
1.2372126521611195
2.5457488717656185
0.6509341189834057
2.080882962599684
2.340528876993294
1.9001727141852447
1.9098552582947894
0.11237195966579261
2.8469694765595674
3.343601380265768
0.6246056531882376
0.8631443307666644
0.4112923358482923
1.9866114453738701
1.5162703551695451
0.20846945443718568
1.8659078901054533
0.13509711560745208
1.6435182535335082
0.06371935053554445
0.608823111925914
2.3009237723087548
1.8543064814762698
2.44807112386989
1.157812844393113
-0.037197743262726846
-0.01943130673567417
0.42908237688898954
2.46255297061946
1.2541851600932734
1.5569314811873838
2.0805936470503363
2.6426424808082087
0.2328802700758814
1.3000479584597497
1.9593284646256448
1.374123939112784
3.0604081525149116
3.1598900870287716
0.3111764219067332
0.5046033404804042
1.5582866387948515
0.31497181130410024
0.1821721314911411
1.7811524794370337
0.47239916098143553
1.6266054526439504
0.17257017670652086
1.846640864937104
1.586101194773255
2.6427122382500956
3.1773161985980236
1.1440034339716845
1.9065702324709015
1.3758087032541901
0.5288445015365273
-0.06989389028462512
2.5910254701618367
4.181081773509532
2.9635116295143975
1.297427766501249
3.119414598882453
0.5074998441005691
2.7030990424729664
3.0571692702290916
0.20958795467034985
1.7486449356542542
0.49347121456180565
2.066755791149159
0.14678871538129812
1.7956292316197073
0.9276969305876044
2.040058805487317
1.4427326438827086
3.191254067943537
2.359178845073063
0.14699672092328697
0.3843062756394202
1.2186422442876932
1.5098827474297956
1.1516276260437008
2.137926196783357
0.2068619925383759
1.3720180841851652
0.01674047212579044
2.7303638216655894
0.9647575652788745
0.950977300470436
0.31967036741374155
2.28515805773441
3.4254557186559547
1.8509586378694336
3.50473098457051
0.3664767472254482
3.4517345917684112
3.3466663300477695
1.1838454074701106
1.9269567699583314
0.9107626022072877
2.079544133149132
3.0860397821067336
3.114135200890943
0.9880450124976803
0.0066162733692634035
-0.10406670229679804
1.0631383581654876
3.172603869935119
2.2427915595653607
0.7242663900927324
2.2563108006323906
1.8284395724621314
1.5043408800746438
2.9001591337787227
2.2551624672024753
1.414259573953597
3.1822812819621413
1.7926194812432765
1.2441700843578742
2.492228988925941
0.6629620554009126
1.277678478020988
2.1149889889823736
-0.02000597147562111
4.063688537831362
0.7195112913058805
2.767800747761776
1.6202634381877532
-0.110139265757915
2.261459183672751
3.790253470011482
3.949580659433461
3.047991819643163
0.17497938437204041
2.375060332558646
4.1330806267350075
2.5081336302263635
2.9677983058897803
3.4509445543910733
2.8729840080278484
4.4523122511344715
2.4894527413660397
3.2354302937001274
1.2919389659232923
3.588730180562906
0.6732189171494576
3.2783568572558712
3.713628969898374
4.007070667360407
3.7781145004056773
3.1757734857363897
3.2194901832655995
3.9785534212571765
2.3838985333982787
2.6606694876562598
3.4972533801158177
4.607798336655073
4.1128533870697135
2.811914003208119
3.551183726253352
2.78158998391769
3.7058016820111925
4.280067633188708
1.1750739423531729
3.1958570275547977
3.097539853590731
3.0599343760684254
4.190489097952731
3.1895415780900302
3.493670771619091
2.2345390247801786
3.588368280083869
1.0622181338397692
4.299218198746685
2.655249416169533
4.631286833268871
2.5611630737936206
1.990137680698174
2.978205796564656
2.7670460879083967
3.6211921735901944
2.6888810253905016
3.5763826215462062
2.4604775479439427
3.868913636863816
2.5064161351055256
2.9515589183820206
1.1386577526953419
3.8991761322267404
2.4533796554281473
3.0090153900161294
4.285750219406797
1.8312362201593837
3.9792110595544674
2.558797393483312
3.316811111827212
2.3267607499144516
4.557048873029337
4.395827092996599
2.9129529764785103
3.692832396261606
2.761579639034477
3.0029323148142906
4.688318350190523
3.5532139955291866
2.813743820231413
3.2344573182197367
3.2948765513245513
3.8877055617428242
4.131479625818028
2.6432197310699603
4.869829642951483
3.2620536490707788
3.8681727827083625
3.8200038554079754
3.6092859572997655
2.33832503197017
3.647019365016555
4.102980162196295
2.2911081047545574
3.7392802439129627
1.4495261916440723
3.3978853390621806
3.1672670737484383
2.3417818406212136
4.4808356845596995
3.7665176289923723
3.6750710766069616
1.5340691860388693
4.724179976366772
4.27892278520302
3.666119212962653
4.855469608085341
3.4230804150514667
4.255591017462863
3.3751032043021887
3.4072102976857623
3.2198073265630986
3.492198813409181
1.6223109662657622
2.348674863034005
2.667717583587372
2.545436249756192
2.326777328381116
2.4186582422228335
4.229548951089478
1.8984766914481321
3.1357520998152806
4.931772405440662
1.2436736248099516
3.1263737265196143
3.1751750159406837
2.9043256972101514
2.5910510528349064
3.471053414860176
3.9283458162600935
4.729034049269724
3.077643692938131
3.1396729819032503
3.778778906715714
4.210948353714322
3.591051964007236
4.302034702129455
3.2638589363119337
3.929814085762476
2.8350185279342464
3.3988234979200564
3.6103763240654105
4.180163183827552
2.8928598795404796
4.038380173871477
2.5601041318407107
3.1648178724870757
3.6513655090047754
3.958111213462691
2.7622632156293427
4.245561026970496
4.051095741587486
1.513587026982358
2.7897941841994554
4.1544621305710185
3.760761314526799
2.84336031386246
2.0547459027869728
3.525905024461225
2.1696557015481295
3.9997795780968763
4.231247496925963
3.664815451273612
3.090721035028179
2.6790845917986106
3.456042853761941
3.3225562504563184
1.4941096402891976
4.491955592153975
1.6515574235110746
2.4872311230557047
4.368839357741485
2.286394110718967
2.9699463551428904
3.4327154254576877
3.1177906913398976
4.111766582131144
3.416579805266397
3.2185129552466902
3.325635712335676
1.6332068796464778
2.57760430129109
3.47343085398309
2.8896997366779833
2.8663729557031
2.9091562934956974
3.1884594772868793
3.219795600538955
3.3227438491511743
2.460576996725352
4.050015523207533
2.8972057331273326
3.150577215663332
3.598198763522945
2.9056841143958314
3.778475454132624
2.778357951572338
3.416146800828181
3.1934909853132085
2.8499003351068533
4.0896455009175
3.104688633370925
5.1497935798789
3.437814792042878
3.1811894729582173
3.0897609731391436
3.3440377293226726
3.4757561432144115
3.169727527261633
1.0714465000097695
2.619412326470109
5.042636847992929
3.8934482720232877
2.2820795819407587
0.6375952503511293
3.1289222349319146
2.8707816429575024
3.700538628519335
2.285311281430354
1.9459524544952864
3.5375257926410066
2.900548963626079
3.589769181336572
3.481016183914206
3.5700994526788348
4.698996950772785
3.89533182826848
3.862221178423053
5.017030103842265
4.359705575564823
3.275873805755162
4.04722281683511
3.3771477725009467
3.3540247139579735
3.81186256638738
3.6735003198008185
2.917251879377603
3.765418395920344
4.030056670362262
3.8358625414346283
2.2138154641335563
2.2325731739941457
2.579997305380072
3.6016012037494454
3.2694884693673645
1.1144260767995842
3.360160801171066
3.525334014505627
3.2061769186661717
2.9401659820884936
3.93109371042991
2.4445927829416534
3.714576993142792
3.5095039448153473
3.574560944729944
1.7303164540077196
2.5391297116951614
3.903934409768744
4.89752859467654
4.26949299550905
4.523172013902224
4.5351621254026036
3.780534369429994
3.173451844020758
3.3852139501748626
3.8977342924666933
4.458268780964051
4.410733129444151
4.633020644835922
3.35295357259809
2.9619869757604524
4.4439775674630155
2.338842574964871
4.758212792874554
4.007689551470642
3.313306728194317
4.131944779582472
2.953446173381516
2.4475389577783457
4.821029104760426
4.677479268045785
4.982062920673627
3.6962006901742686
5.038524264204819
3.403849785304362
4.469761190036954
3.9487437983477967
3.6384179132532406
4.017359150129794
4.186578552933661
4.823438836140795
4.986343685023849
4.888238694569686
4.006288695591379
5.066190943090342
2.707911016875062
4.31300006318567
3.8930878132663302
2.6924035462048317
4.728580688147073
4.159634930881007
4.961674156213148
4.347658956099702
4.213774077653861
4.947188092621448
4.301807121894537
5.207463850883919
4.5454217125834555
4.339057600111759
3.8412549528125703
4.790238211376322
4.111194354952552
3.817374685657859
4.920238719337968
3.7168742369265475
4.3739612109883215
4.326083994236357
4.338426169191156
3.732307847677026
3.7308650599282154
3.62218540009747
3.961493107299769
3.5621413922136176
3.4426232054973362
3.1909425713663544
4.947097816463009
3.69710423589445
4.549994877648336
3.4774524003511096
3.286642068078391
4.525549135250171
4.3662109752008655
3.789387244939963
2.8145425157516484
4.499161609542427
3.763856572591203
4.945485702306739
4.3827100757920405
4.607436100849866
3.3946506568330173
4.778695841601413
4.5156612548048045
4.566625018748704
4.992674828513264
3.8207914772461264
4.329940794893009
4.905094235732953
4.3957099248330245
3.5734834783659126
3.5842044231641124
4.310141828479432
4.488768856066807
4.789218546097592
2.761197611241644
4.971004888636905
4.1541359531863975
3.7876801254842567
3.1994355308231825
3.05704912871947
5.212063015450309
4.359546455095555
3.9944155288953587
4.825034574177337
4.639244271671848
4.036435477243983
3.9001035415935084
4.210353228840842
3.6840595203275353
3.679674609315912
4.011618237453916
4.939528083485895
4.55769225933055
4.138611889489157
3.8966057951890694
4.007285769417909
3.025606062968281
3.2711566742162805
4.354614577601227
4.955275308122211
4.940478661442597
3.9365389327772498
4.247297295083439
4.500496797088147
4.154617845470335
4.566475088079424
4.5714021421008715
4.910307824015456
4.026400156049987
4.0822810258756554
4.16766316128662
4.310186517495386
3.3051753131729664
5.06849078883761
4.6828225689149745
3.4347838157332413
3.358222078712677
3.6026870231775154
3.6521135758815744
4.9970249419678785
3.8063030748479814
4.418443296663714
3.793918295693709
4.009687113314154
3.961254259791815
3.7852788396241586
4.62196067396278
4.996229577815178
3.5840424675566203
3.9134662160469977
3.3259154625323037
3.005508732517204
2.626454076355052
4.673675514038416
4.953928897112057
4.8523880307222385
4.786491411126478
4.6265342114263
4.132110362423893
3.200036775116617
4.98374561281812
3.8260021253330962
4.900856997191285
3.7953423441528975
4.022894841740771
4.171947172698825
3.5479565099397616
5.0033807204686305
3.6923474411024726
4.150475916815722
3.4332734067750943
3.4245749913471037
4.350150018271531
4.13694896456101
3.9623588401664565
4.987343682727166
4.083994761974304
3.983442576883054
3.8880652726967977
3.8230505677425084
4.44995078293991
4.954003294988712
3.7453798943862835
4.534072685176994
4.974336344168539
3.365594248013287
4.2929924252625415
4.561655371038231
3.270331884135195
3.980381160121754
4.9862338704832005
5.00338071987897
3.688182030678102
3.697128915343721
4.186219907633508
4.623660754802495
4.664144058692671
3.065320554035973
4.336714476546439
3.568129271605628
5.1572517436759515
4.458781602680014
4.136453278836613
4.660266020123674
4.485514052112948
3.476243823849417
3.834311395087198
4.045351451992785
4.081198823764431
3.2754347430473763
4.392844485801261
3.2172090013149033
4.3330569054379495
4.020317797093934
4.872205873059841
4.938800802709544
4.9713703897414385
4.48400645034957
4.3094869355847125
5.084948293543903
4.426284184886178
4.0694044701922465
4.707299293480446
5.200971251953642
4.051866304478209
4.02128230203103
4.0227111998017335
4.143713892430444
3.8895182004993387
2.8717450916583287
4.9959374141445245
3.953383646991001
4.445633641272778
4.187650464299178
2.856042919769373
4.252470079367483
3.53257607114202
3.5298160838144845
3.280568118247846
4.25097887982653
2.72980432732845
4.426963913428059
3.2380917944428385
4.557264223071584
3.091836317191764
3.0195281137563725
4.014744044218368
4.959100847915514
3.4049562822712263
