3.705575172264683
3.989275194794025
4.279333282339501
3.909164892275389
2.274965889348831
2.4256608669455053
3.9599247239956084
2.621277714550082
2.7523287135682226
2.3896793234164253
2.3961659448681396
4.855739144141919
0.8539202444063699
3.3089377663148136
2.282298652111681
2.3489034796452923
3.554819230377369
3.5944675962772044
3.686659517385211
2.3064494085807783
2.3575880878968256
1.1697405810259216
4.280351718928768
3.9613360321204
2.4046961790398083
3.4713922639479557
2.7658633869139133
3.775255624661715
1.2168487720900185
3.4796517212640303
2.0423344684953046
3.327931571752697
1.2279422743116062
3.6691952752177794
3.1080604241918155
0.9698062311080996
0.8640672830148297
2.0929459975131928
3.438636345948281
0.7353060346717785
2.324779289628042
3.447133567449173
3.5739285981518285
0.8815259572990407
2.0546084849699326
0.6979286849675926
0.9736630234682744
1.322628581998384
3.740305184391192
1.7614787204655717
1.3474431255461217
1.9439512320918944
0.8577024262807644
0.6800340960965784
2.8069948245600327
-0.02468765741521947
3.9629800923468235
0.9345185507170974
2.4545100536469855
2.01012712176156
4.893606287431743
-0.21413346659669028
2.884882083489692
0.9135110161963239
3.26588264714462
1.237234138955007
0.47822455764409744
2.42350067659199
-0.222462415781404
2.460546851155298
2.4366360040510644
4.052135696760554
0.557329127906309
2.6801813774003396
2.372648310588725
0.2939903870137368
0.8100518174666836
-0.11989950429021026
3.3552105693723657
2.9266600694322693
-0.0714830686024521
1.4033132810954956
1.0970600707708116
0.9746324331541819
1.319709290229504
1.9666330605378304
2.875931627999189
4.1643383461532
3.440240868270127
2.645211162553176
0.6207856788848949
3.892734123754675
0.45439865881419206
3.652550270251953
2.104279743385051
2.230481170263747
2.7473575868220057
3.486784448731649
3.2033425253949384
1.404884851766495
0.03256647567063373
2.0799753283935143
2.7830756755929658
3.3548060781249998
2.5293909502037595
1.8411919181084921
-0.03538730151392999
1.0403597709153296
0.8890109694953738
2.133491937646473
2.1056947122043574
2.5700040720010047
2.566701160147637
2.6823236167809332
-0.4593107243701394
-0.3373761151159568
3.8232370384073513
0.6568312702830165
0.045675208963670916
0.9250942875117462
0.867733594943364
0.3922537133105195
1.3390567377157048
1.4784532366029302
0.6912580185102095
4.6461669324197326
0.9669557628117581
3.066566450657477
4.672307719729813
4.027574490837167
3.6772555642497045
2.840619100791132
3.6824861746549686
3.4752419858910097
3.0912928082555386
3.769258289922196
4.847853693156819
3.050151425353239
2.4935014495430314
4.15204973731438
4.791539835917942
4.077188021248222
2.5056822996048
3.286413379523813
2.274628108675288
2.8814866699633375
3.70946308185298
3.3471291594004273
2.722784814865267
1.068287664983815
2.8214156002340447
2.7191842332214557
3.8224619669732602
3.4744594569566543
3.0124616749342854
2.9566549878031196
0.6631329543666159
1.0259706366198624
3.749687813491751
1.137285337104504
4.928302897265495
3.395283957016713
0.9704832095274791
3.5092900392007977
3.920248100783181
3.3763799405559025
2.970149259662592
3.660809187191148
3.744856147248346
2.8646200597272964
2.587796630591317
0.8499725089291886
3.693547365630896
3.522235768451727
3.721074036962395
3.232440463220395
3.3338684085820782
3.674849814803478
0.8342517213248448
0.40875159184906984
0.4106633430285228
2.49849095940746
3.2229165669146274
0.8905708771288945
1.8481730176593945
0.017981085870199892
-0.04593779932893596
0.6960547580411107
1.041887228242488
0.7620695043225209
3.3335564094542884
2.9242111670009487
2.4095057563678486
2.8961822744724737
2.7134612492127657
2.9838451195942493
2.7333079480099824
0.8613375672909425
0.2600261952179019
1.76392504282478
0.7633014627324999
0.6331951918187899
1.536163349581639
0.6466332001433623
0.6383822116486891
1.1672451560337773
3.829989553055402
-0.07230401285837454
2.7637477391223646
1.5288749439231557
1.1186153971956463
1.0052246457259584
0.8375189119340063
1.5716496455727356
1.8563024711847511
0.9978960930545675
2.3144673665262396
2.00978925047307
2.9147953033318017
1.2744271677914587
0.7991650248194084
-0.3748045759396873
0.5908868251014042
1.4720088021725162
0.08229563318798039
0.12993501704805369
1.961588960946204
1.6592443500167575
0.5822447234159989
0.615169076060181
-0.2253023045348667
0.07458644267992495
2.5118910932564726
2.2280506446678072
2.041355832788633
2.5874398568373103
-0.11112879572035086
-0.07552269377109086
0.18844990646430956
-0.2844498811973456
1.8734207412160184
-0.36995192784763187
0.497130799407437
0.37506658762182665
2.1528588018397867
0.4669621238337124
2.4128713037133878
1.2868702930462872
0.30585484572488597
0.34197406177782463
2.8690625560064706
3.9637258853338038
2.187190794885558
3.6442712188372592
1.6689104167753637
3.5564659731824233
1.584130910147227
3.365326355368822
2.5359816317731867
-0.32535757743298876
4.041202759840137
2.7582805784077906
2.7468503522044627
4.28817375331461
3.3899890962655603
2.4117766899029807
1.8044706777231825
3.489843803734063
2.2948760691691543
4.299916363526411
3.090495185354629
2.5529254532668673
1.2563637205329807
3.5644736196479263
4.2223965954100535
4.617183354823277
0.952090094930399
0.3100240030727295
3.6554997581632547
2.2983212473669874
0.9128298166919251
1.6969214420586143
2.8990678094815023
3.350053697835224
3.1133386922113573
3.7980662977723227
2.647341503447967
3.6820522115124574
4.023123832121763
1.4482426916441578
3.7186315496828133
1.8831608819459054
2.7890856151436743
3.957690190112432
0.10487974276293834
1.4526215086427758
1.878309543806484
3.6387344888247393
3.2403068489135434
3.375650994345638
4.956622101820709
2.9618114335382417
3.3121093804863184
4.352823048169189
1.2584437799454642
3.0727469331545927
3.734026281887626
2.3067903842434023
3.8088009787943666
2.8569543300503186
3.0764739724147403
0.5831226697091498
3.157766239482595
3.2402494735209757
2.864193794000968
3.7834071081771237
3.137371937903306
3.864771503187767
0.025235760314436834
0.24159094231920875
3.8658478113088828
2.8367956762934847
3.716780115726786
2.0343741595757976
3.8461407834628103
0.4527331150296895
3.4605667696178073
3.025667945270686
2.442934246184095
3.3578645999297745
4.353224902469177
3.5187644682138473
4.0350176637141875
3.6426054136728774
3.3815314226110402
1.143158085857224
3.6786995061328334
3.655067261628079
1.4225140189244052
1.4588486238381222
3.5336768132661756
4.349202889469489
4.205670520648339
1.2665304352556492
2.38769189619511
0.8845673045926132
3.117459593728419
1.2202810041326937
1.733889815044795
0.402514805040577
2.055333215767062
3.8271928421223187
2.5878897434202
3.5728704086508274
3.0298441660898403
0.5037399692702408
0.9921878659998419
3.8802727075560686
0.5715262889105395
2.9781045959702643
4.043775072166286
3.43317081736903
2.4149912106078153
3.273967636934862
3.6560451257831614
0.21042773836307618
2.536117580704177
3.2069014826103452
3.2118437264298434
4.338709818455816
3.405829107178703
3.6873036481365538
0.7032916555766331
3.169196941980363
2.381148336996522
3.6953820856733186
2.384908435440149
0.35813739577121717
2.7736735484409074
2.082942716410396
3.646374872076918
3.564301111599489
3.194330896545556
1.3022565593784803
3.615702281243208
3.290713152276598
4.216401311125594
2.2157981512200418
2.7591352007518517
1.7384721172194544
3.264982355513456
2.094194624039363
0.9105793104102191
1.5391351303105032
3.25449279403236
1.0940124416327848
1.295910165460571
4.727933913823958
3.0450998542362964
2.2584747191947057
2.2571537705801896
1.6333724256174103
2.2928732381533186
2.5717277506873204
3.9471827401898003
3.6430401357308906
0.5892914164583741
2.745975814536477
3.063440618927914
2.35060082660493
3.1024545050417935
4.28551475849702
2.4616572531326764
4.108310164905064
0.5978884753857079
2.419802907208331
0.5174608235229131
4.157680424182225
3.2893557512208025
3.5280015464858776
3.4881467282390237
1.9435707475589208
4.047632982252177
1.7389922569763345
3.327574419460766
2.022625221388737
0.21379054462526678
4.749689256370313
2.77877473101268
2.324055148449369
1.586103737412055
4.489656309153474
0.773111565888818
3.069913856055515
1.4517070108699957
3.560840674248653
2.687813369817201
4.620281092656692
3.0545502361993853
3.3413586891305798
3.0506068055509976
2.708795348426226
0.0018640416713338326
1.9664698977474482
2.6174697244606486
0.248609850538088
2.0198040479021535
2.8736793422267737
0.6261177319755605
1.8963955073359304
3.4658960666859873
3.76855495919965
0.8321501157134735
0.45591439337927686
4.315199727499767
2.6977761175837087
2.119242100413746
3.519054793654473
1.0807226472539422
3.4727406898104
0.8224359865110784
0.39976077791624887
-0.2533407271115241
3.232129228343414
3.3784531535424134
2.9960277599034755
2.218056878373398
3.9248977844965998
3.420449037353837
1.030762158493514
2.152523567286551
1.9506873068862645
3.3204533695172005
4.149798753959984
2.033679734372526
2.829460382357478
0.8914827538292264
1.0480088336300297
3.7271936175342653
0.9739347915830444
3.5456212078409424
3.1090101176655747
2.7704658797637127
0.6019486429517352
3.547683433012265
1.5929924423406678
2.64789495860657
3.5673814040944474
2.799037367769465
4.484731434399859
3.598862696247414
3.9176368318074113
3.147484901704428
2.866929968635188
1.4266198102145107
3.434007024342561
0.34573272463856286
2.8284971132295533
1.1113773280677164
4.115652333853548
3.331956377901864
3.3418141414693654
1.98160582374129
3.6425722100890305
1.7487810657889393
3.762378028250732
2.4777063746420764
2.1448979059432567
2.941586111063391
0.6443547479424903
1.754138813012125
2.045621139352957
3.1544542886897737
1.593324533412381
3.395859933051698
1.3348970034653385
2.0164542424679177
2.77545103821926
1.4077111740179273
2.6463280124952813
0.8126460270180285
2.9077335110894347
3.98472133003184
2.0565300128258017
2.925268147100243
2.5089979962504847
3.095625718674434
1.1707397739226293
3.5247308089386857
1.2471571373053436
1.3106887702361942
0.7485559094898043
1.2815491412488889
1.5912536435780793
1.4075229323716592
0.01584205905435279
2.562721771735248
2.589422445007093
0.9696082002280401
2.5054536415037925
3.423695452052771
1.485117915987262
3.1749275144114426
3.791206106741468
3.5732642452008383
4.116967977590004
0.3489743354426759
2.54401181987601
3.277109594177033
3.659574349930135
3.263044513356856
3.2880543951949814
2.8540483388558977
2.9984159251672926
2.1755890231769346
3.588192325358629
3.099410486969541
2.028252486419187
4.0927986819029885
2.898688335413612
3.9171432206543533
1.8100513014758093
2.1000599271558724
1.5575889031476307
1.991877759555945
1.8112316835308468
3.943548958981928
3.6449193407247438
0.9007170012367158
2.854937662843831
3.1153414984868206
2.550781199155086
1.8044899856980157
3.1620575596904095
3.685292290795595
3.1954456371286115
4.018306681440528
3.0318099629618187
3.006750571909164
1.3591981852227637
2.005081725904621
3.605311660719767
2.260449253870566
2.471318401415507
1.5810256284711068
2.9455283638222465
1.4560026158387043
4.284157307408414
1.4900918486275705
1.4830541292728279
2.3534328561614073
2.8751046654612313
3.3847652948022473
2.5902863602703756
1.2718520481227962
3.661866164673348
3.8968716435317923
0.23289823645673907
2.6761301025366384
4.40849874245574
3.2275963819698097
1.3017170177719435
3.4781234676807147
2.8789918276171713
2.5592537829347366
2.6718553095929325
2.290340572997825
2.1443600697181777
3.966576444381827
4.091243602864182
4.483937234677356
3.559893027642377
2.6910778628461465
2.1295226214419505
3.684398589797434
3.4594130662578646
2.702261591506199
0.9979177858793328
2.3924733308298665
3.9076439244894114
1.9705601266406365
2.6139823277830794
1.2719216074663084
4.336523756591426
2.237311231009355
3.7644608520498624
2.457261434286432
1.835329442232965
3.1320309309229915
0.9278717237319432
2.987056940408043
4.318632422768305
3.8021795050862837
3.6645048886742924
3.209560661389974
3.234372510441937
3.4213261280709086
3.668206107141309
3.169927280731007
3.19040405512912
2.0118250951886787
3.2726126207082658
3.043061269484207
1.5315617066366112
3.4481850302469343
4.289716968302924
3.328533142480295
3.5961974090211997
3.8621044297113074
2.052616986697043
2.391182279927906
4.204006260571998
1.648631747107117
1.7340086385507114
2.0400108961597083
3.787721977447709
3.7728643521154854
3.253913044834585
2.813559342973938
1.1787818645422683
2.0321296799185484
2.507305963869732
2.5019125830991067
3.2380999836664404
4.41988611712483
2.2597036858132897
3.7712349055255565
3.9763891579912785
3.9184140330079007
2.2010035908526664
3.481363722290922
4.0144624660287835
3.200685697627013
4.562859949175381
4.043113852300217
2.14476725321178
2.892118910072696
3.5721555145834385
3.1086261358978566
2.1787767880228945
3.2228257215848757
3.350891013266338
3.166728378928258
1.2858667391729521
1.5994320259025607
2.5215719564034798
1.4971503031065427
2.745726459674449
1.9338467771864745
3.931248079249263
3.3512612612624575
3.682488132898748
4.452252026327675
3.332309063784754
2.9844863195498808
3.072329429394607
2.829614076333145
3.3191121299839224
1.4835149329615012
3.567657403522386
2.442079106730926
3.2572582426465075
3.9741081935865115
4.271138376268
3.5939982661011083
1.3183473588129213
2.7447756924472997
2.9690625641885418
3.781740787777136
3.174893006034884
4.123839350983269
2.050770007332887
2.650334050580422
2.319912016703019
3.0651313485536353
2.650748485496301
3.595251807377612
3.923120851371576
3.398134487601551
4.171836674430885
3.8300865866574685
2.984933398442524
3.503173182042802
2.2201914734257144
3.934887094346288
2.7115894720359965
2.924713331997025
3.9738683263995482
3.6096325853809237
3.2245200868149455
1.912210553422809
1.7999634263487305
4.044294618838217
0.8630856867917918
3.8394353067425926
3.8026410961950834
3.4507790928491113
4.31093795670786
1.783875981980009
3.6394604222434266
3.8545861689870318
2.8022319147646053
3.483415265799792
3.3608288328654012
3.9746711478362995
2.281095388421984
2.798514110342862
2.3814203405592105
3.8351359097944266
1.7493972131887927
3.284787569897472
2.310287963428549
3.5226575016107504
2.5397131661175143
1.403508630351752
3.606617614440698
4.008353688106707
2.6489461199774715
3.37873692750904
3.477271788078613
3.9336284677688265
2.6072759969948
3.302277689774188
3.3418527776741676
3.751353762296982
3.438896908492728
3.36136851178324
3.204843898310269
3.8852864469981085
1.272032803646018
2.495312505591599
3.428167177857473
3.2627507701522656
4.38551117547319
4.485488552317912
3.377611741321834
2.4916734704104004
2.8003197976451633
3.5248736820947095
3.2913649896110053
3.7207356915179144
2.9354824220800646
4.069211253093233
4.050346390160163
1.9651361855162552
2.4359633800340212
2.697180806971552
4.0993243321019746
4.057710785912327
4.008204814901155
2.8067119283415964
4.053000542187019
2.8220345035024605
2.904222962924657
3.9036371049943
2.782088928493097
2.513147883450149
3.749899765291567
3.172672612685684
1.6832984100394928
3.5384434734349837
2.704379444197986
2.46544519736592
2.766489113041672
3.840854959026161
2.4984729663553837
3.1881396953258605
2.736900994446314
3.1710047392484584
2.9519050304671715
2.8364070103839607
2.537881584174798
0.7412051862971986
1.4144112441014247
1.4570639133741798
2.620411038840686
2.381931431228381
3.0613327012637885
2.6292717424627225
2.064770207430392
2.55394070459951
3.7027694966955123
2.0731061944097013
2.728976230589698
3.3223826138670387
4.048018271193059
2.9713654758941463
1.7829364734428634
2.735187541951469
3.7380059832180383
3.459051589615833
1.765303804908955
3.6418140483779924
2.576705979287844
3.3977008038757477
3.288259660376509
4.353894568545537
3.011929582842118
3.0918693088927833
2.8035313158715254
3.467254230426554
3.969095976711709
1.6467262849997812
2.973650469696584
3.93829153925571
3.5165074733975663
3.5323165075559215
2.5583410979289796
2.5449098451396823
3.98391836779393
3.733187267211141
3.1144620960515903
4.125785469867467
4.078205974741914
3.741672615138883
2.7938614892244873
3.07023557394871
1.6730654237241716
3.743118895939063
3.442889719420231
1.6509099513097365
4.3224124423291626
3.7188353057125103
2.039811347310785
2.9942291405369943
3.3306136502787
3.791973438583151
2.6437536599203355
3.155603583163221
1.5961637138527995
3.199600026837664
2.8118784942152155
2.953574142893281
3.3857712886352767
1.8409757312600592
3.80598326796781
2.2266763960451037
3.85540608668068
2.0553581251357675
1.1678554205441096
3.9162547378147767
3.4616601123964776
2.840002647839583
3.6517614963106446
1.9707787026716042
3.4576649813973037
2.59381552033146
3.506543535177479
3.032258767012476
2.777492029617761
4.018955092353696
3.7592366028935436
2.136926236179543
3.7932011729522803
3.7861614424579217
3.9263126127352983
3.152346164483843
2.2963789096143152
2.099784412001314
2.8137693971996365
3.7204353588252834
4.320036767429518
2.6757971849115187
4.106643931330217
4.312773570610596
2.6692680628776513
2.3795217504687205
3.2137019936388205
3.0333271924268193
2.264953223578653
2.5047461382476985
3.2849108974298202
2.719353967119684
2.444870106920892
3.332696593792365
4.230703200029723
2.8259218299774744
3.3693731298565113
3.339664856300802
3.8047580322940235
3.5929875382044596
2.9265951597040427
3.792186158750475
2.978812700053119
3.783409019890199
2.8957000440644074
3.8724961376786338
1.7544817929714163
3.9080682183129434
3.0618517701505716
3.3621063344865703
3.618975603488224
3.4422745686390708
3.2336339520760404
2.1352693052097895
3.4643378997541725
3.1668338921859878
2.7089031333150224
3.0480690906044563
3.1700089569976613
4.084539791045246
2.0676665067673152
3.673141322625091
3.8036765018900898
1.9590081280004532
3.770774575979802
3.3926716283284195
3.841088114079995
3.3310733277073594
4.266897266699297
3.480573842478125
3.2863439620076313
4.227975661916816
3.325850007097637
2.220591165846053
1.5680407299033183
2.956918666339304
1.895497846359347
3.926600510698588
2.942746774067524
3.361289808297264
3.335726653549088
3.414565307344447
2.4473023529758824
2.211118368051131
3.745215507758894
3.7632864267509643
3.6505654691669918
3.146170811672671
2.8181574544973693
2.754757632323989
2.68923155018566
3.195207131624888
3.0185011501381735
3.5928784404459053
2.3124666168901875
3.2286884633977913
4.492566719162265
4.0987566926682195
4.406595811430139
2.55663764828253
3.852723813988427
3.323337243034711
2.0028321215543716
2.580139161688562
2.631438759778232
3.002910827865562
2.6832296661593844
2.6365215377944966
3.04338450451301
4.4576642688580845
2.717798588838693
2.937376977367556
3.054308663042293
1.736215862892243
2.842757172921327
1.8283763020613333
3.7388319198309667
3.761706502063844
2.5685821168121685
3.2028139388771457
4.002595496639251
2.3837055309839092
2.0177444486542355
2.6580254357927857
2.704071872058723
3.71237297072964
2.5199764963995595
1.717737654802137
2.959618842766454
3.673599811513933
2.1956397123281723
4.255750053689983
2.988989569215823
3.325702582157459
2.953317267062654
3.0754921934181985
3.1605159687818967
4.585000900165883
3.296565172745672
2.950091713003741
3.25498753271569
2.90756733920836
2.663870249271481
3.3199968248960765
2.716914258425227
3.3482280336228647
2.3625656164527813
3.3895505147966745
1.673677460260744
3.949109874389965
4.5147148666307
3.444571172427831
2.889785579447075
4.247946912492407
3.3543761018276634
3.2834946012853097
3.17176823877191
3.8735880533025493
4.6335677400367095
3.667093096092602
2.1882806034859836
2.724572112818965
3.6825135192049983
3.3662575852436065
2.344795024181794
3.6940342144663916
3.7729780234230974
4.022635393097161
3.1543349768158917
3.647362874750907
3.7669947752019364
3.674878518517863
2.720194049229635
2.7715447728472977
3.9959612960378754
3.62925215466121
3.1679605197770386
4.231604873596838
3.9900484657311646
2.9622552689210275
3.335091880135419
3.105120036917526
2.950560877143934
2.784356481656607
2.6232353296952238
3.6154737786230484
2.4431780452264658
2.789724431774877
3.061191643628673
4.554560376200001
2.594090091495841
1.8311299458096784
1.1025649351933942
2.8595228872042373
3.122820838334011
3.549483540750913
3.5221817019233073
3.391470422048065
2.5459511272945354
3.33950190036139
3.7504920951274
2.387832087334956
1.6447893707917258
2.6803831492555608
3.4482814593340647
2.6492196459317254
3.7670556769683876
2.3028536967292723
3.694255986368755
2.4386498468653874
4.020002947955986
3.7709276395706715
3.677169147514686
3.3806738842532043
3.0364550060033566
2.910230988802849
2.3526104782091943
3.495990918795549
2.3685118149712743
2.4969711595364146
2.5783642752936182
3.390990232102701
3.398894327500952
3.468122707692446
2.408217700665878
3.1371265902987595
2.4444394795387057
3.0520961977766587
3.4452410089134364
1.2095758654608781
4.711261656335365
3.7886002364073708
3.834866961397388
3.9928581547746256
3.3159511324159014
3.3648991461865503
4.176842722498409
3.2444029024916006
2.751832836363784
2.4712182993376794
0.8252387129153433
4.032528158704889
2.5893145014174443
2.3043657923752514
3.9604340978311834
2.4511405984318158
3.8447930302766222
3.9689049420667013
2.524903826384484
1.4335297852213056
3.0723404616607457
3.550159680260008
1.0424624402940523
2.1432357680196747
1.827910617129211
1.7893195545980485
3.0385563249501786
1.3034726332410165
3.70654252832811
2.7331206981067515
1.8594680111716912
2.1715128490868407
3.605823900135811
3.1241196357963994
2.076021575139718
0.7948822586402847
3.2248091989179137
3.4916667858862516
3.5358791662303735
0.5306424335506569
-0.17021251679515667
4.387236605971845
3.8362588125096804
4.093595993602416
3.4388946585325733
2.1567083874260997
0.6145147089166866
1.7556931025240248
1.855698359540543
3.5398301970706507
3.4492333817172147
2.387286305425474
2.378391598170892
3.6039990264294914
0.2793063789939171
2.049848333667018
2.553875723991342
4.06483703118269
1.7372400034612259
1.53176760606143
3.39489488879026
2.182060239385995
3.881036449052356
1.0341187679364012
0.24974913777719074
4.286492568037616
1.941139772035719
4.121664415639356
0.9313250498780801
2.966497768002791
2.8298847694281095
3.274721697744682
2.644816934946291
1.0265816955955536
2.9898546132530184
4.544989204565155
3.541932326965573
3.6620055842970274
2.6458035485499107
2.893823943085576
2.5788114757527003
3.102813648977693
2.0030249957361095
1.1164105685360826
3.884565865945701
4.13758266052783
3.8265461415050765
2.781762131489973
3.541470823045783
1.8497984547039783
1.6326186304010304
2.7343704578050927
4.622559013583179
3.8816244570657537
1.480955782487441
3.5863638455242626
2.3813567357134073
2.3472011364820657
2.4710692724645793
2.2646747642163456
1.8260358630204618
4.5938373966040915
3.0049206466233818
4.130853292707563
3.5100736035642712
2.4619322932720906
2.2571585814099335
2.246977182273187
1.3131460240340092
1.090097230817454
1.8615944911876032
4.0973745395299765
2.4206447221505476
2.953786688968761
2.024397618748077
2.46010833087146
2.8625764997933274
3.1150434617139258
2.307095936285141
4.082506646605832
1.798537426879458
3.083028673148963
3.5685902578797966
3.920205995457203
3.109919726527084
3.298322180163166
1.5233527952395725
0.9435055155951039
2.928354787921811
1.6180326611054099
3.1879095731044607
3.8055418462902875
2.9214891280183277
0.5757315410759601
3.474856977463893
3.2670451157453577
0.8697238093601974
1.010856889624281
4.24824328036414
3.2787827527792226
3.6186140371691318
4.39380895901904
3.7385419011678787
0.7992521221054414
3.484444458177091
2.117332982047818
3.4254884623531447
2.273271031841237
4.981665155899781
2.1354544887414826
1.9593628778129693
3.4298561153442266
2.3472876283084183
4.197792740750095
3.587308597382707
3.524316513503194
4.082097056687385
1.3280979548636087
1.6418979553583697
3.2596774453070623
1.8792298766865503
1.9657559300541236
1.8262139681100868
2.188046734583587
1.8070678031049834
1.1433196159752543
3.8858548094905414
2.2448919759333643
3.3130842583000444
-0.013302053098917827
0.8376507464777244
3.154731376800367
4.151002904900348
0.7017303602733436
3.388742843153084
2.9764326376561137
1.1910520775753028
0.19374310422932808
1.7990970842293774
4.5022102752871485
0.5715982224120174
3.2875998440085663
3.568932576562412
2.5944980070120183
2.6705441632879023
4.311408482727424
0.9526829157243223
0.3653799366578468
4.08020671987831
1.7446422833416337
4.277604854122425
2.3801740145186567
1.5382576131279424
3.1747714773503626
2.3505450878567444
1.9076812493869115
2.1006649885070305
1.996543180215574
2.682515948637678
2.971713924364514
3.024720687976369
1.1187309464915374
3.048478448984981
1.9048027445310507
4.282192535939604
3.631391860070602
3.532884311489967
3.1465603325747207
0.4988125601742326
3.572820969958484
1.007874330821488
3.502979243471415
3.2715816331572145
4.2261880374382805
4.448355608482916
3.541397797698095
2.4410072644609935
0.9575957246525783
4.038853085168
4.391011275277679
2.2524370603037918
1.3657428052586402
3.173671116043308
2.1115773003002034
3.8271154608180495
3.1855901669898867
2.633253347481567
1.2842992258607158
2.6309156872536525
2.378462578404581
4.651442665609781
1.395270954178218
0.5928645614123116
0.41533685062006853
4.331586687771709
4.296541869747374
4.0585322091441025
4.802460759211203
2.7384066349870646
4.439129239268699
4.442736130236452
3.8060247913551493
3.5317883858363683
3.3386117084624547
1.5325050140918264
2.8044968975904423
3.607723818939428
3.042453375527747
2.317829066111885
1.6719898267936497
3.1256603719811142
0.30808567931048225
2.1424966046067886
4.168034245238682
2.5868024236754925
1.5462769468023199
2.7707454008159997
1.0598230686359373
2.199627887732787
1.286324010253173
1.506506919879458
2.3834707335888847
1.5835668950342965
1.37196883499202
2.0522872695622123
1.6464873928165975
0.9421451034762557
2.216675710264032
