3.7233480969585906
4.029457136453113
4.30329516451235
3.758371277250724
2.177300231895037
2.378401452371049
4.098608742545356
2.611708393548611
2.617134825538709
2.1992939757105625
2.205904570583929
4.727688451538986
1.1141048440325325
3.2431670119659857
2.200077051628534
2.1961874056653103
3.7577780260970246
3.5713224073373873
3.5457729848647785
2.585040176966204
2.3730334900481846
1.1027526319924792
4.2236610290950845
3.8921400545032063
1.9943514317118907
3.296789252586417
2.623333245452615
3.787481473474029
0.9365115968110103
3.5618504831778837
1.914275700335005
3.2994554082878165
1.6687724849912264
3.65028911870991
3.1588399749952214
1.3451307693078425
0.8288052180090648
2.028444283662411
3.4251133165110326
1.0125454773090508
2.221120072396349
3.6469386535751274
3.615510823699057
0.8392350291524822
2.0875329276419587
1.2830672372706686
1.1318189849551183
1.3309367106685697
3.369736580779997
1.108936341721777
0.9093416456108083
2.054919368356184
1.019053734853935
0.8954833964167597
2.6855006559632755
-0.15504841536330866
3.896776435715837
1.305443218564371
2.3235290616873523
2.0392777403656144
4.808720528065376
-0.1093144778749306
2.834944689641271
0.9036589634233485
3.0778206213559574
1.3652722278277027
0.2818574996673579
2.6161859831961904
-0.18558124278043991
2.60348959272461
2.3183145257492894
3.698186941911747
0.6636649059241415
2.7035909185701943
2.023819823693375
0.3025167210293211
1.0722206345694338
0.03983959207507498
3.370684221312809
2.9356923244946707
-0.02460955528761727
1.1322195502407852
1.133971300240277
1.2120813036738072
1.5512444543263693
2.0011298795975736
2.6775469663440497
3.954884659618887
3.1551429594711276
2.9029367617723025
0.37898011417622474
4.047068489970071
0.7364447021215679
3.7265647380574163
2.0730565218736565
1.5659796595489546
2.5586374358058297
3.73078738531483
3.279040073142449
1.5693529721131527
0.047476652634344696
1.5532964198356936
2.71508901839359
3.271156470106876
2.5301602931091067
1.627062241217214
0.07330861682328033
1.1877414514049907
1.5571590780263167
2.2005035634308565
1.6074302367682685
2.479084701680017
2.1390894827420044
2.403206261362563
-0.261824961568974
-0.17333977190377986
3.6107261168148477
1.032217312173337
-0.06376676642437257
0.9699906061913994
1.2189182122455124
0.5761077800886527
1.5682533702906047
1.8481051653039957
0.5177898013550413
4.855556282256133
1.17983956043334
2.993666806905142
4.731382393102543
4.056795563331597
3.7299997701237895
2.693640440467314
3.3865697102344083
3.544094373511132
3.0393830064714265
3.845927469464026
4.6843290212195
2.6517060882967223
2.241348010751984
4.228768106111404
4.723898954694407
4.197271271294085
2.4791247761066946
3.3466606586499323
2.283620351006797
2.6438154748989704
3.8088106765147223
3.657325164102337
2.470941734257874
1.1057994764127854
2.6194736960461142
2.6001793884174935
3.889292618558073
3.375698399308907
2.899707463306417
2.843588722353379
0.9456507491303465
1.3190914711610031
3.7827418074523833
0.7896149006913016
4.782891002592718
3.5326353963526524
0.8745898778717227
3.419559441002091
4.021402047833685
3.47570455234908
2.988564996369234
3.1610904614137523
3.841532851753431
2.544367665275671
2.6641479919304754
0.9039537384041987
3.571129118464562
3.2613994463762856
3.3756519546311545
3.4617584239505077
2.956886821668689
3.6167808292096293
1.361928527224733
0.16319271326043822
0.13935872995198378
2.551456021985801
3.282138153946043
1.198702918219411
1.736283612967855
0.01654242546943402
-0.13094535803983826
1.0201192786086093
1.4195945733970934
1.2005673281348714
3.151232790827937
3.07349926563658
2.708170984858404
2.8080226691164922
2.4232374751336736
2.607650918140594
2.6141827257342056
1.010801463900171
0.6910331233595577
2.03078251092339
1.2893947159602535
1.3503799352744772
1.6554418087635336
0.835772354755328
0.8133827036619619
1.1356545059246874
3.5952679396298084
-0.03670498031065611
2.4865558658143363
1.0111000608440035
1.0438901155617017
1.48871155709059
1.0695949925117936
2.2695948326103856
1.9521554923777509
1.2389967673821447
2.369343246774008
2.566206890030296
3.0144019935154285
1.4227866194175998
0.7485314125474578
-0.17210096972669192
0.3844752868335221
1.1154332102148896
0.27365356202817576
0.570336641101576
1.864320952337336
1.316424974644117
0.2550870285352978
0.43885067100312597
-0.2445152595317968
-0.04341989431882304
2.4971475181460057
1.9820526962299474
2.641406574985989
2.848236923481185
-0.1243354941930202
-0.1371711796798128
0.03630733119584745
0.11282372601152241
2.3093767314357367
-0.009256616824579733
0.43408401074224606
0.0038049900022886773
2.057312440051155
0.6914186880878836
2.2657272981558463
1.6289188899050928
0.7430418509264383
0.38324043317795903
2.8422208209060096
4.018284672368921
2.024751294817148
3.5043316934959505
1.035694790313971
3.54952916058193
1.8435543493995756
3.4506561380423366
2.886305165487382
-0.09192146390952399
4.270110979457774
2.6370745158007316
2.8417970031210915
4.413992288065853
3.21140244181731
2.457047453551056
1.7338629380816724
3.4640702827698644
2.0709462022532663
4.429308393486395
3.390065483384801
2.8926235295221314
0.9680537200465589
3.5813065431430355
4.339832810874673
4.626039573208794
0.9750202127317649
0.49582890036490596
3.609065736032356
2.58964637916459
1.3366023930310789
1.6844079025001
3.098012527400257
3.476477030981668
3.008674909803699
4.015385578261841
2.8812105694173633
3.6479506050031016
4.034989242994064
1.5313019357760707
3.953470507251556
2.0893286318778075
2.9915543569817213
4.186552958017553
0.3551391930053384
1.5096172311849383
2.2734532587339915
3.510554385392355
3.2256203740621774
3.295940563910985
5.022582014439735
2.8007745501124055
3.4658946550014478
4.565659455213171
0.7581548653233545
2.9583372637829446
3.801940775498717
2.052039242827562
3.7682759447611915
2.978862648929619
3.1207939096950836
0.6708952719815777
3.3333762602606813
3.328497622496514
3.2424364813610067
4.014491614127219
3.4108075138912572
3.9584839507404106
-0.20126400768273384
0.20190161974520382
3.9472128125825443
2.83758522661168
3.780945169812133
1.7753989399362227
3.877117289824677
0.22779699828721772
3.500422463931053
3.2296949281253995
2.4907179965091366
3.230842918423955
4.376699981383193
3.5278563053419485
4.165341269477616
3.8631678365171007
3.426627159155585
1.5939904982935242
3.7706632911086087
3.895134686719824
1.4513400095437625
1.611261140202425
3.5335850906589616
4.373823999631605
4.221154984921342
1.1064804163421622
2.6768666474994025
1.3169563694487791
3.053859127109091
1.4443067924038098
1.5873284634787868
0.7091277290341849
2.197987962970419
3.6444677611511405
2.5435053155037672
3.691829693096696
2.9568165121502985
0.23559092401971765
1.3785140064788801
4.095154475491975
0.5050832209033085
3.1653928233743707
4.1286150874006
3.5973262745096277
2.3771830890191086
2.995579650040092
3.6613486627689413
0.5212878812007462
2.735910996466544
3.3014171175300393
3.3293967767861212
4.469718742881074
3.280489646982049
3.7081306907720246
0.8473398608647245
3.69739474238851
2.3973710864157725
3.7866618033255044
2.695913992303864
0.4921998779509687
2.915074813922358
1.9942232373545625
3.6516849556014077
3.868876261916656
3.284379999583883
1.6649739329704696
3.5263385779929153
3.0907649779868067
4.1613811652211625
1.9959200195444242
2.7970197353819892
1.3598340940727676
3.4869830201929086
1.8000740484251496
0.8196123613451471
1.9653785973961906
3.472590805430534
0.9355195435105617
1.3883601640162833
4.694339118604366
3.018993536621752
2.3221549575350253
2.3151659431095557
1.6179920779201047
2.226094632675258
2.6775694639546015
3.7851797375885057
3.582175285888796
0.4213962195483135
2.331613713509531
2.960617405940708
2.7322167364938905
3.293353897362308
4.534878085338485
2.723649097916049
4.31417824646043
0.4837304764587674
2.35603162522008
0.29700631070894284
4.210994337363798
3.195210650014285
3.595635260241337
3.2767604104834893
1.821505979119634
3.9591499939306467
1.9432542382421691
3.431747022624794
1.9154682438761523
0.13639341113223385
4.789997070898402
2.5982335893872204
2.4634680507658593
1.4729706013933672
4.525762242235953
1.3433990072468012
3.052614398752723
1.2570410282875153
3.5878584220086776
2.916631115144319
4.538961182694773
3.1026652649911424
3.223138463873729
3.130588904710519
2.5957413631712476
-0.10147534181152446
1.9177992581717462
2.493215921601615
0.5310690286997064
1.7008948127164825
2.8807756177055346
0.7712283342502557
1.8181921124339326
3.3632271884182248
3.7197062027438563
0.8620613692094752
0.5765753472357438
4.48314589146122
2.811907921576395
1.9224290953583139
3.6071452950800995
0.8209494847186072
3.6356462548045987
1.7448858724516136
0.4287503638312737
0.06493621769763164
3.1147594829112246
3.3650387114647766
3.3184877443038174
2.128370265109145
3.9091663936548993
3.773769304083883
0.9222065354646336
2.2377768356971997
1.8604901256588222
3.135855866054102
4.240588392432174
2.166704020188376
3.0326039495847787
1.0343053564384863
1.0663919133068247
3.7750300223795215
0.8132316860771192
3.4547183758283526
3.3873932689748263
2.5755376384332522
0.23118538087872592
3.5428752668869006
1.3520671315002488
2.4412778409699043
3.6110240710231256
2.562052572437176
4.497556314470223
3.614125375080129
3.94044072514895
3.0508472033526295
2.7946588214188504
1.0236620783049672
3.4984744750305334
0.30961489641670853
2.9643750428649667
1.1362049915629633
4.041258564615512
2.9222809628415702
3.0460567317225977
1.9554604535673636
3.443516367263968
1.918628681388697
3.7922609838883816
2.3983876318187023
2.196031378880066
3.1122041206813336
0.32228863009089137
1.4201211859410199
1.478769592602961
3.2440270562663795
1.5408543948981965
3.3023834566622248
1.2259475290423776
1.7427167834913475
2.8706877129054056
1.272708341805663
2.56067548753141
0.6232832803426536
2.94506460218336
4.020770279854189
2.05101333659374
3.2620695990619413
2.510395259909187
2.944606485182388
1.1434750697365108
3.3960458170051333
0.8205045470182566
1.129544860047828
0.6609024671404857
0.9050779158216902
1.7091267636990282
1.0949312799612199
-0.09909155723360658
2.695470666094359
2.1525604739962283
0.5397986547506886
2.5407785313002837
3.329322456565457
0.8860789874870916
3.2980138129128296
3.53810784066023
3.529725983175364
4.108659935879237
0.5144516787201872
2.4025351542898785
3.2082464582645778
3.680368675888262
3.2943881843213942
3.2985639713780075
2.607216847613874
2.9144403511489454
2.054080374200831
3.689921101514765
3.152969584630743
2.049721404626843
3.9435411959321844
2.710491553613529
3.9693994709345675
1.828473261181696
2.2559767378229263
1.3675876860693519
1.8106123186334713
1.9815631573405201
4.119465326984064
3.7743578622983835
0.7683133362310239
2.70679347435064
2.9714372635055772
2.537820440716358
1.576452629029434
3.132769914222734
3.7642656742313867
2.8173401625257157
4.202720537472699
2.813978989390079
2.8886596979142753
1.1461929894564813
1.374146370648814
3.517310297973449
1.8977130781496698
2.3568934815577585
1.3833560756094037
2.9066817622200762
1.5173540270562507
4.080164971177711
1.291968317399209
1.3670790719803465
2.049786575814905
2.7802401817400244
3.507884686952171
2.5335241887876774
1.811667939340406
3.6572187776473437
3.901505773587208
0.2960800064024622
2.468535999343272
4.476298755706546
3.1237282321200435
1.2656529239467893
3.453649784008324
2.7283327005413125
2.41401711356338
2.626692976888742
1.9712141736624362
2.0945399146957375
4.094740613054266
4.159543610487475
4.372418135485311
3.5779013271787816
2.6608812940661375
2.042565918730565
3.8534894110874762
3.4338901690752945
2.5984917752062353
0.6835581749437996
2.325280256502998
3.746051947451176
1.9310315559394025
2.600913207250442
0.7269331553337735
4.320342183022827
2.117678033178139
3.69669083708333
2.2360736909080114
2.1754427959951355
2.7005517418482947
1.4799730645570988
2.21165500960991
4.4881556678379
3.8239770010061345
3.3554182885365593
3.025620714777611
2.8576486652381767
3.083406816662031
3.2724294949018975
3.099426138654118
2.995638919552246
1.6846898079026729
3.1633210223825654
2.833682709065559
1.1447138306785434
3.1173825971506077
4.371087423620961
3.375270510248725
3.6386170122742914
3.752930175716639
1.6383631083817831
2.803939455629627
3.693751233023071
1.298322263185244
1.6995804475558012
2.0231333030228806
3.7714845537340542
3.8267303533202273
2.85092262125831
3.1861874019436027
1.3811579022349356
2.078036411080583
2.4399545042081057
2.926657876036623
2.9119243618320945
4.403814487992383
1.7386223550087794
3.7096614291700463
4.062873610286711
4.175253417364335
2.2507443860246314
3.2781609512524024
3.993856174111984
3.1878016119007797
4.5846403981923505
4.171830504415766
2.2436583955359466
2.8053465751834583
3.509611156714015
2.7259096126359013
2.0883359031861146
2.99936123633176
3.092734244310971
2.8295517715843284
1.0668835652391926
1.5928402856654902
2.5373678434262175
1.2493868939649544
2.726976043817053
2.100864380090528
3.9904775910751016
3.506077129984572
3.732464659974945
4.366279138601192
3.00088224108915
2.875515730354849
2.786160246873505
2.907412702075663
3.1219420683102945
1.3086719257088861
3.5006272286691877
2.3409470755318664
3.1899777786483487
3.9201238900745357
4.3346014777049175
3.7129511283839665
0.9611779947286656
2.78062345959407
2.429486616974897
3.4803162947939996
3.121647836705328
4.056366376778162
1.8887232785641028
2.6397954671955626
2.6501965421942963
3.084929352779651
2.7323043447171496
3.4272739681993407
3.797619945423731
3.2428497905076417
4.240220761213757
3.9489799986494165
3.0341270344083817
3.116044208368718
2.1397589348648323
3.822486492159008
2.702099302584284
3.0062576782962496
4.12359798268926
3.672454466964799
3.147299269495645
2.038308956224669
1.4521355211142422
3.823312801791533
1.0859486444475697
3.6404608143419717
3.6233589410523854
3.3253944148590224
4.533999160853966
1.8366119436053263
3.665282124984969
4.175582372470244
2.8539354435345166
3.1953600226306835
3.066380817627779
3.7118899303075072
1.9283296799264815
2.4208524332810133
2.495551289414406
3.676254612060578
1.716126394466232
3.1435827926892865
2.188458055444493
3.379968968580561
2.856303731110434
1.4428543302953831
3.407343225203284
3.8300890806108923
2.4527677564652834
3.0744727572288597
3.4170899760601015
4.014305272673533
3.0149794698660832
2.916244483831917
3.3018114085786303
3.627740889726588
3.5659165734617875
3.293124642714365
3.13316557073179
3.9208806113633714
0.8542865047837864
2.3131683779463974
3.2986867178589105
3.0889471185549984
4.397184887884259
4.441590247979707
3.046522947397255
1.9366496867495937
2.7480222540788533
3.590256915016336
3.219942313759857
3.750258105580328
2.7133599583408334
4.236028221249455
4.1465121646188114
1.3628401791392304
2.4306203468951173
2.5696586493860583
4.158332245677642
4.253657617347956
3.91266417150506
2.9586090366314606
4.126046674091129
2.4645034701507815
3.099774059258176
3.8311437705635414
2.6854471069444075
2.0094500656472705
3.4812582767199074
3.212608018379036
1.6206870329247944
2.9658144694103163
2.346685455130574
2.481536973097859
2.5541352857161814
3.9417835171635978
2.4314034349786495
3.2075230435127735
2.866575057032407
3.394926458011951
2.8713087997701425
2.352168367436947
2.019100201035212
1.2073046743318643
1.158914952960446
1.2904733513011373
2.715305882316163
2.4213988065410095
2.6910737425826716
2.396321292068712
2.6035844421192844
2.2544820118973012
3.483129463739358
1.2196793544407514
2.5142012658427366
2.6581762341808948
3.8394312833747697
2.8258328816473433
1.7089430480346222
2.633482331371549
3.672123373247233
3.464540808205762
1.2021948567301652
3.353436583609951
2.3350762872575284
3.4095998468476814
3.5191939468055087
4.375208618614692
2.8799105658975557
2.946266450481595
2.6005630136226805
3.4251899438786073
4.047771443582738
1.236721647909802
2.7674604918487877
4.00157947954846
3.6043629846503786
3.366804555932742
2.5403003208844424
2.436394257083053
3.8858708292854995
3.7995932845061247
3.3309914138754766
4.138898658960896
3.983084656721801
3.7140945452915295
2.268724542778241
2.9361843020258607
1.0480324653183133
3.7120881875153295
3.379182648993045
1.766625628374381
4.383728966682673
3.4954089340208654
1.9524865464397538
2.8926608530531013
3.1045566026357565
3.720893996926674
2.353790779380437
2.8192951050468933
1.286678085808217
2.7682984932872268
2.721393720104308
2.7467227721847425
3.2199556171884383
1.7014889923837329
3.36520673202877
2.289927237305317
3.8200075466485317
1.080582879740723
1.2622382905161789
4.0151315963752445
3.4705340814898915
2.9213263111709016
3.690898547775818
1.9816930459149327
3.427529293869981
2.4862967746076863
3.390439789922835
3.412227311191666
2.503501730775816
4.5876316815641465
3.74923621000038
2.0304142534756147
3.728432461829615
3.5870738565061444
3.845083910616515
3.3959343651616383
2.466521668781921
2.307959446260621
2.8841139237750677
3.6266441537273106
4.267549441768197
2.995838594091596
3.8963964359640424
4.365932480976676
2.779568339927812
2.4053588500976253
3.4394776719694993
3.2448648087158802
2.476551535061044
2.3410135704854214
3.4239682586165454
2.648791855976766
2.355500886351193
3.381817981194755
4.111254902403988
2.858156038887086
3.524103128316166
3.636727190703801
3.898501776530227
3.525420362980138
2.929338980616774
3.817358349709775
2.8416477194152354
3.735473491080139
2.8472563372206614
4.079617166005567
2.002695777754384
4.147744680935433
3.1470020076498866
3.402553695490401
3.621225161011755
4.056668604767158
3.161865677151068
2.107922166202004
3.5009332172509047
3.51293922143037
2.6415665914922033
3.2690605048397874
3.3591501308550895
4.152722566034153
2.145503696342581
3.596880369273684
3.6933690284805936
1.9653179839667692
3.769663166401945
3.4127943881844485
3.8994428356001003
3.3559844439996627
4.09263349356785
3.5951625625593535
3.3294520599768878
4.169365756968776
3.3169723353084914
2.1274076565759783
1.50114006032199
2.8030952980953723
1.6364448628182766
4.1148724313903395
3.1001076556614637
3.6295516537688663
3.5299342231374435
3.387907079223045
2.526775782605618
2.191175740747699
3.696408428633661
3.8400379868493855
3.2685174587517847
3.3397826298304665
2.6475189282362024
2.5285574954359107
2.540989143547575
3.395166645489248
3.073292389170699
3.378246101809838
2.6764677758109134
3.2228529315664924
4.560112268525658
3.9121465306188044
4.389703442890541
2.6211061169145577
3.7923739799786107
3.424009487846744
1.9244891404529407
2.50355489263349
2.7301614637947504
3.1763659706486904
2.7503254750895096
2.651352813805505
3.3690750560033047
4.388784904559918
2.6812575935337644
2.906644318132901
3.1819209801728396
1.5882554722929763
2.932896149031708
1.8244272093318494
3.805328302606269
3.7232177956177424
2.5551781521733434
3.4912953289706237
4.302922097020407
2.433907071556366
2.3633681331304497
3.446280310674049
2.393481848656532
3.589545615105705
2.2211762927771903
2.131079287530052
2.9399025314894143
3.634422148303791
2.425138853173766
4.200575365223979
2.914842787809993
3.209145209794644
3.187245750004205
3.4813834747397414
3.195837943631488
4.6328942529035455
3.2713962969921204
2.849992091570134
3.249185440630542
2.6988408227852427
2.5797318061343137
3.390815619134297
2.805698629840773
3.2826988696657518
2.5810947280009766
3.474842636459499
1.4404673597784439
3.6553771982541665
4.501837415290014
3.5620732084296978
2.753876995827921
4.2953756321389
3.072934782273607
3.290057795823355
3.2214020169397175
3.9671565834155245
4.559198706273576
3.847549098859813
2.040132681949539
2.549364623316173
3.976661075664286
3.204085086633556
2.2961131928273146
3.9070909087427097
3.558006306477604
4.0413190637754175
3.203993521117385
3.5795685374832256
3.6825773184061004
3.5586483088515046
2.8911319118357492
2.888085619113088
3.686675708466064
3.5505715612086575
3.4015436891783373
4.297008927397136
3.8093098105266994
2.9992699199293793
3.097926727080983
3.083114051718638
2.858498283249878
3.019359275771355
2.7543547213894044
3.5498411768169897
2.4629065824698757
3.0072731909368975
3.023948355293095
4.588387529720658
2.761643344299248
1.858348306571203
1.329831309749106
2.8382323447903572
3.279616710109285
3.696359990535266
3.60678956838163
3.4329580759651854
2.6099819046249357
4.093473456422838
3.690945626162044
2.326442992379858
1.5338607310801748
2.7310169839168212
3.424078161138183
2.5430351037371377
4.070582200494487
2.449938176246846
3.781037415675749
2.659818738712383
4.112504423683392
3.833812541909595
3.5675736057128686
3.4991250709050883
3.3093130092094873
3.000635844331056
2.1882326505805425
3.660147612228713
2.9598401189179646
2.393677136900366
2.6275513803701176
3.3576649635862954
3.4700199137277683
3.5244006828611565
2.6121207270409164
3.1817878555534866
2.0117070848900735
2.92414936247894
3.480002693176997
0.9134672948692306
4.848894053078582
4.090152714492591
3.7782982826327554
3.7267831659310624
2.977323338430034
3.412277623690312
4.163088992511981
3.1164500213763238
2.718990539846129
2.4079320534460096
0.7694195086235649
4.041906171199554
2.6187598444549125
2.0140495940626093
3.973462940890761
2.161207969050572
3.9843543215238566
3.915171370902339
2.5249657826139087
1.4492154223356493
3.3028944991390317
3.657014375142911
1.2748525522167036
2.1503957644107694
1.7165381051261883
1.783108984352695
3.5977728296709497
1.2224524476733398
3.8533511626130053
3.1521303842545483
1.6898912274572648
2.2657183665919356
3.5930405454950765
3.2644547443565113
2.15044239212266
0.9194152952567076
3.301763716690482
3.5502868970923065
3.701570953734542
1.1025539574504717
0.35801501772105765
4.292143637963149
3.843863726366951
4.132733757284225
3.4556385417344173
2.1615014182441636
0.7752596912731231
1.9725523029812915
2.0010954396230187
3.6561448525475058
3.496172443025976
2.4426808387183048
2.580971676555582
3.657868403979163
0.610042054685388
2.1305362170788134
2.572422779339769
3.8028521539487334
1.5074078174304801
1.6116757865610394
3.465679630472876
2.0722439021676036
3.844761553103116
0.6814730038512067
0.16036932749484362
4.233402571331854
1.7438203865717312
4.161036749433398
1.1410447688147547
2.8944781712417105
2.972839527792336
3.0526253248433934
2.7400988562327444
0.43344031326616
3.023743254766163
4.642354643019092
3.273577786015228
3.6684038281461984
2.6803040723146574
2.809388086330807
2.1941385338209582
3.0648531751516352
1.8215232640415047
1.1731186763621886
3.9775124759409413
4.479013858658641
3.7684779992040403
2.7744311055485467
3.580928227783071
1.521574717439126
1.7362386946885242
2.4859428969923667
4.50203733670881
3.7303399994006488
1.4217449093428827
3.3875619854251333
2.7853796924987178
2.4754934748918465
2.872857202293518
2.385790460179906
1.7301008462568488
4.621982877513498
3.134895499533765
4.150673028495066
3.3886226887747823
2.093116307863571
2.0233018605843283
2.425146326560665
0.8836060836860571
1.100679633376664
1.958129117354365
4.091716348869805
2.325110139623977
2.5023008071801836
2.1436186952634593
2.6786155188083494
2.848847810302726
3.249782639037899
2.2900206194605204
4.054665393042504
2.0739576409256544
3.3938925893611622
3.5688161304235564
3.981628825135433
3.052966402065136
3.203564188691718
1.4076947620133229
1.0681610554119225
3.0394768547571775
1.562141997001774
3.4100146487656775
3.760114125181096
2.812325841357112
0.7681768372524382
3.5417141317900795
3.2970977906203074
1.2425821947886455
1.0325766051453753
4.2817000765284865
3.3819316381711992
3.5235062211151207
4.333069309471306
3.582360142091551
1.0178590977604007
3.606650404769129
2.354898036928392
3.6287149653245603
2.5816998624433842
4.9097933711797745
2.1364497797325472
2.182568008204532
3.559872659380015
2.1091348966423933
4.21328095544152
3.608248738192604
3.5532169660449893
4.184885213562459
1.4956655977568276
1.8136935917907038
3.5497920496700437
2.2192913324594787
2.0016240052967187
2.1111847598501847
2.4864357921936606
1.6316048762505089
1.205000913983599
3.800580703905443
2.243753866255639
3.3172181682889326
0.6401335236693695
0.844070883180756
3.211888158323953
4.0666801110761766
0.6176695027100758
3.3183402115223752
2.984925571377653
1.1538444750744299
0.23691043843522525
1.9727804214015952
4.411441846979993
0.634257582200402
3.3917436543973287
3.637799610241415
2.867303259604721
3.02240454186153
4.201003233640084
1.2432240403675456
0.4857082490378363
3.9750992974240176
1.9117539898152596
4.182640514123421
2.6680942750778494
1.5651505289980174
3.3415683238156366
2.471235844041208
2.1601519635249002
1.8893581683320442
1.5306592205321472
2.8430795222613727
3.398603312345881
3.007975663366701
0.7277025198522524
2.930540131858534
2.3224649658988734
4.0336044216006695
3.6057346400267325
3.630332578965574
3.0816997130643884
0.836059107866999
3.5653143399473715
1.0240362886737997
3.3829186258221817
3.5382043129135563
4.0466063591050485
4.5001158540862916
3.6602487630515257
2.653288345957908
1.040693901719595
4.104186780860096
4.361682583473245
2.21445895162151
1.3025186278700236
3.1163889206188164
2.277908590087212
3.27345864468378
3.2521247444504504
2.5220365637146576
1.195853597597434
2.718063435450623
1.6741003718413197
4.593294818012596
1.1279154942147538
0.429591859117665
0.3603373340457463
4.208279983792633
4.217733163823093
3.920537898186016
4.919335236689159
2.6795764423764488
4.385671793713751
4.457647880358405
3.8763856552487153
3.401939652660649
3.3216776747218666
1.87622571251791
2.637326056349619
3.55303683159435
2.7738236151704667
2.1164789395464463
1.9287061849292138
3.349884798610233
0.6882912127046876
2.1516040069404263
4.162021459193134
2.669425817417284
1.76566971992665
2.9543361340139485
0.7243649287523763
2.498883213639745
1.4180952920348409
2.0170003381785695
2.4502984354996107
1.7276402787333405
0.9583960962579201
1.9770826561485912
1.6595805886069128
0.6660632259949324
2.1643166550109223
