3.5353594940131234
4.082566696937677
4.324113535557409
3.6141770142693206
2.3546300538610447
2.364741047563018
3.9271426812442423
2.953548651952957
2.9836059793409815
2.0556404451526715
2.0573480223383944
4.790173419219137
0.7177231126444334
2.846863284427326
2.8088262664993033
1.7738555374826002
3.4756777883906302
3.5363569294154162
2.7952683129655274
1.1282953646312566
2.4210885139593117
0.7207466164174978
4.381606612537165
3.7711513185155603
2.3338561877480295
3.428313667519342
2.209963312250558
3.2876962391422655
0.8845279085541484
3.5171679942805714
2.4529061322455865
3.473073089985512
1.903753021704578
3.650805745797279
2.9872760585797273
0.2959490399291014
0.650322649051172
2.216201059330177
3.659245992325225
0.9126057209007338
2.84832609795395
3.698314909442643
3.682116546841419
0.5410267779638951
2.021414093622967
0.6808640233444297
0.3840762168464418
1.2310516307725106
4.014399641566477
1.8323330181564284
0.8017267930704527
2.594152793273077
0.5306250689607828
0.2662386114855595
1.9569286204842233
0.0
3.8160730541412784
0.9552183331219013
2.2366918729481053
1.7893851146537594
4.688335075129112
0.04910365921236906
2.9491308771420197
0.9202815461868086
3.032672888596551
0.5313313234945881
0.0
2.8672958944815576
0.0
2.5207870123670686
2.613694006490917
3.5528060134537913
0.7754061338014051
2.68888921350708
1.8191977125796237
0.0
0.48078207626894753
0.0
3.283225813793666
2.902844164332044
0.004434311338417651
0.805953060679695
1.0456135290437565
1.1850747592170594
1.0982155416742887
2.0964062667581693
2.9640448681767797
3.4717892867044684
3.3216688078127596
2.6065663176343117
0.9921707578422807
3.9496954366368184
1.088088684510775
3.7238280944151922
1.097321931057359
1.2651880639598267
2.7213917808989514
3.052026182707694
2.816661049063981
2.0608574306994907
0.0
1.0505212255381564
2.8912372246500864
2.6174338269292496
2.1500484249644423
1.9834146488384694
0.0
2.2319902473518107
1.403344965867946
2.3832801879863688
2.337391420212823
2.7484138368200837
3.0381725300893043
3.0342603616701798
0.0
0.0
3.6095476817781424
0.36396296035016773
0.0
0.7159525937730005
1.5884239804822304
0.2948801023903844
1.0448814097301309
0.7602891695185728
0.1346995942328475
4.7757199264836245
1.0181011183170543
3.235811093494859
4.6628249832096
3.917873900876222
3.809794544863701
3.0126400614337188
3.4325022066657374
3.3098960801681585
2.8933739822656745
3.8216152481555676
4.79010678126489
3.213992686202049
1.755320165409563
4.103846842554708
4.734179064597907
3.940749173853902
2.732006776273626
3.493528530514326
1.6817099846155223
2.0500178994189477
3.4826217292068
3.1092281113566864
2.1021551754643566
0.5389321580404655
3.1468934688420083
2.841450677206244
3.705195322007256
3.4318090723633112
2.8965059793699144
3.3359966001920673
0.3777557962886082
0.8668477346003074
3.766469453337143
0.828571456750028
4.863695650415364
3.3653444846778937
1.054213389784374
3.480795777887086
3.8371679362183597
3.5807184195583623
2.696931263375169
3.56999994652854
3.4990735937534447
2.748694561698721
2.830818919627153
0.7361916058086857
2.8866742508857817
3.6100110350247743
3.266361583859676
3.3054169341476944
3.1250702688336824
3.4227546393245074
0.35936396605510645
0.15658539802220195
0.15558710406536688
2.641681555597968
2.74994820605915
0.82788606448925
2.483967608383301
0.0
0.0
0.8595119214394019
1.1042182511890426
0.34811548021471
3.0348375741444684
3.291379666775632
2.347517443129761
3.1794328383766173
2.972778858413072
3.286884962605498
2.6088451302753004
0.6477942261410793
0.3232960782295561
2.3983334933973532
0.6873640878162289
0.8597010885955408
0.8223513292780432
0.4048338846839671
0.08763830379241336
1.189179643053128
3.4415053810962766
0.0
2.780650310681607
1.30088165535358
0.6752397268858524
1.0825870046044812
0.6670995333284004
2.0490465074435384
1.9413966216378367
1.4078196803342082
1.9650124486572078
2.3546052925996817
3.0657636641153534
1.0984108442594538
0.639881898205177
0.0396273877000449
0.6096154511386046
1.9140782502974656
0.0
0.0
2.4407828391481656
2.1182893995959944
0.07961727306048405
0.7832255744985015
0.0
0.035214111294556594
2.924178752503611
2.2034197001098708
1.9029569019043173
2.2199305263443767
0.0
0.24525845453301887
0.08074708722743962
0.0
1.2536699471236532
0.0
0.0
0.0
2.45356642723098
0.345757176426163
2.2702876379816868
1.5254704425267367
0.30648644973488987
0.0
2.968320214114133
4.046348734834935
2.2673501250752137
3.6216171245149065
1.4126104377597226
3.601198201517941
1.6717734149020755
3.437407478768102
2.852666270991473
0.05266850990855515
4.271567062749434
2.6435813663844776
2.6462660509418683
4.353391711141149
3.0703853286782774
2.127755012804429
1.457722759777261
3.4754780063996673
1.7896343188253654
4.0787840798953985
2.946477947551509
1.566831205213038
0.5256593279450585
3.9444608956700495
4.299822885515665
4.532721412969241
0.726155787016312
0.2269490401221697
3.7908994057335876
2.0857537456992246
0.9099871932210462
1.764275232353871
2.926935906639918
3.073157981155034
2.7443454169995203
3.8950016859427627
2.4118806964104964
3.2387796313258264
3.9897105971416487
1.627060219677793
3.573680741266662
1.0514570938748398
2.6834238192895388
4.138014304708079
0.07489540275288559
1.2020270390062848
1.794239465313854
3.622808629383643
2.7172662176221483
3.4405167087123862
4.9730914326784745
2.890832096191713
3.431544937176329
4.301365565932812
0.5011452802517099
2.8712083305981526
3.436593145200864
2.5834873895554393
3.8866643405528247
2.3455440524678686
2.728958610769391
0.9474827055435862
3.0619653847887927
3.10354301497161
2.8928871541350505
3.844276028603967
3.06993059072295
3.7175442744090548
0.0
0.1386523054073928
3.7626414102027415
2.263083048883587
3.7942797414827245
2.106544814837334
3.4108069880094387
0.5766965700172746
3.4690759087559604
2.8004766372148033
2.778977240144884
3.0638456875077953
4.24386571757225
3.4832844641226526
4.193919379258304
3.6855596314274033
2.68643607977703
1.3015404307733995
3.8191205831516672
3.7696662575360884
0.9303035520784371
1.2375894820978435
3.4397395674284352
4.383895762395711
4.15333568603873
1.0912441914839675
1.6393767731748308
1.2912615981754645
3.0697150637829047
1.140471771068878
1.568693323028715
0.6158878921398221
2.3623948163161526
3.709124095295935
2.3924150162650406
3.65769916883744
2.8411182273847437
0.40052466224305217
1.0363502126628683
3.9368552808673636
0.4918201534512772
2.5457421661993553
4.022989660540692
3.7638740439699
2.6346164026302397
3.2010764168001637
3.762904918563035
0.5945994002260168
2.7592436248890735
2.8443139422075676
3.5029723804348745
4.309451766759021
3.0830712495988157
4.208362005100588
0.644456947971503
2.731842189601168
1.8042210395662284
3.2919357703680587
2.0471950948500908
0.3218528897089886
2.63613635564088
2.249052476712863
3.6350150721733634
3.4724885439672546
2.961231870950926
1.5684772017022852
3.15570321345659
2.6898001334660853
4.075130817803094
1.5215424651863925
2.9547601821639295
1.376482824629208
3.3934147311639284
2.085428310956308
0.5971139765165542
1.7534793898976273
3.023017532349284
0.7424059621281811
1.1938820942984643
4.6553193443403575
2.9205231195437005
2.1921083946161612
1.9106472919057176
0.9225726040721782
2.0138403051964295
2.4448534308775685
3.5597533723514623
3.5138922827312085
0.3263453872606459
2.5558843287410937
3.0680141807836714
2.225972013550866
3.0653540805280333
4.230647984176409
2.2903594366143336
4.223990608115649
0.32015498157627015
2.0667708244290965
0.12028570827427029
4.0919378887386975
2.977810649001441
3.6734155301141067
3.4596992100632677
1.5032968143284962
4.123375956058533
1.645099563171436
2.7832095305337674
1.4155061966310598
0.34595839044565213
4.721163558605676
2.465111698818996
2.0488658642574897
0.7502251118115117
4.307663500062267
0.41151156483413986
2.829282779239686
1.2036583248530917
3.3759715991464496
2.4908790089395847
4.49665115245533
3.0469914666310842
3.5131804304080143
3.3089638821243827
2.9157745751589834
0.0
2.3738869097432236
2.3212532076220054
0.24409241103969906
1.7313185463372445
2.7360112999999773
0.6695374953861063
1.9247457011890416
3.4679898287278794
3.7929136887022095
0.8924038584618968
0.3505020285646425
4.366098940972619
2.2479944138907806
1.5381818410577288
3.6603043533101447
0.5234783177086191
3.2597206262265193
1.267243146899536
0.7130706980313971
0.4517422542695231
2.522363891564811
3.425425082262561
3.278043823310041
2.139660253355948
3.9702687099951612
3.8793487771044823
1.01871081713104
2.704910620147783
1.9651176899491627
2.781629979219373
4.109564254318499
2.155715527482684
2.8332629625241914
0.7625074337324486
0.8323134772341574
3.7148980350410232
0.8978658574967604
2.9847210785111793
2.899720080464533
2.5857849142692775
0.0454186754266038
3.70947559685196
1.6274165141146684
2.6344574355517567
3.7752393731416047
2.831784992162474
4.329434278560374
3.5904590516411217
3.7705031806785048
3.1038418500276004
2.9901830093288293
1.8770510761229136
3.3083338919582364
0.6113936482632043
2.541288232186533
1.4565540022208492
4.0728164790739205
2.8752817745347503
3.251485999931301
1.3361764351450167
3.4635247750557268
1.9350650618447813
3.827548311992599
2.1921679188590764
2.092649115152577
3.146727760430813
0.3100414911193018
1.2219978043817177
2.365250722675981
3.3010507883394693
1.1452398368684868
3.174941534193776
1.1748433753962295
2.0909219740110325
2.387352295236627
1.5342530381500645
3.223806280370262
0.6350888703099342
2.9867393608819244
3.9540064279932103
1.9611727492198108
2.1153925293076323
2.592537687174193
2.6994685751761116
1.0018872384505477
3.013808611142749
1.2157120679892235
0.9956726346952802
0.9886374053945535
1.1652429714322483
1.8453649496414875
0.9666866684972526
0.3380773925966513
2.4342994206918718
2.355074019936075
0.8386152291689758
2.6603639587281442
3.800173190849293
1.515158825259048
3.4112620310417716
4.000132401937049
3.5432475075640593
3.951142334199724
0.5383747441413118
2.3833828573514326
2.8852471447791768
3.540921305604937
3.31830420797023
2.995008499414763
2.69060918509206
3.1730951071231024
1.7928540881862889
3.4566706437318757
3.1973831957668217
1.9058541789334769
3.6430271351005388
2.5666155270462765
4.0589731929993045
1.4923381740919253
2.2818301970706223
1.4119754620768667
2.185473269651517
2.0218637580670675
3.9308680172895336
3.7997474607080344
0.8503640471728884
3.033116413923123
2.6663625478518087
2.3162888055701467
0.7930149885990767
3.143137889752393
3.6459844935674495
3.038072973958611
4.10457549583816
2.9132987059378417
3.0448216099595937
1.9365739284706194
2.1653660677610844
3.203198369252579
1.8195510362424197
2.158639453188708
1.7579667296788828
2.858337906726641
1.1230627312168222
3.7940301360120054
1.3788129815284655
2.0002984771076093
2.1329266911644753
3.0830150002901693
3.8082251818160477
2.3907129691285514
1.090792272845819
3.5996928066703395
4.123473429676989
0.5612163024655972
2.654587651895625
4.408779958154139
3.3992950639871813
0.942084763569222
3.428920920588629
2.7755479057849097
2.1424362034965183
2.7415233713011533
2.5217919836448006
1.6351930226093232
3.9890510015567626
3.9669177654463628
4.299961073643198
3.262353687354117
2.4504288020607667
2.5243678106928034
3.782044228185213
3.0937228492992457
2.7460691807853745
0.8706563640394994
2.605260837112249
3.991296526604838
1.5343966598901873
2.913570955557013
0.86738966109982
4.222280913705307
2.493461066850582
3.597014531748015
2.4605021969073793
1.1535637845393742
2.800296350368744
1.2387754929377786
3.1938823412971313
4.351691422751827
3.875071556144647
3.4210099949372026
2.725260792210725
2.927375838386274
2.970945408023468
3.3373202804234854
3.4295860970825185
3.427349779547291
1.929315185048024
2.8196285899754834
2.8885876573215894
1.5370138515184022
3.060286313019411
4.037472023365744
3.981846890396536
3.5101362368385898
3.972308971918686
2.0585280119102296
1.9561052937378849
4.25956124019297
2.014587455096714
1.9599841383524408
2.0520478455424174
3.8646191441039477
3.4313608563995865
2.83730498007575
2.7027611114612053
1.0540215987260462
1.8213242588235814
2.3996124230398683
2.2690612282168106
3.0308665361223968
4.313584477274671
1.3463804576479002
3.5222762937459624
3.6056010740606164
3.952984721364709
2.237452664425705
3.379275987246568
3.8579673943336976
2.8116493975660957
4.319252768195511
3.6188176504182286
1.2104618813482562
2.7250491536161885
3.6014560626980066
3.205755154847804
1.3591942622794575
2.822811260860436
2.7876582409445305
2.4304861159481366
1.1167032183285683
1.726188364112051
2.6003406367928594
1.554452555919378
2.4843246550993223
2.191011543362423
3.8093581296390084
2.9734250229317425
3.5121702367891166
4.308465471947963
3.05009191040501
2.544378971667757
2.823524750054359
3.045282730532241
3.129650860828529
0.9690691809968632
3.4730216332443256
1.7775194309169053
2.9655751405018345
3.2275687960626698
4.41192974816584
3.406528674780467
1.1654749797724
2.943082648272677
2.4886055858292977
3.3504300212387985
3.109046527520138
4.018340813130444
1.6974668414675385
2.6060549713847694
2.7894678863195947
2.8632289275617904
2.8327553270333343
3.5473409474147397
3.914581397989944
3.125907019701872
3.697356389613815
3.5737789711094488
2.551204799875026
3.103695277063813
1.977389983641976
3.8045222789558757
2.5737365835351262
3.080218675376444
3.827116221472723
3.4974790812771293
3.036510330607557
2.189224501320954
1.3115788965417838
4.060907045098249
0.26239925062995706
3.8890506896671413
3.4629853203289915
3.2578333225627043
4.2727362563861195
1.3956990978337223
3.643298275374737
4.194747582366142
2.378633497267696
2.980294697256742
3.13720505875406
3.6562102908627088
1.103471319856688
2.5914074782739442
2.206649133091683
3.6185788835603665
1.6285080592199492
2.9577732251224544
1.7842909361974606
3.2617038016979603
2.91095671260815
2.031796662313459
3.3194879590789386
3.85099587057078
2.343176682296905
3.181953025800775
3.6568200332460066
3.763142713849537
2.8508944212403255
2.5831597847895402
3.6836567251632957
3.7664025706923665
3.2580128669881656
3.1722826636235366
2.8244597791350206
3.1691279202975853
0.9839686217700327
2.5851693960704116
2.8917047896322225
3.11644971921526
4.315498304169227
4.203852998600245
3.1450921482989127
2.540834569350909
2.517919523340886
3.1873296400672846
3.103369896624562
3.603483530863069
2.6746835981198727
3.8119314830970463
3.9506125807537096
1.7866247445954688
2.1357080154565917
1.9724066800600952
4.223714437453959
3.8183482157227155
3.8730705618985324
3.2375861807475923
4.1081584612699515
2.3392625302183276
2.2466349454818957
3.735514967617191
2.6817768310829226
2.234032903697231
3.803161999113404
2.878532586818702
2.396457458493149
2.701406776646383
2.509231100546785
1.99929395648086
2.2208513941095527
3.73279210526679
2.9508544260478065
2.916310237760915
3.025076640533851
3.558657946111575
2.937476222484138
2.6491330882948043
2.4228083662759197
1.0341105379455429
1.532838151380551
1.1811486699555813
1.564288385114433
1.8554052739541436
2.9233763737655796
2.4939993663968547
1.9821294551428676
2.028975377592266
3.7527303667436547
2.2537347889088934
2.7189225321979054
2.938453421922153
3.685514702043389
2.493021241585213
1.8179646269022778
2.779202668235901
3.7177790955942793
3.30902010946809
1.5907312606930024
3.283714279129007
2.2181406370247494
2.9678160642879714
2.9865430348555924
4.26735304146993
2.4719138807292413
2.917312659639049
2.5586735884089737
3.3430103457912397
3.9239255140662745
0.9661539029673858
2.464945717882359
3.978721666123679
3.022161770591195
3.588138605577033
2.888461762242291
2.5919698328263054
3.8101163507232956
3.4635516158870585
2.5203430909384688
4.341055181411234
3.8258083873315716
3.8727908456786615
2.3772272093985967
2.7499687976887417
1.9210079076680808
3.5833255667916095
3.291284888315996
1.5149353203966662
4.311593922290061
3.22900319221728
1.6010574597276517
2.477554129216066
3.015679319280636
3.469141706536881
2.3695321753936582
2.6162733550604775
1.3757434013623884
3.294996855226845
2.692512344030426
2.385797693594438
3.2289197957009534
1.461352581259366
3.7215895186011814
2.137401224140709
3.4828277434318977
1.6349751395558936
1.593743380698397
4.034887048840319
3.4870193853056124
2.7206937796352078
3.616933770793458
2.153625247236862
3.4579003835970648
2.4540264590895333
3.379317879680025
3.3563624952668114
2.365273806126618
4.495918813136156
3.75148792111292
1.7523873431205494
3.76574208501202
3.7058795625124468
3.972955680812019
3.323380825061837
2.754251257600787
2.789796787065179
2.5375686719733572
3.7061416007958803
4.272405506529344
2.8882785351419917
3.8987132126784037
4.234118245491498
2.720675325870843
2.7648430233198518
3.4369141734563504
3.027946568787736
2.5724477591537456
2.4365722696882512
2.7937773219556625
2.332492755557274
2.301969113474896
3.375590344146457
4.116082601178617
3.1184738855084735
3.0612216059261126
3.019079790807443
3.793015996299582
3.0981551930098084
2.815424399014147
3.9407335793051006
2.9783823397559077
3.6357476592929228
2.6760484658839916
3.9096551727607265
2.6170491403272083
3.957873658829465
3.085998183478882
3.49374351663665
3.595086994902619
4.219119176425439
3.064812450446322
2.0394671714138344
3.5047357214162664
3.204145119165986
2.715494926336655
3.335050020776099
3.259429868839738
4.374278227489949
2.7360196185128425
3.0369530181767486
3.5926069953638526
1.5407344680480246
3.7106096315854984
3.4710039642774824
3.8919282192167772
3.122949429406833
3.820858495931379
3.5408038612502164
3.327597920503236
3.941830951362012
3.195323623214513
2.4100782434507497
1.4209312304320234
2.6222998897952845
1.9076036116476012
4.05136917312926
2.9937061990798846
3.4469754840832767
3.156460515812646
3.5425219619550283
2.090204158854795
2.3259213151723612
3.2484996376757023
3.7217897892044265
3.3165245863307815
3.457501345671421
3.002720626786407
2.401752986157039
2.7376460973155705
3.1838353563708335
2.9112888176125065
3.075390039759789
2.8429826411255776
2.770077370491169
4.388417263645102
3.92909281323523
4.444230481431124
2.480476656439902
3.6968453456973513
3.34912013431917
1.8178672533749316
2.1095700546523357
2.6000614143703134
3.248767216215583
2.860810733304425
2.5207842259373887
3.3102471689842803
4.375066496760576
2.6752805176729995
2.452945636315775
2.944814796798801
1.216072259675929
2.591851181613171
1.5977020524299381
3.502687748405492
3.3840715783991246
2.9319127406883405
3.377943970361546
4.06829010632135
2.452630049161736
2.402126458448228
2.6413903469323943
2.2538390766772585
3.7127207308902825
2.2077726845091323
2.4691870492503023
3.0896239937004886
3.492212468626504
2.9297526946350194
4.045984702291215
2.8262945879972
3.0170743003876117
3.0269521374129864
3.2843800563390966
3.186056458368931
4.597797755904861
3.416390289365859
3.1696912879382095
3.2379853353616506
2.7716440513250697
2.5393520566950656
3.0846013708566744
2.827763144323031
3.3247071982543384
2.6565165323198334
3.274985877073365
1.6178010587813472
3.776834109294194
4.466544274662848
3.786507359376685
2.4880436065949283
4.168183778074319
3.2689195871032384
3.341629571832752
2.809750815882232
3.811996517143392
4.750597183627463
3.771918435467245
1.9115933774962024
2.231041351363718
3.8827216811909135
3.005785692718838
2.3888840539280736
3.9698752888043485
3.6112710619231443
3.923866494893261
2.9616369402440545
3.554837463909468
3.6753169067622062
3.903230143528525
2.7778568807515756
2.894113880864613
3.8717401551847805
3.4678391866484874
3.265863488854726
4.010381563124338
3.7119239763808745
2.850656677606282
3.0231415886074364
2.7969114411622185
2.7452162374075257
2.970380940403886
2.762042396883351
3.51870201759517
2.2368565543815393
2.5712831530914517
3.003370988148652
4.585197511005127
2.6352370688443365
1.793172419576177
1.0635079359539783
2.9667661382965003
3.212244771048818
3.5888690354678996
3.521397968511951
3.1961407980398926
2.1776522966821954
3.9563959140803453
3.8643574216814187
2.308269665987333
1.1204152611722111
1.8342829797129212
3.326050064415024
2.3262211626717315
3.9227663719502424
1.7537613015735896
3.645127294517673
2.924011619154016
4.046735209875078
3.6532395705646286
3.7321111068116455
3.5304404361298722
3.225510459075986
3.192498812617142
2.0212370459910085
3.2979158103116397
2.799902277322605
2.656685649938635
2.7845977561153843
3.1673653060657996
3.453442364723333
3.2417620698480256
2.229894739998187
2.9593329452652135
1.884472008829237
2.48585458892299
3.449372010981139
1.1739020771710609
4.617360790981069
4.021174959602672
3.827967564885361
3.6105622999429796
3.207359395485695
3.5320534896197815
3.9264353016644753
2.9330292512885467
2.7893168369162344
2.576509989470823
0.7229903587044342
3.922234043007917
2.7108389214097643
2.4368453894505517
3.701353247545679
2.6495288892546363
3.9950059668117675
4.04631881756659
2.7373538654744234
1.0462143773520163
2.919197765629601
3.6654683600920173
0.5579399745600354
2.365074284834014
1.8446837118256934
2.147386226500121
3.743285649126265
1.3850412886751193
3.8954913525449832
2.6050365506457336
1.5695397543987755
2.0507698739601494
3.1798896244725245
3.1000284861282488
2.4358404616113285
0.6296856941903888
3.3652577006141584
3.3615211902737263
3.6298287309718065
1.388907264775947
0.18881848738271131
4.370027188578608
4.095121108736902
3.9388530908457646
3.380130823172572
1.7757125300546461
0.24404880156474895
2.3044996719353055
2.2583396972358454
4.112097868274026
3.4649832086506844
2.9871093145646217
2.6072106733028866
3.4508119228177296
0.5183553561209143
2.139315393551705
2.228336240455876
4.0195954406216075
1.4246799663715801
1.4144665242092949
3.590006083747049
2.4191465717912495
3.9485363488266714
0.7024243988377159
0.0
4.249210465584178
1.1899650156064991
4.153754902084713
0.5280248694199238
2.674599795969095
2.5205146525625777
3.592872864021616
2.849792256479528
0.7238023755442667
3.0779716930207233
4.190775969474071
3.3349423542595913
3.4671655897810636
2.9503524611974257
2.8227534856165217
2.4450719913139753
3.314670400819823
1.4272402171107403
0.7821572033897598
3.8587887225932356
4.156127836167407
3.4294053701541847
2.7995962952221207
3.62122420792556
1.6160143771152586
1.4027460664501155
2.5714403288070633
4.18116596303331
3.764818404408172
1.9982979817980937
3.5503816207479595
2.6120284811135477
2.6944930326390057
2.8042027491762695
1.7594580662234927
2.039894211131393
4.685222105222701
2.7534242380781047
4.0252008827527055
3.1529701162506294
2.336105903556822
1.965715615684307
2.559396209204535
0.9343347929054394
1.5885712634062121
2.1194388900166876
3.8854641520592814
1.8942420104273265
2.8320397123022234
2.3928873676590863
2.29780515944827
2.7911488649556793
3.3479420167332883
2.32446101532501
4.287629185798567
1.632428116000209
3.1396732547486845
3.3665631302029997
3.5716853825583
2.849627315172212
3.051488944388966
1.9508230511987688
1.6785512007988725
3.088841272231833
1.6290820912308184
3.442041486215185
3.7623715108272133
2.7909249748232154
0.0440523290422814
3.7474605786807036
3.4068091677984604
0.8026357514552604
0.4154140349235095
4.208636020173503
3.608174916259018
3.825799272317555
3.9237751957848586
3.6944508545015013
0.5947433840131628
3.7753563638469227
2.4053875712467914
3.346598539360442
2.7331416056158044
4.618623837820708
1.8228547372309656
2.305780416664202
3.604167521235164
1.7147376859797776
4.062144271062021
3.706649551295273
3.713887104362242
3.7079988793974064
1.385642811452755
1.8123235298870264
3.213227835855795
2.698580992314355
1.619621658123337
1.8848300496119337
2.204775144184409
1.5508444777291237
1.449305106232418
3.9778594965075014
2.024391506937691
3.386213520739184
0.0
0.6635787223891557
3.039986862767802
4.186760791923151
1.001202684859276
3.32249667261547
2.837051857113712
1.9874749180101097
0.04723005316067974
1.7695564306369502
4.143459080329147
0.5756726949611346
3.1168092380185835
3.7202324050202007
3.019833972151816
2.3288778970227932
3.7850681499019867
0.9642172431743583
0.5631029459491231
3.939377756793583
1.672006673475868
4.2427561147965385
2.673583209454076
1.4830447735640537
3.2580201874968706
1.6048680114328655
1.8949314179164234
1.44023270112802
1.799841705636538
2.9768754849769445
2.9583376671919215
2.937444999083313
1.435960564383895
2.6489590761749726
2.0082712513283623
4.1697730679514935
3.8525638705704344
3.4846786895068576
3.0373093876710078
0.2998598353636196
3.6026207343522785
1.5460425040766381
3.322979300125672
3.456607681965851
4.10785122533233
4.3361782251477425
3.2282202719223383
2.9045218809014566
1.3096739250194465
3.7977532811765693
4.013423966853576
2.446133820198451
2.014492734203473
3.1737386360014668
2.235935500566967
2.5858023686170606
3.2846285074803045
2.581175157175572
1.546975511310722
2.7551035464532916
1.294919858294879
4.662774471103498
1.6490545786594104
0.929969111627986
0.48826328921898393
4.303441638105194
4.270905543151743
3.9393874001068525
4.833315191853332
2.49834920055331
4.496489600745022
4.594552142091687
3.789720817756039
3.9859047345670184
3.6975677973160384
1.618048208418454
2.857438146081032
3.7101122532631186
3.0867600010556258
1.9592923189888107
1.5855976166966161
3.159099057621054
0.800010833594839
1.7668787256428722
4.087178057608151
2.4195478576218568
1.2735396829149574
3.0611052033703325
1.5563607215512196
1.6032377879372903
0.6559104236075075
1.7553672411297896
2.42239848384303
1.5255167191881274
1.0534508648545167
2.0168340034500867
1.2896595327157632
0.5474648282452959
2.219778421275679
