3.7476466324495403
4.222607012532529
4.401053064136413
4.089368651283077
2.5386896062288327
2.4063951033166076
4.14261678805881
3.0221885592191384
2.9922028680947284
2.211421376899453
2.212188681747749
4.912548827391542
0.9406287702095228
3.472926252038701
2.5930976160007786
2.016410215411818
3.7853330906579012
3.6718303450873577
3.2186274012740084
1.6292753722732862
2.439425378033304
0.58861032576583
4.38449885675724
4.25423920743605
2.205017573554073
3.2982986189129964
2.1724478545813186
3.30626782353694
1.2712246346436982
3.6589752620509373
2.376355480024807
3.6349865077075116
1.9017605478346473
3.940244222953238
2.9960319341062105
0.29977012787303603
0.672769435676187
2.5343083516909877
3.6782422547483056
1.018304948091393
2.9145214921109988
3.5978106512005725
3.7641766056930215
0.6734386058046221
1.8796030421906993
0.8911675364681007
0.5128729709631905
1.0451019784757722
4.1892315726594545
2.1306442368873797
0.806403303814851
2.7986477379074985
0.6690450800494354
0.5088994442590863
2.2123120931597358
0.1635055894533166
4.0148271022030615
0.9597760824683097
2.597597489360937
1.9829356472049087
4.914898433039702
0.2210775852157303
3.449434932137865
1.0720311235598765
3.1176966669830546
0.6701341598154319
0.0
3.1665940872808394
0.0
2.6037219841615675
2.718255466397885
3.8751954414129814
0.5950436361151963
2.975347334870633
1.849269346781309
0.0
0.6183507719815108
0.0
3.269791429278959
2.9718436532511694
0.0
1.077195205181169
1.2678664851300263
1.2321162715396792
1.088502557076106
2.28687098556628
3.271061815547908
4.138402080924788
3.267516003885025
3.096279378232884
1.0726351622605026
3.847055648881038
0.9347066533040056
3.746010669441458
1.6748128977720362
1.510035231904444
3.0295255285423948
3.3992924842418413
2.7644406920053735
2.5258121263327236
0.056930889450578004
0.8671836694432407
2.9753007584585855
2.8171270279332026
2.6621937542351444
2.063326613477544
0.0
2.308001172636521
1.4564204609240505
2.618114835819226
2.5316233599267894
3.2697726182791733
3.23185853745146
2.8172163393866083
0.15501115317088326
0.11201418609037805
3.8256052760772183
0.8659197154695182
0.0
0.6370633202120249
1.5972384917878233
0.4877060314121905
1.2206078307319914
0.7873490794258453
0.3308922879731051
5.0
1.4476177345435515
3.1811500659283825
4.831329877142614
4.1068698012646445
3.9499624806610507
2.9723377139538103
3.4677061390149735
3.5871854960315748
2.9218372644277375
4.010946112556211
4.908253755962391
2.8655880407829466
1.7682269802509047
4.287932652860017
4.850979809885346
4.052080619760838
2.5715426903009364
3.4551644475625594
1.8993463092205873
2.191926221355164
3.646530422510269
3.5903391768870563
2.2252900105828055
0.7834399411494092
3.1312949649561146
2.9403991556319866
3.7642473326541475
3.4508978608801657
3.070038556907906
3.5826702308777953
0.5618943712161444
1.1344816728101486
3.854958584015548
1.3591246782251203
4.905590186989667
3.155293130217516
1.1127102397086694
3.537008585025249
4.188856040722475
3.8075485320280933
3.1795818708174375
3.5871277070966823
4.051025149556774
3.027655074733276
2.734236769288251
1.0922293919356783
3.6315672185743653
3.3450106332727554
3.4585387474324127
3.4810549165866127
3.3123345233299792
3.6229330219477403
0.5348396905400657
0.18530531575401704
0.1988446512764639
2.476622058657461
3.0018607657622782
1.09274825579821
2.4235539473052787
0.0
0.059125193914740914
0.9473306077416708
1.2612369028414536
0.28901016641272004
3.167329799945639
3.4824643407994245
2.8940502043129657
3.0936856215495063
3.1077942950377144
3.3589450115960204
2.8436475861362034
0.5814727187637574
0.14372458475115335
2.4659769405131535
0.6646864096439955
1.0793446637624895
1.551233911887795
0.49143516440811796
0.338978608811378
1.3576735076191513
3.4840062554795552
0.15846075723138442
3.157693826778588
1.3944820496541204
0.5765678775141534
1.389204178741961
0.8539391677662362
2.0597351103571926
2.521554326581826
1.51373762810281
1.981181947341725
2.456309736302532
3.2812543728495314
1.261811872592951
0.46497493692775294
0.004957054745157563
0.5071407319056367
2.111210078910298
0.048591858479410166
0.1726408782476085
2.4720365908713307
2.0668617702952625
0.10140714222577185
0.7734199841983225
0.0
0.11668748787221922
3.061954517255553
2.286002951522107
2.0568836451720314
2.149925873058894
0.06145751449427156
0.4080134670408193
0.1731396110577983
0.0
1.9917102818179315
0.0
0.054377768901488044
0.1285256862568288
2.7767502641841344
0.39805465272610085
2.6108488639915604
1.968123005132714
0.26191958785264036
0.24674560685441627
3.0595587049941706
4.208897234313935
2.5024051008090353
3.6705060648711867
1.7712557077749287
3.538686790450936
1.806507510722302
3.5420159495988384
2.8643669153810505
0.20896718720317836
4.311489239126495
2.823507559722466
2.7461568160375194
4.516612942316626
3.0566181583673466
2.4381026017439305
1.8105627196170433
3.5079622868343807
2.0344327596228178
4.400678259330178
3.5109968705950694
1.9165621974687004
0.9295443829243117
4.006413478426107
4.455142273185871
4.723949296025355
0.6595600453692285
0.2613669087643313
3.9798770777406807
2.2371986125413277
1.0973243262522374
2.3251745095283285
3.275143223771202
3.220461054514474
2.9744775555503544
4.133840889801638
2.5466901517580416
3.2363426344155046
4.168008421354661
1.6205467199682424
3.940945952860173
1.37508646288577
2.7219700466830243
4.3274026605890485
0.3396758243093412
1.0784632320431726
1.8760652651162921
3.5923084752586796
3.3188634827866017
3.450844328326729
5.0
2.95728279792794
3.2510841776258097
4.365530950299887
0.8191136119445059
2.864695875992106
3.764306385689921
2.6370197207418054
3.8562742109500823
2.5918823640246873
3.0050424881618785
0.9629563853943719
2.9079722643002266
3.3891484518926562
2.873597552292975
3.949264209053319
3.1188870882648536
3.9622170209483016
0.14230078994176198
0.30163340961643814
3.9058928824148786
2.3165991282745644
3.881922097093976
2.442451116991858
3.6131679437776785
0.7706560053141446
3.6043242928439865
3.3113450180798902
3.222418491944426
3.473271411594089
4.513421825135769
3.378915498360315
4.291693069296961
4.009857813417374
3.040085474035371
1.2921551162224745
3.958797961782362
3.747035173828147
1.2707367170226194
1.3835309306794317
3.49672249663522
4.484142132567091
4.223373976856938
1.2365322978409123
2.1156086413854918
1.7452475687489533
3.108985192895471
1.4208554544201233
2.4006749607320748
0.7315230825636861
2.6291597611237147
3.7829686211931577
2.5226459429591372
3.73195034458232
2.761999529164401
0.382571000834806
1.0911329512507004
4.305216552416961
0.452137617787733
3.2526475559078216
4.123784730055042
3.7830925500932557
2.823613286347199
3.425679550690598
3.787263679966455
0.8101311521177985
2.6183633802214015
2.8799611910098344
3.4241025728339416
4.471460702480539
3.199770296332897
4.305145172769918
0.7496476583267329
2.9458291950084132
1.8812164458482745
3.8507780155432263
2.456149486926207
0.3144585307879634
2.8628736945216926
2.2880267789203517
3.716857894921477
3.4037797371071807
3.094041146636494
1.3871948790785797
3.3437330785367987
2.9662310627372874
4.382499822609142
1.7066088582367556
3.0195143719060153
1.5321968260145904
3.6428689400512644
2.0034923066423933
0.586297935104716
1.9116921130790159
3.314704984379583
0.7921228866458644
1.2162948775350007
4.781852654061823
2.644342962261649
2.3095296077659224
2.1640644044129393
1.0559178249454964
2.2005698046637714
2.604700930944282
3.5720458679920792
3.4100248072828743
0.7826641859968967
2.549605610184071
3.1994141392086046
2.32349498976679
3.073697474039087
4.257367871415821
2.658369036917682
4.23496229524929
0.4464044071860995
2.02687455894892
0.24707623534440215
4.508070646520209
3.090237964977537
3.4272750363249367
3.986407162648545
1.5495382587205655
4.26879412966344
1.693743330097729
3.1802743187420397
1.5523457953877924
0.22180976268843533
4.834943727078637
2.8601237895081724
2.265862891663896
1.364044331257483
4.589429023366135
0.5900971302826569
2.9960910075929714
1.3698727457949431
3.448076180854706
2.3575357891877293
4.674654545781633
3.157926252461613
3.595471702411091
3.313073366309803
2.9933136472622106
0.11853537581328899
2.514960595350973
2.5604087490635
0.06413151434121583
1.8983020393777186
2.6468362593190307
0.7593194521861173
1.951787322608129
3.515728277878315
3.922169033707518
0.9494641680368914
0.24055952073053505
4.597531652249546
2.5358238970194074
2.0053734701827572
3.731757102309169
0.4843454389214479
3.3906817202790687
1.453898876407815
0.5702981101385385
0.35091365958302245
2.772395384411153
3.4567736577359254
3.328469619661284
2.2663239057920483
4.015341107686536
4.180897276036938
0.9811476096861069
2.681022928790398
1.9267711307276278
3.053680713965349
4.193359289970351
2.2890708136685447
2.969060532554994
0.9906526894070757
1.0515371812937069
3.6363461006468323
0.9731586321339591
3.214683751670513
2.9555721074486305
2.567450393542174
0.15979900954756726
3.7343666206535007
1.702106656161229
2.8482651348071024
3.8758193899517703
3.097031233247364
4.579574219359084
3.6176121206051475
4.06238747711341
3.1234900258108484
3.1124972507194184
2.1341220347790064
3.323917646949424
0.6573665625898992
2.7447745062248883
1.6680455959219211
4.336592011246832
2.8799265418671443
3.3576111259781602
1.5631479057898854
3.611466172332774
1.9906422098057268
4.06612317840849
2.5753945715823536
2.2868196654055692
3.1392089984494946
0.22713079040808204
1.4259020907460207
2.998617943591856
3.070497894071446
1.262907121098584
3.0410957530796976
1.1089501836709832
1.9136988621734377
2.8390016389669914
1.4863192299725014
3.0964428254479444
0.8651025785950275
2.989380305695118
4.118367912428498
2.0388479214748405
2.8106392819254573
2.6295659618991922
2.687096054281219
1.0144044201025553
2.946869072330506
1.3994926349185821
0.9231759398256205
0.7266161393528341
1.6375383310409561
1.865809773518106
1.0739928217545536
0.38562313743751975
2.446733695948107
2.508566867127521
1.1057108431373228
2.605976998072138
3.7011153481354455
2.1824464127073466
3.4023018085534398
4.243723227595126
3.7295178295886324
4.272979456598994
0.6356238819672011
2.483914752122187
2.887770550063242
3.8185082969463036
3.2242680783575848
2.767153608485591
3.3065729329673896
3.1084958687478337
1.9305413270690002
3.507608813324771
3.366143448578401
2.0435031187167754
4.176471342165906
2.567758764898281
4.461821824611153
1.7599936981796838
2.037349317774533
1.3669872398829055
2.075095616796313
2.300156640473383
4.23835435858713
3.752584142857917
0.8838241197403118
3.0119861825414596
2.983223209948904
2.481962486623564
0.9575409774922143
3.234599767925653
3.9649271170175853
3.382734345924863
4.114736435466004
2.984087905074062
3.0898159809882015
1.8056206642217405
1.9688072568678932
3.2784489997212463
1.9271715106290372
2.428719524939323
1.700299255582438
3.1271581738731262
1.4588666437711921
4.126874810753136
1.2669769628770813
1.906066887126518
2.471983558786333
3.0169544074885306
3.7153091690766824
2.294409870418581
1.692434554960417
3.6988237992627755
4.145744021676699
0.39804715036869154
2.777172978075515
4.368873645233974
3.408647812303027
1.0695500501944042
3.562915363464886
2.9249907919361604
2.1788849390551475
2.8469407409155036
2.120904739766711
1.5299172888670762
3.98898340899646
4.045408307349281
4.532535559597281
3.4800547860182394
2.507419710500001
2.5452051007499708
3.779403619992794
3.411023227891534
2.9576691268481285
1.0822780893910324
2.7923072960173165
4.008944291299316
1.7306475586162628
2.8896507756212673
0.7261372898074037
4.482218908562064
2.374194768015043
3.7955245811762546
2.4369786122884105
1.6533637608966372
2.9677091789076777
1.2478951465595354
3.4748204575917296
4.505510782220047
3.952647854545691
3.3992967082199312
3.150398069215217
2.838550967474646
3.207803471862215
3.260288252331433
3.4295498965957454
3.3489559463480534
2.2950902450761355
3.137092106074227
3.0969244200424164
1.5317238621625724
3.434031531183975
4.152976575302941
4.049130085029981
3.6901019115187204
3.982987864107984
2.713799356963354
2.3176524075529836
4.1856617903474795
1.9397734700976397
2.100740476423832
2.032367955767362
3.842064400447671
3.5939033305955146
2.996866960179405
3.076779989080558
1.3449114772160176
1.9606417598372428
2.6087606413792788
2.408534148807224
3.004303826850378
4.53771101724352
1.9221717611064704
3.6631308282705493
3.7749357931215313
4.111501055365582
2.2777587145057527
3.605302053305545
3.950051141048669
3.013161173278131
4.6258513243515855
3.839442806559066
1.3219753126154759
2.727019371853964
3.6206750620903003
3.4129270748524636
1.6523634731433208
3.0768345015179177
3.046771744995354
2.930655502914928
1.2814638687079942
1.735984831279838
2.952968568455003
1.4522260197096628
2.681299996100181
2.2100268525416142
3.8725362559804166
3.578741362635598
3.324168172896701
4.4880320015634885
2.802194869473212
2.49482649464632
2.681171691550371
3.0339109041579855
3.4630387679972463
1.0746343665623068
3.78854588123938
2.068630508954516
3.2300653450784456
3.3078157550679017
4.540854992236012
3.763977255070899
1.258588568193289
2.917411168662711
2.6118772903684393
3.7687877374087613
3.328223916182961
4.1190228609556305
1.8361643742625384
2.440658912411246
2.7497202520218402
3.404020687665077
2.919456606123938
3.7264523525071844
4.033780360423411
3.058120211756221
3.994450418423116
4.472898521273073
2.7074343820258866
3.6422369242715202
2.240712076157721
3.792613488301866
2.725813329370399
3.0208545386165824
3.8718725181912337
3.728603884183553
3.1678258715706424
2.451983687288135
2.2229438488391846
4.064617200270004
0.5365136863158227
4.080405843696363
4.032445324578358
3.284118396366713
4.579020674650278
1.5474989354918744
3.8698941691082247
4.805013986450875
2.451139648928286
2.8555647790560172
3.5188181713787925
4.0619895530866375
1.4462489181813987
2.724711795717892
2.246468105125839
3.617878530687791
1.5740718020016284
2.9432073531588467
1.7278973957212973
3.5365517588221635
3.120021835335997
2.203792830378452
3.407095256003771
4.077403477103169
2.5337377397099976
3.0981773065499816
3.8560157052668
4.296722906536471
3.0077395052632565
2.750696941243222
3.6817288304381064
4.044581387792812
3.484107467891075
3.591788793098222
2.9638589449505917
3.7010103094769526
1.1259164226058647
2.488031750614246
3.0355562126412634
3.2572997932494556
4.27175405690358
4.575056493379903
3.030883177446044
2.642660504795211
2.916962507344648
3.624242831072241
3.2217166197615184
3.6248055235968693
2.8715865371290215
3.8849842799672727
4.148512033232543
1.7782824439518266
2.135584268736971
2.0785099125885864
4.3189664306974445
3.910770870603719
4.023564365261794
3.3678766099396897
4.118242516165264
2.589711754788793
2.1773155813873313
3.824562029433655
2.7109301841251217
2.312427413175644
3.6699206116615875
3.0968814336692354
2.096166247703972
3.1215788057131197
2.465170791541503
2.0096951260331983
2.5994641422177036
3.8361166662686514
2.8320683899122545
3.2111687727654035
3.2008756673437486
3.600884594233355
3.24624235865095
2.538115211500072
2.5013363763395464
1.0766070560803476
1.3308727578944746
1.1999813720380605
1.4422563545791478
1.782017718396944
3.267673688498838
2.6962653568894055
2.528274997539604
2.2526296492792004
4.078428728585963
2.7017262391936305
2.6767362923442466
2.8031237993265616
3.760395513633794
2.4856531861195843
1.4180827441790864
2.6383405247131475
3.904744260508969
3.7041039941648592
2.0006938060463915
3.2026750053922104
2.3947117397723905
3.3779833205182914
3.38407404411754
4.526372327615509
2.585588183759393
3.2079251729590803
2.6236257659443805
3.396939201496868
4.202222617056466
1.1323866104392657
2.356226317004263
4.146365906178488
3.319857363250363
3.739355293631612
2.9738251682870183
2.5243689408641377
3.9328539389526886
3.9065171993238152
2.6768180458596653
4.3690043020600955
4.212525948141727
3.8332767844195974
2.364945567037662
2.814628386629515
2.248759179495885
4.216679242360462
3.369521985277488
1.2461770977403774
4.547263893288855
3.585380562873783
1.7154848136024592
2.3372618685407804
3.368252113989965
3.5137238174115746
2.2827257496821627
2.5058008153895326
1.3869240584733675
3.261967901052852
2.9177657842694265
2.730178680066856
3.1644510936240655
1.3454998627036996
4.012953669609619
2.3233410758854696
3.6303154936423625
1.6530112977964084
1.580621676015915
4.094128984713406
3.6434053650209237
2.695793518334286
3.6576961243167494
2.169123528469595
3.5865972459774698
2.4930902356556586
3.4999386362086016
3.145945448477544
2.5410440665166685
4.451238399971626
3.6668152232518487
1.616185563828385
3.7947700875879815
3.6959635214753757
4.068743662054014
3.140360247103954
2.526223083537433
2.548815803277688
2.781872120297312
3.857314760021584
4.327258373479869
2.571314117286641
4.2257988833742655
4.445679871465503
2.664238447698418
2.7315747535380863
3.3729681592979763
3.2304821923168134
2.6614750976622488
2.5385208787361506
2.755671111405981
2.4494812121649194
2.442338088391753
3.6552380733080594
4.314483555492015
3.1329898971090095
3.1132614061397392
3.482793007980092
3.5536907572948913
3.235523269371053
3.066941342697369
4.001253550738256
3.096194967757631
3.898415315107589
2.7458756695820608
3.597498305977341
2.60944804128701
4.050464198709821
2.938163587026558
3.6784415589496184
3.6350374356975994
4.188882724865118
3.2300778888157655
2.057312862202706
3.449516960701354
3.373467026266261
2.8469794666142145
3.336727582400819
3.4035580519523463
4.402714843073361
2.7892097556229953
3.3313618981600897
3.553646031137869
1.3775554820780485
3.9530396560664984
3.585950151430459
4.325801315776631
3.163557244875158
4.073213411556383
3.6038064239464624
3.625980264436139
4.0800883300463555
3.107606344181951
2.3943639702366926
1.5959947311830542
2.7328560275866964
1.727335948868012
4.308770754923455
2.9524776549443117
3.8382093172179896
3.057863568115283
3.7341549449886284
2.7273760385134196
2.290745265767994
3.487987430090008
3.58551826231638
3.7158740878104304
3.3850568810483836
2.923753548304419
2.6028720346744265
2.9490218124505057
3.3869686820278035
3.0045905964388977
3.3979727288392265
3.0615574977148285
2.936569702086487
4.618909770121911
4.100261925683776
4.349269060995191
2.4660798824280126
3.93259098757457
3.431195962967803
1.8565396940303973
2.2334060166884147
2.798014345684905
3.3081568419292204
3.047807338648038
2.3632398187618584
3.8419275264478303
4.500549183160996
2.7477992743373676
2.7451788113670412
3.131792868707086
1.2973510475915844
2.6662397709474206
1.6977879199577672
3.7286868565763083
3.676759981751696
3.147127986828071
3.5632763789571906
3.9763921982454855
2.4320049720811987
2.3768310582125
2.626673242543558
2.2672078861667773
3.6824234971517478
2.4749467432460004
2.4509618324787725
3.2597454238725145
3.6797713955748557
2.898262852997545
4.274452971377759
3.1677468730230043
3.1632266145589862
2.9701007103467125
3.2418422454243245
3.247160678949599
4.748644471239866
3.4423220090510593
3.1735359005820616
3.2262586610793536
2.871200589730321
2.7458516624800815
3.2320403395173907
2.799549310010191
3.362627081106546
2.784047532392231
3.4829841764217053
1.6499008831201278
3.7702424466652738
4.556840578627507
3.7805724306042565
2.5251704954024463
4.340274321462595
2.7936423446385756
3.4217205942783253
3.0422886289520026
3.9537961965572173
4.754931659417778
3.7518615482364064
2.1012216217325315
2.4470738749191225
3.831729645699152
3.0483092081186274
2.5703529014661113
4.149040357381082
3.7335400058025963
4.0296789885159825
3.0164458373326664
3.6282843032259264
3.7877046084868526
3.826753304093568
2.894968066071995
3.0038334793025436
3.893444993123791
3.549318951555826
3.4188970430776653
3.9540361424457453
3.8507247423076496
2.8907080773607694
3.282375596555495
2.7189103316642527
2.969450037188944
3.0785710848234737
2.8983664433522534
3.6080423242068997
2.3635023206691597
2.62148833447566
3.1234441239511197
4.726675885858023
2.533992804319596
1.7151016644581811
1.0183699259063168
2.9669969641147973
3.358017461669812
3.5547048932992373
3.6710973794428083
3.272978155884439
2.5125559095827414
3.955228527807857
3.9737016513983363
2.34683913440459
1.2795421445532669
1.9505380546113296
3.6306946986264643
2.9113006842435185
3.7860941921760283
1.5256044847090366
3.8313529250622187
2.849388148840535
4.129908568567525
3.735085915215935
3.809413266548569
3.5382436271649365
3.3516625739661148
3.320768948873801
2.1115917087322313
3.268510090019714
2.5677516368521407
2.784964550010705
2.888544473087901
3.195721989713293
3.644073606686404
3.479093335398839
2.105949234931727
3.178225512225521
2.248401615160211
2.682404011868908
3.5875225213304103
1.320759026949804
4.553896840822497
4.267959381097281
3.741651387757636
3.722984645339067
3.247060337218844
3.456042306736924
4.162637623160151
3.126104123701464
2.639524924799531
2.7324479723115553
0.8600775190829988
4.075931041081771
2.7169533887593436
2.6095137935034485
3.925785646197153
2.63991856049269
4.137579411252063
4.34827350648326
2.826562360209917
1.3290070555856999
3.104605500226093
3.700767219614855
0.5841228946685063
2.168927099535885
2.2340189596506526
2.300250677784856
3.802404710463061
1.3723946123466542
4.059264678401216
2.445591289679771
1.5954504774626534
2.3634906339042123
3.472222399404683
3.3319101960250475
2.120476480784335
0.8131609945545983
3.646990220741857
3.640771775463871
3.763605935116145
1.1768156510836345
0.0736923504988608
4.525812065635595
4.095420176909193
4.120454920096242
3.46476588531967
2.1588674665887497
0.0884259094716035
2.2140346628610468
2.37181201235978
4.137402430012807
3.5602586788367074
2.690785620734571
2.7140401843215436
3.361999802192398
0.8343576109196564
2.1811568887420014
2.218275160416433
4.3343154350177935
1.390098966772638
1.628325409364296
3.614644109909252
2.43737766656357
4.176676325873216
0.855028472045573
0.33334312038079306
4.379424625502348
1.4320093758646855
4.2268623161828875
0.566379931689791
2.7129711020321556
2.761269611798674
3.498162283644809
2.7867136500480436
0.8086258708053276
3.2747593063206337
4.2529148296207495
3.289961245091285
3.528158566927736
3.0462152929787694
3.0680178530219075
2.3142695021311663
3.2919950506914644
1.4429184370383243
0.8582988943324636
4.154375723830303
4.302852129007003
3.7680082144120703
2.929319135172846
3.6057411555791345
1.5149880926500452
1.600271566265325
2.882611745569063
4.360537676969694
3.8197992899693265
2.041489524363512
3.880289335091306
2.6154223057193056
2.917845869596265
2.7186823415692274
1.975878213109108
2.039707843670986
4.555893983720717
3.1379395226442286
4.357321940447521
3.4473735155244167
2.5351113456161505
2.1487269416589805
2.4227537726906814
0.9327720734982037
1.6047714268481448
2.1060212505107283
4.016236795214039
1.91171813413091
2.6707434329352244
2.5731102018295458
2.377930408533966
2.8155484939418485
3.8212109102639387
2.0579776400535827
4.338766164732765
1.7346789725351224
2.8674374233942252
3.567339087453411
3.4257781641459997
2.991909329259055
3.192911692915135
1.8346799886184764
1.8265672914097308
2.9818554248664055
1.857211814411155
3.554757378531584
3.882426838739592
2.626635585532339
0.0957733957224749
4.0130010074994145
3.5658295365654413
0.82258859737613
0.653706854924462
4.379342994923058
3.5722668039855403
3.8676452790310076
4.372467144513753
3.8147609153813056
0.5993545968586247
3.74829862134832
2.284594401129797
3.61706823985522
2.7662545668431275
4.524613626930014
1.7722797750161314
2.2405382897211923
3.48105572510174
1.7770633208726414
3.9613087702364336
3.7678432349752264
3.7155644468499043
3.8858156380639874
1.495633785321797
2.0003126014627446
3.279155670291833
3.2880530586309384
1.764313908579346
2.0378650517248595
2.3012659563683227
1.2425551357629976
1.3215234510812068
4.047680050477553
1.8930029457039743
3.51502043950984
0.017329064389479232
0.5838055951835464
3.3080353328159045
4.229266101245504
0.9313799447866931
3.4922688798583224
2.975698682232312
2.2083618339798394
0.13777036034941192
2.032453101580279
4.02929873094405
1.153468357941026
3.063856739437205
3.6834408911324816
2.6858783983407637
2.1424583653484808
3.961611408440132
0.9180207503228481
0.7217087733485
4.067510437339485
1.9118887921058834
4.380050994355503
2.6582904074065707
1.7426685378753015
3.3713455709733853
2.1063017406707205
1.878897394171985
1.7078103291645168
1.8683963575279225
2.626330258919033
2.792586426390854
3.1825000854092207
1.3764734291374285
2.516514919190376
2.2404082260298304
4.134672806724339
4.249339516161643
3.51060067942353
3.5335511767813856
0.5160583144237182
3.602364335766998
1.337532062009665
3.680046650401612
3.5440706917683844
4.267660047346638
4.408807253138403
3.581114358944067
2.4215818803663174
1.1692354812318968
4.002723336244549
4.382699981236038
2.28178369456049
2.1058544742111804
3.3477434388161624
2.322107338834632
2.816449561664271
3.127982087536733
2.5157491848935987
1.3050536264364545
2.8065167114722227
2.0432503867731113
4.713428554482637
1.4600259700777773
0.9893864698706396
0.8012629473399293
4.370757876585476
3.8200647503472114
4.319124056499932
4.9204526003482725
2.74811820328696
4.483597635717607
4.6985185367676285
4.005308894153498
3.950337936891077
4.014501400689784
1.4540666787265604
2.920190430435159
3.892861798960417
3.1246546836014657
2.118775036615383
1.6337136558599008
3.153633946797454
0.7440242027095976
2.0521785976447497
4.189898341189151
2.7983384193872904
1.5446442460367056
2.778173661016443
1.2327812378962946
1.7992953912381004
0.749068141266984
1.4477890648905398
2.464186576429589
1.6024041883420643
0.9413810243332379
2.07834070237584
1.4858433814007985
0.5712764469439834
2.368723626371458
