3.6064031344606895
4.1691414620499625
4.36761253176895
3.8707230626891556
2.2625332985495015
2.320442730979938
4.010868766715701
2.841493734068207
3.020399080437851
2.027296527430734
2.0242908617107456
4.939957023050774
0.8516616622430713
3.0901204765429555
2.6507537102673626
1.8755428681615336
3.512709064281268
3.625261141610223
2.7795282730708206
1.8015545590221635
2.3757787246096806
0.6663053963724711
4.327383627787314
4.02433948456915
2.339730316020916
3.6366618531550885
2.603163906309254
3.774849703272997
0.9923437348414923
3.614261104745497
2.4457996296644313
3.5440898441289677
1.8417574809563648
3.826924881699957
3.101637463465235
0.1643950180214054
0.6143158084657493
2.12824276778973
3.6114346059952265
0.862391972162923
2.8705372928818305
3.648970526911849
3.6513404027179814
0.630928781932491
1.9934265850541268
0.7140474421996537
0.646364064098257
1.3072395368729997
3.989367596690528
2.0373811083501647
0.7388012388084997
2.5799920041964035
0.5308853924580876
0.26733179133700324
2.0681947666291927
0.14855522979731814
4.071960507697465
0.9269309452202654
2.3731343387879034
1.9537255258712571
4.718399276914548
0.09616501776132566
3.310648214401624
0.9516828721202741
3.123814357525006
0.8167209956669954
-0.12952154420824646
3.02658000228447
0.11848494316626987
2.4729104478034647
2.66665934561708
3.695518395012288
0.5454330907208899
2.91880220680081
1.9153461287876081
-0.045892619116670724
0.6348798862909053
-0.06002210692320864
3.2300024853586238
3.0331504151310336
0.30494100400634816
0.7984060934151407
1.0904270679804142
1.4597263376163383
1.1385365466250943
2.0227115532132265
3.1571229929012623
3.857147331135524
3.2831427202465897
2.8659887985521517
1.0067427414686148
3.858798063312143
1.3237686688783463
3.694879482734715
1.5012747614452728
1.713694059377749
2.8655860670389557
3.191209308348256
2.793999604586302
1.8877776283218854
0.05823577022341106
0.9411352656243628
2.7305567429565865
3.2172437595014762
2.549479430948445
2.134806731890643
-0.1894005150996989
2.280046408623327
1.4353085612188987
2.2478476144449577
2.1352058696749907
3.091295351051116
2.867019412687203
2.925486693926952
0.03620543168100995
0.04201416517988163
3.667420257386004
0.5139792773079898
-0.1311346797382366
0.5489122300681548
1.5141832026332747
0.10463563597236289
1.1588057860876244
0.7470556963992835
0.08148132727943111
4.719983879490298
1.1329204542799718
3.331527994158576
4.8210776974590726
3.9585161652010243
3.799521696711943
3.0262124595307855
3.363133754495078
3.400671261286401
3.1037400913771314
3.9476844539825398
4.951672482075465
3.0911990701943246
1.705980831620582
4.275675670181584
4.871105794464916
3.957724611817824
2.5652321304705343
3.453602438196952
1.846705206142179
2.0959086050569575
3.671859500580103
3.321462154744949
2.237149820830741
0.5972648639030931
3.140426238036731
2.770723341501445
3.756221484152612
3.4880238688178857
2.8862683710972012
3.5267557551566298
0.5693282146320474
1.018940830797944
3.8350504151795453
1.1217142267036206
5.061799428160539
3.5555966469714244
1.0523399076975846
3.5846575554274613
4.134692072970026
3.595483009287116
3.2176082516856908
3.6375772418493715
3.8560549865464835
2.7901183846573416
2.714874428631038
0.8485763528594596
3.34514951666675
3.629496498382912
3.174650863101383
3.386809872598944
3.150793015242319
3.5274347043626717
0.4038229105246782
0.07713336664220069
0.07570190452254341
2.4396481267278856
2.8887433821327533
0.9931354914536916
2.4836456028341565
-0.051683617494203665
0.25124732866090926
0.7986899925535103
1.1410731752240248
0.32238440721357753
2.955006634088799
3.3176302918911507
2.6343517328188093
3.0892076723212667
2.935265932461494
3.2596712547781874
2.7728856342860873
0.6356687783200511
0.27553141586533547
2.1231489459846475
0.6498238172676513
0.8947199280327984
1.5061107763364006
0.3729519324370957
0.0712381672005061
1.1700927376310557
3.4187880731423315
0.06664000271276269
2.6801605024339827
1.3201918736879459
0.7020026676893092
1.1154372230607532
0.5950076337507814
2.131964458740683
2.1389689609166243
1.2759192908211698
2.172089528503976
2.471945053019664
3.0718160116992563
1.3291540638965502
0.4985733504354438
0.1001707826320953
0.5346319967172053
1.9162630339172821
-0.08600394530479141
0.24767633637819944
2.5031859549455455
2.13769624971295
0.12958598598401191
0.8325023692749068
-0.179618441711919
0.14976282601060195
2.8459784101541605
2.251214033687113
1.9498237711561464
2.032003810643142
0.0001420604681211246
0.30569281526669967
0.05640938505139345
-0.29146105950663137
1.8181021377819688
-0.2010405566623584
0.0749319753334273
0.10870949568554553
2.5863788556813603
0.3073174801184191
2.4765118496599228
1.7975564737937808
0.29101690315390105
0.05098811419471713
2.833801291799147
4.042842983421683
2.2919315677452716
3.4962829944183507
1.7449065524336758
3.6380648152451074
1.6273925740217736
3.423417313067854
2.7089635488032524
0.16018058884706618
4.1425071690210995
2.5016603239176303
2.8054448771193576
4.420188956013233
3.0372803407954456
2.1976300758286755
1.5807963611702036
3.4756015909643847
2.0423480648547554
4.39039945282528
3.281539821519653
1.8198733070300834
0.6918035918243153
3.9443777005651355
4.2994905010399265
4.598562225355871
0.7014860368452076
0.19701574649451112
3.830280530663304
2.217461472309853
0.8040057351502934
2.086739598663397
3.140482820610085
3.1170898014336097
2.7728338109994612
4.007479441195688
2.5999506619567874
3.3893520419819994
4.114067930501902
1.6774594354321335
3.8629589891323612
1.164495789335342
2.6791119756583246
4.255202162500071
0.34069944002882846
1.320917625704769
1.867906812681443
3.5616824271260765
3.357821139397767
3.4619311612958654
5.075560815040294
2.9160944699957576
3.3914638522893337
4.37739086334957
0.725725350200116
3.0319304382852486
3.54882461666609
2.452512055448166
3.7867020073350512
2.771287941122566
2.7935085135136855
0.9927813566991452
2.9816555307983217
3.325014874056057
2.9586110192328103
3.8849969253716847
3.2266555850060956
3.7854725311036277
0.11231964975141043
0.23710793153956097
3.8140038022970915
2.6072591507310823
3.738075955911041
2.446070401201289
3.658380521830248
0.8612733057463544
3.5297371908360344
3.182285259676371
3.0507911956784883
3.2955662000536994
4.508920216549102
3.514717862686266
4.1035157578197605
3.909817099566356
2.961022265453696
1.3147250707414009
3.742156873991916
3.774012425695165
1.2612780614478254
1.4447749066196383
3.4884284464065636
4.429840471817835
4.141775265168768
1.1545566399385194
1.9479046753631315
1.6043817985793993
2.998912476382892
1.4738690290675613
1.9062151468707937
0.6116396589336892
2.395422203495166
3.838216563752168
2.4958780090625985
3.714775990051581
2.796219202363614
0.46326213716231956
1.3893251551960737
4.089327976640101
0.5394100313843444
2.9748531768130286
4.1471498666181725
3.703079564806212
2.544695135020576
3.38671301148705
3.674900792714205
0.5005619870382758
2.6881354702112223
3.1518950924133287
3.4728655933381507
4.436952956376571
3.03835552727338
4.153265196668321
0.6696412946540252
3.132088351043661
1.7435050450343588
3.6980670007740737
2.1114550605683005
0.1944084083570983
2.8245954191481286
2.1884566902521314
3.7194157526543834
3.5397463573523082
3.0330966763071676
1.6628617887733181
3.1538763204944873
2.8654569337029616
4.05780199133207
1.724775558499308
2.920218277648225
1.6886399909634564
3.501288615443774
1.9519886635465187
0.3516674221681917
1.840320749073522
3.187292447414746
0.6566462332356869
1.0679372338418411
4.718059215555529
2.9620187044269612
2.2908036039866615
2.0255066493231753
1.071147127443042
1.9517793298585944
2.5383045105023334
3.595705242787963
3.401146916431427
0.7479484718364635
2.564399780038821
3.0818274397062746
2.1758621937929252
3.026798308118549
4.3520865962542485
2.3362636438112894
4.2141087087516995
0.3504358270563077
2.011856244374072
0.12908855103540198
4.138080375081615
2.9532994699159394
3.60969760246546
3.6349607179267323
1.796392257874418
4.319445386679473
1.5583012844695585
2.9320653552101708
1.3926668316644362
0.4531869612008832
4.781192923211865
2.7435646116790946
2.0244579320636436
0.47054332048514025
4.608616147642184
0.3774486170788811
2.846447645879653
1.2866500296996097
3.323928641554669
2.5681724893954265
4.562006407236095
3.005939340356931
3.438310246540023
3.1637649550740803
2.7931159704380994
0.11631928923422227
2.3891794465756715
2.392977826318823
0.34537801489252373
1.7383489738220854
2.6999205340825836
0.7656179152717002
1.9769957599411887
3.4248183807378845
3.8630313247717223
0.855170863887023
0.32840008004373944
4.516625337040175
2.5551280406217236
1.8144313334786877
3.7837369447276084
0.5126797373980176
3.4504965433324335
1.417794532157223
0.45043175063451146
0.4441937883041468
2.5614226001933154
3.2457803678300823
3.4515866869542973
2.0869675741937503
3.888228736404201
3.9378906055635636
1.2150053728001686
2.7197003565365643
1.7768187662160067
2.77261195891277
4.217424409232514
2.5297810438755874
2.8170007315942973
0.819750315913048
0.672379720131882
3.913694693874406
0.7696834724806165
3.0782182797640583
3.1146949492576517
2.648271238368633
0.004830144199066855
3.6566686020544394
1.7913646814942183
2.715975285141861
3.8180175519154607
2.8337890628960203
4.592844893674543
3.599509041653561
3.908446568537151
3.0436462695668105
2.98263953590112
1.9769321216873208
3.4969420868357886
0.5237769464750252
2.631027362276718
1.4263945167627536
4.19273995950061
2.826098179704171
3.372641604118313
1.6902752297754504
3.4608875056262343
1.7664759841238014
3.9014120755555965
2.4731108089843814
2.3036375218270018
3.1323572274810316
0.2536366601408442
1.3618446045217198
2.909353236990173
3.22946823187694
1.3809527079420345
3.1014584002532755
1.3357921853114516
2.121169621982735
2.8479600602694277
2.158813919144797
3.2774437166779347
0.5640628608045631
2.9444745393195033
3.970031394915291
1.8545159948850638
2.296079049607805
2.4595734986860136
2.8138341571842553
1.0513977200690054
3.3703873734926897
1.578599284696269
1.0028130987168613
1.2440522971811312
1.343716913778286
1.717649667962502
1.0369388336921657
0.179023048545534
2.21741035842166
2.575365327141626
0.8691934976623332
2.587662972807265
3.674746602861584
1.7263749208310502
3.371669925804098
4.026325747707787
3.6020888856144153
4.106551822686864
0.6354151098211108
2.2489567896593967
2.8728117490217078
3.4639028009536323
3.1253397950361412
2.9151434974263175
3.111404076961074
3.2122874596535813
1.946045207217752
3.470204005657005
3.165440974198731
1.8638117318355625
3.910134168229886
2.8957670528958976
3.9420127376435032
1.8325008134713827
2.4027521652137165
1.5164509984510004
1.8554925511121896
2.050259909288458
4.019390719610424
3.6335424544382833
0.9149476653423467
2.9539022139289934
2.636888303820838
2.412474379610121
0.5500815054447314
3.212906535764232
3.768433348551678
3.188350583594711
4.032729009352057
3.1396194498310614
3.06435287418506
1.9331261825574644
2.27605000282616
3.790348715716863
2.073781703441821
2.288169036848953
1.7317482361765808
2.929043986093601
1.2921499191614085
4.0220059735804625
1.3487110414123231
1.8046372442653271
2.3762320259734984
3.076856120349229
3.4998285564299874
2.271390724727739
2.014760150881453
3.688825212219695
4.125687552308836
0.6911243040000915
2.844655312224316
4.354667059194392
3.2619220015064734
1.171032789046024
3.3111448367195306
2.991411208456571
2.3233757452828456
2.726228297112511
2.3998242294651404
1.7227999728683407
4.0138612790745425
4.260867299629035
4.5711199233960285
3.3588720047532874
2.437256549690732
2.6434937024725182
3.8876184103447557
3.108421551867633
2.772029801492971
0.7175553491842959
2.63642126375392
3.9732321101326202
1.6390831475112217
2.8429424379863457
1.4352177948722682
4.478957439429786
2.3706206709277313
3.6506138850254444
2.4125814587869967
1.1352484305272368
2.6437297246188334
1.245501991166564
3.0766433619804707
4.396409496421272
3.892263197347036
3.379447824559384
2.960666558103305
2.9255308674981064
3.043434549717208
3.2756163435190877
3.23914541022775
3.551294971644204
2.006815067680415
2.9172258993860654
2.955311100418461
1.6237168586771769
3.130367486263028
4.226473145803171
3.7669413757921864
3.4872443312644865
4.0099728368890855
1.8332062540820169
1.86580720840095
4.1709016738741145
1.9225018032087982
1.8336785622202867
2.0830588880061094
3.7689782530329956
3.5948968957720786
2.839724954546749
2.8986931894259094
1.2393925842966016
1.838315003465891
2.4706464469997096
2.2247275370618618
2.886522766150614
4.56085147592395
1.3555414783828605
3.715357608991115
3.9242789717058453
4.119089465248455
2.283826803835508
3.4252047867070634
3.9862771789251323
2.8646409489669074
4.669230936770967
3.9123634810218992
1.1311623500468269
2.6343005625157163
3.461945726946953
3.1607933972504876
1.4532696199835975
2.8618480960676744
2.888721728900459
2.662177933176928
1.3002308428216778
1.7801496413845517
2.734590302803199
1.4185779483946601
2.6280395850267957
2.2112320161964045
3.8437575511221045
3.265560755140038
3.4067631182102507
4.5567827997630275
2.977644984097972
2.7399158481828176
2.605262521147053
3.0194750326710627
3.29755753587932
1.0347828444304714
3.5149015786826037
1.8172696677643585
3.047262875604791
3.6596613648592595
4.40105277702753
3.516221816038725
1.0892058636045705
3.023471325019337
2.4274646951503045
3.4548154908295534
3.241587940533657
3.9799946483429296
1.7250742184383632
2.4324145296653295
2.6377366949946297
2.998836292609097
2.8373003038059474
3.517396724503993
3.8593247589050956
3.2161315563482
3.978053579170124
3.67662286418879
2.612734681737421
3.0750969610236383
1.9151138596357185
3.805172460393197
2.718503048540983
3.07719083284782
3.9700081947629466
3.6511421207489856
2.9890886938261176
2.238111340750805
1.6964009888877738
3.945006012642413
0.2452259869624875
3.9352948844087803
3.634910844561666
3.2147563467692764
4.604360388678177
1.4659296392155534
3.646216532773367
4.329655507204353
2.4870643080468233
2.9257429546262483
3.0573282053510016
3.747940880189618
1.6345305109323998
2.430747504614527
2.3459347588611146
3.5436632562288657
1.5317629090120215
2.9524924807363697
1.7035242445057783
3.4552727523462625
3.2614414311375315
2.0757454390951366
3.2938468203115874
3.774597234310158
2.4621019870450738
3.059870371442286
3.7535368918845644
4.095281376750227
2.769889151405639
2.6377011082930077
3.764828222390603
3.8569872320011345
3.5417131382578932
3.447712353897146
2.9143198120915854
3.4023294694455215
1.0777366492478913
2.4158604687536718
2.9191324145653965
3.204422152292526
4.501957127999525
4.306959810492959
3.0613205113712287
2.5610575385047176
2.7171374909022776
3.4620625276850348
3.2061038347233084
3.5668582739641885
2.7370266054308554
3.8488929519217385
4.044202643974819
1.6938054090189703
2.138075107207923
2.0019330619780034
4.22435683326289
3.9711462139540834
3.9088511507290895
3.289419610752588
4.125807020144691
2.5200909689127378
2.343513352875897
3.8113503400687843
2.5855056666326948
2.1017134551813506
3.751538333439303
2.881519558909583
2.341265835082754
2.917687898795544
2.4605542900262
2.0759510642632972
2.461666304733424
3.829990627776327
2.831581731203378
3.068765478793314
3.116351930106139
3.516324107249227
2.9212746113327226
2.541561794221654
2.4430629040917027
1.5009616090912647
1.2803363067822124
1.1978619702831506
1.8059033417421184
1.7284475818170997
3.072738925995609
2.6848843896256236
1.7462460993165
2.106200131521831
3.8759803976841707
2.6497310382965473
2.76419004681696
2.8428340488500408
3.591807600765759
2.5717267712623424
1.753650193659121
2.62472891550266
3.8710551645311724
3.437158840297362
1.9532355414590703
3.1222157929545515
2.2761285200207637
3.2664732202503983
3.209213428249996
4.518894915996453
2.4619988622015456
2.8004379497862297
2.687861537093543
3.3570515878007807
3.960207659445452
1.1343213117802615
2.4784878617149015
3.889669180851197
3.246435816850489
3.5949730764082255
2.693316131877473
2.711891799564809
3.864629556574631
3.620666236671446
2.54559531201599
4.316684017698703
3.9710610078526654
3.9609461795481704
2.4099020085565406
2.9546913199447697
1.8430228821973347
3.6685700529961633
3.3010258734393827
1.4483092695627615
4.5490341946053565
3.362066214668402
1.5567336832861771
2.5597607254059533
3.151628764961968
3.385315305746359
2.4196604684633143
2.472012106804639
1.5815168813134073
3.2092660758771294
2.7132371179094004
2.5502252735949154
3.086724398233572
1.3246329330913504
3.66123873132778
1.906792818852709
3.7065583719313397
1.677023699039442
1.5365369150371881
3.748462764148879
3.568778843808937
2.5615876878326973
3.6922132452868412
2.1555034875411265
3.4299653122899767
2.479858467704941
3.587325667887992
3.014094180019918
2.472601991101255
4.567741841487107
3.6946932970821678
2.057621549004667
3.8005836850135295
3.7270983521040475
3.9787727483751563
3.2953942963471747
2.55167100132804
2.5302957184390036
2.5482228195712695
3.7452779623070898
4.3145614416039155
2.8430848325853026
3.9387838009810605
4.3629360793388265
2.8366061388588295
2.6812795352594514
3.4251021998649605
2.949328383657953
2.406350775584831
2.4022827708937844
3.034948369759692
2.3322285182877383
2.339806359276866
3.4492615670666704
4.2968676034693525
3.1855742704213745
3.375289899451871
3.4401866400014884
3.935848641943132
3.3235912597965442
3.081349718498177
3.8427939202340338
3.0593727094808996
3.7580377140985592
2.866113177706696
3.8391529185876867
2.444113824315364
4.078746273674345
3.082941299477276
3.5865310623271065
3.5936761548205296
4.172763761947711
3.3029236333604923
2.0239947219692263
3.467986641915161
3.0030987540686445
2.8838520619587547
3.2682963663699516
3.412178637607128
4.261145065146839
2.677138915823373
3.356438136038094
3.5059719002665695
1.4553300842298103
3.7081657650383932
3.443386779581659
4.151838090534781
3.324826982316401
4.0414224805750445
3.398668783559636
3.456255666719271
4.107129693109079
3.163240667690893
2.2064127614353306
1.866895946693385
2.7044880748241744
1.6590284733904084
4.047615831103469
2.8465551473081936
3.4876085828360783
3.382182744151582
3.425874807558536
2.164493505616241
2.212791586517294
3.388219666292234
3.735258208985219
3.5846428979670386
3.339644383133834
2.829245808970911
2.879009021265263
2.6728715890906267
3.3101887723752363
2.9973203390225103
3.2767220419378935
2.9215993502776922
2.9964986014979966
4.511595939978649
3.956668069283593
4.378721575001313
2.5733349611349294
3.612846850797359
3.2290552261083487
2.0405071830194697
2.297762180481802
2.6390688274699694
3.361761306639686
2.9421526809040857
2.3808733630593077
3.364143400688401
4.366750235666193
2.7101299059563835
2.863821141706583
3.0335652048525135
1.4894290139695927
2.8357340706083174
1.76232908007439
3.4264694850712933
3.3579355045296926
2.8539097514270315
3.544329219393695
4.147558647373499
2.3050489751551324
2.532387729273895
2.832262495874432
2.512472404637171
3.5488583286621003
2.524268411564641
2.204547015526495
3.2113855925262373
3.7724124414127007
2.556681658013647
4.277071793517244
2.9524684603649503
3.302223650905082
2.7957588901951227
3.424391809581619
3.066977793750947
4.580072478616198
3.3875099093233154
2.9637282571790253
3.209700322178379
2.7566169339228597
2.7040226521597157
3.3918777385294567
2.9298157583248927
3.2615203692039563
2.6944768792156215
3.4678100853275042
1.7491482449341929
3.29666006320207
4.583084132780963
3.6406821553602864
2.467680193089557
4.3019931923666475
3.7924621388983373
3.3106929899066078
2.826011675145222
3.8970631539472538
4.674145034383167
3.5515432918045344
2.3612193962745276
2.29740551369798
3.9416744685693677
3.131924014849686
2.636182546034538
4.067751524120874
3.604373746409095
3.980888060382194
3.0891321978873316
3.7089234460942833
3.6761742536194015
3.889476299888685
2.792644513098226
2.851456562272236
3.954810147659819
3.44625635709205
3.370184522830526
4.096579214561377
3.9006032364860226
2.832934839285177
3.20499105466173
2.8233203713113446
3.0326698776577232
3.055165860177721
2.911798710541065
3.6428710501166863
2.277049424671404
2.5326996395165327
3.0790959800507998
4.691960100972177
2.6621502938135433
1.8510076470949026
1.2725557481168717
3.027728874296995
3.4036105375177854
3.7547859777876034
3.6820709756082213
3.4696092180696616
2.4335942991731865
4.1158793461558245
3.770621413334993
2.4391594138720367
1.3513088191982792
2.0203025381652844
3.5306713125321427
2.766447640496433
3.8571867374203985
2.2487866863519197
3.5555419934464356
2.7145518798695636
4.101390769243281
3.7198352556807146
3.7273505623628576
3.594195954737376
3.364140508367103
3.3255154791336152
2.181877221074235
3.4345404074289796
2.3990350367134945
2.598433011290544
2.7913962977682427
3.066798927763909
3.557635234073677
3.3561175910017886
2.0934211321006795
3.159885454388976
2.576454763735142
2.8245136079445228
3.549317264699204
1.3834203565172347
4.565358606883956
4.095088818541523
3.7235562442806818
3.778911885387238
3.18533354548729
3.4204800974832494
3.9255004768906496
3.0372053336359213
2.542365292261501
2.531313621751786
0.713702371001148
3.9212297279640747
2.6349104570835853
2.595192047612375
3.9418476876776576
2.3378668603014705
4.087514643310122
4.171627767841635
2.726705700631325
1.2193921143991107
3.1197764960257826
3.7582648928710896
0.520935264708625
2.3090439834097163
1.749542416576048
2.247694795886088
3.945418678130832
1.4300640258270425
4.043779622202846
2.0815311191203496
1.881229008878036
2.040661233900784
3.393274631715709
3.385722618138906
2.0947036059321573
0.508545516621623
3.42388123025702
3.5520008938750265
3.766982337338457
1.3201759165640072
0.07692936011076631
4.486401619783038
3.9966242447280567
4.138006032411686
3.526195963444558
2.0008476351047366
0.1641818993260412
2.1976740500805083
2.248901894753057
4.044435740430478
3.493831190568297
3.022412713744253
2.7238365341021855
3.5255445346222576
0.949705372327452
2.2156435947546957
2.3918736857310807
4.047805389398931
1.7066347666419244
1.6760394968805046
3.814685954875466
2.608099254862641
4.132455681329797
0.636499222551379
0.12362045353277626
4.1775377079865645
1.0222461676494874
4.356663856752892
0.3463293065844817
2.7928459521502034
2.7748852807526707
3.4903540382678098
2.7408266121513445
0.6612758195063838
3.227995074832532
4.5800410046994156
3.319602566567965
3.565183366497492
2.936275868217747
3.0860132352038474
2.454967063448367
3.274506161214886
1.420661565502031
1.182212585380321
3.8768242422018173
4.3511892020150125
3.6784915840998655
2.771225299799552
3.7030268165914273
1.6207108037562583
1.40115135686196
2.539397757553826
4.333551938030861
3.682884856451848
1.856829323883761
3.5809244544853196
2.601311664473308
2.78065799663352
2.6536795427564877
1.826352319288647
2.114276488435707
4.728468818827535
3.0045654293845745
4.155485569434917
3.4304362685498435
2.641491550206623
1.7974083222003108
2.50527426582317
1.307077656052856
1.4378563134999647
2.2491830162133453
3.979877353688003
2.0447380741794703
2.822653069003287
2.296865116478593
2.5174706956607023
2.926316693847416
3.2607783698282855
2.1576281450381525
4.089982508630464
1.8477753498189133
3.1006087435422858
3.4317954318001394
3.8368836870260954
2.9055645210011836
3.2734036674210922
1.5484013600857205
1.2377932275288468
3.0422979495542215
1.663618949106941
3.6900381815404253
3.9027859413695674
2.695923479771405
-0.11221418435327465
3.898444149618077
3.5312700208493055
0.5593693745012023
0.8804621120938194
4.2490695732104955
3.5339259576806237
3.873753325108011
4.259664853429482
3.545265015974952
0.5476632350190589
3.7476879522182105
2.3447026525958425
3.5758833671273202
2.3699944609800236
5.129490158190354
1.7057843677920155
2.1449338515169325
3.4755346617736946
2.070893357456042
4.1681922198389
3.7255666747112683
3.7964077833757237
3.782603692226791
1.589574079530066
1.966076327661146
3.4651054783740243
2.582435513774962
2.068187234375074
1.7432484003305282
2.4420238262862743
1.2756936361469138
1.3105022230478987
3.9006297547922597
2.1089289037132697
3.3607127912937247
0.21317290362378158
0.8271561205563596
3.242737196461374
4.238241974674281
0.7039268030811996
3.3838827867702386
2.920956503681241
2.247444262922633
0.33595555516013154
2.037489091661794
4.451580657214558
0.8779698718878233
3.396211646893675
3.68432659180471
2.7572396672166426
2.548319493154874
3.918911979253259
0.7961532953556207
0.4056701335779017
4.059866518404404
2.0209297691195975
4.265938096070474
2.5126085062290966
1.6410175299283098
3.2877036892983864
1.8412196088068025
1.9637852002488416
1.5763419267597665
1.8036951868370246
2.966932191836078
2.6984672909418888
3.110754965970417
1.2225756170991808
2.75273558344025
1.9616921820752324
4.092143525000786
4.39304751438009
3.497376171045595
3.2962686847994407
0.8121770453480353
3.6794247118915515
1.4426283634634787
3.591492518252537
3.5535939261010676
4.272955732052807
4.400606118452462
3.4582180234657693
2.527277533418258
0.9990889507320109
4.111568953211742
4.229754645080184
2.244346259896688
1.680633745636605
3.4023882847851294
2.349320684909573
3.1897520161295634
3.30030273745404
2.4845417496383972
1.1572817171333902
2.7601413061989644
1.914185717953341
4.635297874734457
1.9187631622989847
0.7079460374458999
0.37436444473871133
4.153351727677119
3.9984915358065796
4.0832050682234
4.997967661841843
2.6317119317418993
4.4803846151650335
4.649120517162437
3.770906203295571
3.777772312000844
3.8600723305273292
1.5771854303179698
3.0532444736680255
4.015876011873852
3.1029059208898144
1.957786320483541
1.5737811731261648
3.096628072610066
0.8722191812956022
2.1736150207839344
4.328688802619581
2.5573537957127264
1.5042897786077554
3.0163548657611
0.8875334729669917
1.3563742290344676
0.6602461345511996
1.4631371174963
2.2914279463014346
1.521287610582751
1.1226222664817207
2.18828252101251
1.2812802017866878
0.37617516662602946
2.0906443941058277
