3.638981288125315
3.8895534701820953
4.282490107978529
3.927696377692834
2.8614016710769894
2.798232959373698
4.014479575481428
3.0791828705120396
2.819851080556127
2.439290648923524
2.4423357050254526
4.76219570902341
0.8906744184786433
3.0832093298465386
2.809564991526523
2.237393376082666
3.6313311841275158
3.5748036368392526
3.3839739184503212
1.6175282718748234
2.8234424662491184
0.8265021261291895
4.258275331909759
4.026277978980469
2.477721844546774
3.260041780829626
2.238225355114263
3.4113908979197216
1.1905439090087269
3.564013695683862
2.4788491320103816
3.4363415788003566
2.096594138660298
3.6260442776102013
3.0741563909311047
0.4411332418932355
0.7076047435630352
2.5379744253653853
3.4953857208158983
1.0370102445741314
2.769850519551808
3.3792130081218477
3.636840909529667
0.615217853023411
1.9339250237211802
0.8239819285744309
0.3981097801012935
1.3194934950661907
3.6601272144350037
1.8393389015820214
0.8191983371224975
2.63542572994663
0.6420686408104256
0.5716972974222636
2.3641444752155203
0.19512970198702184
3.8966553560867636
1.0499433614748406
2.4819731623220833
1.8698659445348322
4.890594781254346
0.16981398450318302
2.9249531372277784
0.9193828914812652
3.0336426973029984
0.7426359159344899
-0.0008101330519831029
3.0340012712538518
0.06870664270184206
2.644108764187345
2.2964127344260152
3.876181789524404
0.850867091708345
2.8179504459621993
1.9305666963324557
-0.11544558657941904
0.6540587127511209
-0.306940068570009
3.5129201499172082
3.0936701865490805
-0.02711481309708723
1.0414317021503683
0.9974593395376743
1.0857206817826965
1.1953597769283808
2.167467102929948
2.9578571327389804
3.963413070958271
3.2996039806814346
3.0443424400129286
0.6109674882609413
3.9437681378393643
0.7571249745771459
3.7406327770066805
1.937089139512047
1.4319231472795877
2.8078788094180913
3.5271712333430187
3.2077279261184906
2.1199558089261874
-0.1840065985844393
1.171350505014701
3.0143181516781046
2.9091496792935896
2.52099551749869
1.6811299536435718
-0.022445834106708404
1.9732572808069857
1.4361998222857728
2.5152505426503247
2.476051789880579
2.659149582231116
3.0130739781605342
2.759278176890519
-0.007764514719457827
0.03020301566185249
3.774657378296336
1.0644985077588995
-0.1867652170613654
0.8108731687599419
1.5620222735453766
0.3248336962196608
1.2394494404567726
1.2379906513724537
0.35221324884786503
4.863994986405424
1.155502565552735
3.1627233334980005
4.619703798119429
3.9965585462649806
3.6575753860467013
2.8729061214210407
3.649865147792778
3.4199888417087703
2.923732277149883
3.927024515945406
4.741622426025219
3.1280165718093764
2.1514622286668232
4.18823458221656
4.727381514612007
4.039869335543256
2.6693110965105835
3.3816244277889327
2.1121370147430167
2.4557715215496048
3.5335794088084107
3.475863937366852
2.3903210000327118
0.8359924517037288
3.3115294315756927
3.0604103307667874
3.8256283423930855
3.3686488426797427
3.0991376814499922
3.1652896419454963
0.3395355115542739
1.2036336108375782
3.739393038465245
1.1030239176235284
4.837708318782211
3.198421462841136
1.0415191881327686
3.412505892487781
4.102227446658985
3.745369870089309
2.777278693486262
3.3511791783640525
3.7572602914513054
2.678173754983438
2.7870778402794016
0.9372243697701167
3.6062216490709256
3.431707066238339
3.3411796158262925
3.2837031921926965
3.1611144731124865
3.387769432867371
0.5373165780160029
0.25178668278492533
0.20589349918357852
2.702739088605524
3.047762972380163
0.9384999932690987
2.4037207761630426
0.0032058486361578736
-0.06140521213306431
1.0828569562564765
1.2838917206458766
0.5121274027844748
3.0938256298566955
3.1324154908907245
2.921054580142397
2.7962936878236158
2.7501226698557435
2.946770751783368
2.8306168589190484
0.579563054757202
0.14739050752793154
2.3165262851991466
0.8021082898703246
1.0560876410489908
1.5773213919572326
0.5517482262501217
0.28302935400891865
1.438442440035631
3.6200167169884443
0.08366110365415881
3.136477971621233
1.367224110119709
0.7985852275265313
1.353189271318207
0.876080848406492
2.4479131631193596
2.5887428064750058
1.525508049536823
1.8728229585111034
2.229309073559155
3.0554294367226316
1.082776928018794
0.4889548164441038
-0.19844027787839907
0.378895543149774
1.933904693778935
0.07105736605954878
0.3438677663590739
2.071852163566575
1.6638860763104866
-0.04198996532088771
0.3832559184535662
-0.16916058809554746
0.12402694695754952
2.9050020723681085
2.153371494678736
2.0993354370078077
2.4269848882019245
-0.18090802848301907
0.28309017879217285
0.15746066830262584
-0.13096770241807387
1.9725935688509664
-0.33064866997700243
-0.04223690290394476
0.08280134284144879
2.2853759067367214
0.23616162646276823
2.284539149399486
1.7286349563299315
0.4256199336636603
0.0979659014597599
2.839124371472092
3.9537402050365307
2.3211422470875327
3.6287022884720357
1.509233554272048
3.5191249226011845
1.863944810395375
3.4252248587179137
2.8152151433378236
0.25071604320850055
4.158484726066686
2.8649603456554606
2.763967550441219
4.338804321921461
3.263387410429296
2.3176006799194155
2.0254222347748905
3.4590639241004597
2.1143627303481383
4.428471826812852
3.0113757733110877
2.1787269172007075
0.8584955942638065
3.792996800549208
4.225573726996598
4.535286734684093
0.6310463738772587
0.37595797819717824
3.7202203943664482
2.281423955117357
1.2276222960685343
2.148110777895622
2.8540212481834923
3.2336231973237877
3.1483158574038503
3.839343074521233
2.519315011684601
3.3847176958546816
4.048384517351893
1.5038964829400323
3.7421415191517693
1.40255361218357
2.7851458504613174
4.139692533963967
0.46338632283024217
1.3188890695356605
1.7705696222337362
3.6580518487514864
3.159872661997807
3.2726940517120875
4.913963160042467
2.9822543379003426
3.217188451923018
4.359627996925138
0.8904927885201248
2.8073550650294905
3.8446826674944425
2.553606564608251
3.612129689866298
2.664812716228518
2.8842443648295406
0.7696690502148316
2.8956187604428685
3.314171740438436
2.788874361159601
3.865421272203199
3.018674081550433
3.84232627645505
0.10859233446037071
0.338988609166015
3.803641525352422
2.1933473139078687
3.7929929184937583
1.9805997517866514
3.5983627818136825
0.3858978320516426
3.6174268509640375
2.954887873518722
2.5938092207985735
3.412741022255596
4.422874675826774
3.435462048453961
4.197053937800053
3.794171317650143
2.9582105491201336
1.4897273883586248
3.90421847248074
3.675751580495851
1.4629366908323818
1.4600171769423342
3.465019685636735
4.380400600594936
4.148071389878918
1.2177658973595915
2.269247732910096
1.3679359215966092
3.2900496629278555
1.4336699390688494
1.9848324542782978
0.5046262017183216
2.367088699254606
3.6350929922664097
2.635500796378681
3.637597407523142
2.9968059346808573
0.20602822808639043
0.8328944017826974
4.037904038138603
0.6370913633979394
3.024038411917489
4.064651830339933
3.54810076914988
2.653622732432191
3.1307348688497454
3.640943923129735
0.6609114228889275
2.718503735436958
2.836324311496726
3.107020969789819
4.353416649671316
3.3997082705458093
3.864861450658538
0.5778581966542828
2.909906961566756
2.3148596433658675
3.727018915847748
2.378026947367887
0.23131724791616332
2.7486752316218857
2.1028296512492877
3.6388243649853464
3.5453261248610692
3.0437298729689446
1.6235853177576494
3.490271157702632
2.962054691008545
4.412621261891487
1.7933847367638602
3.060776741859455
1.3568157195341988
3.4594234270601456
2.015501807062878
0.6430001021157071
1.9343537842048073
3.333205337566678
0.8058725912799322
1.46555202334889
4.660039266326592
2.6858397253375004
2.0276032046304793
2.188359910803859
1.12321405537953
2.1644605954972893
2.51068468127172
3.8017213898581534
3.498323412807477
0.7009008680311675
2.5829781234568325
3.0465328735727635
2.0224011341048853
3.2258731336447157
4.203259183143898
2.5637702155035456
4.168894422802672
0.27445609809608057
2.3241023782664603
0.21488389030288296
4.196730755594097
3.130166731702441
3.394690213382848
3.414797560316086
1.2915914584186368
4.003727468562747
1.7623106108798965
3.1201717817624592
1.834303454827759
-0.02077947778547072
4.654985926241341
2.596813570634274
2.3778441071478387
1.2602990612774148
4.515917036002881
0.7793931902919625
3.1682291736510617
1.3178604922728758
3.3768566674085445
2.507108117534532
4.531738692549924
3.152037719673437
3.452478154992276
3.204622647706545
2.876627037611674
-0.06561257260221491
2.17250294253061
2.502287602022021
0.036639795146834034
2.0698388930223715
2.525437827328384
0.7549440598948312
1.9526816335498254
3.470178445819074
3.7775582205590124
0.9665572318657134
0.23974428545005566
4.447545463504875
2.562396808298873
2.0106163589333805
3.566598596626175
0.6268654165862515
3.507395723640917
1.48870469372339
0.8823800156739312
0.15507868621568405
2.918535771234128
3.497583810673921
3.1808554479659215
2.2508158088579253
3.8483030265960556
4.053379588952037
0.8446456181708313
2.5287236625145284
1.9131188688010587
3.11044577669918
4.174760104316683
2.085194668791295
2.881961502907127
0.8674329420718415
1.0852923182961276
3.415410484951343
0.9269695012469614
3.3310374731007646
2.92550327019986
2.7239008783464413
0.34672925382237274
3.5574101190686207
1.4599212304041005
2.7335197690549906
3.548415372836009
2.5992319471100496
4.501693563335418
3.568319266532175
3.890210948044232
3.128695429590764
2.89612901055073
1.8052379239508103
3.2394141985406413
0.4136689800279506
2.5740919585248343
1.4610379178980528
4.126205334463853
3.047792913373674
3.1724137124615654
1.5829374689496671
3.5732210808848492
1.9495664874571992
3.802559334454391
2.4196340177084172
2.321970646952135
3.139635430919994
0.3340842422033811
1.487611232159025
2.389098817087709
3.342503267059897
1.5704527633049137
3.1249179005728633
1.3133395344896919
2.0937893265273066
2.6504940125943435
1.530903794005759
2.827673378255712
0.8334782167298993
2.84310548389682
3.9915891418877436
2.0677969394834634
2.6619116444439763
2.4406705724407876
2.775020934479673
1.355733375751971
3.1165548366077944
1.4138858617996026
1.3507665715472543
0.9630333194238968
1.4189825795303832
1.8960084102564525
1.2523235389908802
0.08922541604745933
2.808230464748048
2.528985967846222
1.1044267141074182
2.435870142952756
3.794553533775117
1.7852674135262505
3.3978040993620766
3.7125919728204093
3.477616400808876
4.3776720127591116
0.4808405657107078
2.401698426786297
3.0851767832434587
3.6438298107318077
3.2715865792946657
3.0801332001949984
2.8955729405529897
3.1402934536978284
2.0428048828319443
3.630754643509537
3.380460014274929
2.0090575092648693
4.038919945612572
2.4827711483440735
4.242663050683551
1.6883697776194138
2.2499216060720064
1.6108880975155173
2.3053908050074385
1.8992311945723626
4.033912903267714
3.601806052956
0.7929533896748066
3.0588373100471133
3.111678026348371
2.5032264900145536
1.0583935366925632
3.0650626284300984
3.7073077631734286
3.5909262880062762
4.117400178095198
2.7418954602866124
3.1576083783616307
1.5303707521054053
1.7400444103829944
3.025750021531963
1.639768928756173
2.41391677082685
1.862080779125645
3.319887584458626
1.4931458550072187
4.1875635487374
1.622989739827624
1.4963065451654651
2.226183059590041
2.9454002049783963
3.7174948046926604
2.685695589312615
1.5174707082711758
3.7435051622948308
3.959052075520213
0.2134229737225728
2.463915932093193
4.4125110600903215
3.5156411036125688
1.3523262092242314
3.4975532778311447
2.882502017757549
2.0820748158311186
2.755452039810708
2.972527942134195
1.833126027167087
3.8565054831353063
3.822658124576342
4.496249042483639
3.5409816623450636
2.748866212780405
2.317006510034435
3.854846894004263
3.388819018446429
2.8355352656027715
0.8274500458188725
2.593929525060447
3.762373786920251
1.969028999022364
2.702111716067791
0.8717862351100999
4.365176435752498
2.35330742530896
3.773378548221197
2.1773893760251926
1.7735517025351817
2.908224940585812
1.3450818433472072
3.1433625719395604
4.431898626438376
4.025503166192132
3.497444500436179
3.2628089260746513
3.0533373598549574
3.319514401679551
3.5411057141724265
3.3024596250777654
3.003653194711122
2.2462279470718847
3.3230276745822414
3.1666897418902242
1.6488935883139206
3.377006434160625
4.084191642902836
3.7559595845206215
3.839348146656856
3.924628169333011
2.767506979630172
2.1900394297951515
3.9988829110458903
2.0025599091664983
2.1871591095263723
2.0565502703530583
3.78620918196024
3.8254659392730006
3.397647394943661
2.807953284135575
1.281328562221429
2.019655378406366
2.4770631891703125
2.3789059714453833
2.9938364543562774
4.46461552873041
2.2819879050780285
3.758187609783775
3.908748757055288
3.9100078873482254
2.077659259116186
3.675770088627269
4.025538006526027
3.249779368013461
4.564640117733646
3.902167042264625
1.8115825840725044
2.8559267899743563
3.6272440482740564
2.999122774921754
2.04192687924623
3.10097401828173
3.3677558954022353
3.0427531606146365
1.1529034086329397
1.6498841609075547
2.911217961987843
1.3177255653022222
2.9436991842102955
2.3225767319771062
3.938381835889035
3.4076094912448407
3.5128959300244307
4.468128808451778
3.1754597569636354
2.5841600654519237
2.988827030086227
2.7687132387904887
3.56168123707367
1.167346315611758
3.743706611962807
2.268319128275577
3.17179374071151
3.094560006787746
4.3137001809136875
3.6838180532762
0.8214296380837874
2.7824904077467973
3.004207575218621
3.671934738836278
3.2661587293856598
4.172151390352492
1.9440081571881243
2.667122700497952
2.9392257317162676
3.245984725357094
3.014169683221171
3.6995460149404433
4.007162525649822
3.264294678081846
3.9638172165312833
4.255115032144368
2.9521315653627833
3.666201057624396
2.3637319649470836
3.8702081261668515
2.410812164595656
2.897158515928745
3.920946714736172
3.80242154930769
3.312522824047556
2.256795709983878
1.8546541925251268
4.010280403857613
0.6053709165017748
3.8986484919854227
3.832832526581241
3.406671003261638
4.4618118250519005
1.6919692125892964
3.728388986967678
4.302324779679496
2.665459844917249
3.2743427813105823
3.4629893037155615
3.9099501762297337
1.348232081778708
2.8655203239635028
2.1610060949120102
3.7920390166213984
1.8313613508109754
3.141926197249329
2.088066421476211
3.433990906328636
2.924796189511682
1.8879095562809534
3.491541365161311
4.001164281026286
2.6396822419875834
3.47150157341361
3.722274878259924
4.152636152452355
2.734239524130819
2.9924466206731655
3.2458623365709203
3.8643288149858623
3.306389265495714
3.316421518415228
3.057057917002705
3.85336102494297
1.1209297483083365
2.5436139196071714
3.412396240689187
3.107738018007879
4.227184942897447
4.414929371360048
3.3077123048928883
2.542596674218209
2.875026225378962
3.6505727976792954
3.33720695582796
3.765908639928456
2.974413571064671
3.979248829544422
4.141874337401483
1.7689379945104704
2.375277840567258
2.2108657036200707
4.08787290960021
4.007570773213229
3.8891922285161513
2.956849631029521
4.144308991574465
2.767115103709663
2.868513579536347
3.8664888770229213
2.8568438748947966
2.664586851778509
3.523033934356134
3.481446619223343
2.0775297960826244
3.2181301075081046
2.6791385134651717
2.1261987655651007
2.7983443676606203
3.7457367683499507
2.9437985309358377
3.09496545307739
3.1036506556579044
3.3009496824644193
3.338011224104847
2.6061934933951876
2.8042691417788173
0.9920043211610546
1.216457123164086
1.3345318225721439
2.1661975644020246
2.336407877668191
3.0732848136988653
2.552350720515138
2.0558035559709507
2.3640423030655056
3.86389102308574
1.7704166978518734
2.7051129567165786
3.153072140513143
3.964170755358266
2.525504598953965
1.8944959636433356
2.8647061257352355
3.7444236763600935
3.6070250519059246
1.4981159797032368
3.4778486669986384
2.435359965994043
3.416305577164982
3.2820294627523023
4.438329563426838
3.019485269311754
3.15882462941758
2.647221687541273
3.619043972735441
4.06590235816964
1.0841726652812131
2.9447072903815226
3.9678845806745273
3.4068646466609143
3.7416575789232738
2.853169282295329
2.4512549453653016
3.834241587051094
3.8944704662651124
2.9844463571148854
4.202587602631238
4.2357861526667895
3.649488608286963
2.569331347053402
2.7636616331392103
1.7223789717217308
4.164436724373876
3.589643370092396
1.4093300807272464
4.449693162192367
3.5854718025572567
1.8479096489232294
2.456983685808189
3.4889439251011516
3.6046437994424805
2.5323042668656806
3.0501244892019788
1.2052748960273199
3.1672269884463318
2.9855670571922266
3.0817197058721035
3.2407058264744615
1.4203455773428073
3.7026506909646684
2.245504541246639
3.763149115294505
1.6401273991785013
1.3825284342174737
4.082553147980803
3.584646270251306
2.9211606341856324
3.9312049929238597
2.3347434874413677
3.6589063542127866
2.539156684944828
3.417478203679331
3.455609485929111
2.63141703557488
4.428682467081864
3.8630303150980567
2.132336132183893
3.6931629390397953
4.0446282479469255
4.006550748316742
3.246027575887839
2.60853958184093
2.5531682436244103
2.986989534462861
3.7762754376040153
4.263783532604047
2.762492291060906
4.044212364607467
4.427043192423684
2.4886276031572803
2.522454078060684
3.538552997770864
3.3218643881855163
2.4813225896592783
2.494824618100761
3.1399847503271703
2.53733133455217
2.6526482042911
3.6832907859662685
4.339248308209969
2.8448496806341774
3.263086285553909
3.315040331320137
3.9914732969888025
3.4565572768871835
2.9835035696766674
3.9430990349426533
3.086257965810349
3.9225689652649076
3.065052122336006
3.9341412197551806
2.2557967256806033
4.265917861814881
3.1744603859382687
3.525516285740332
3.631320855207807
4.049409528595657
3.2126597623784026
1.8716481245314713
3.498863025948416
3.143140261101607
2.750012075096926
3.1551242809640305
3.4178305069582438
4.274434276173737
2.417699416702073
3.4409428642221815
3.677745361478457
2.0217602776666985
3.983460512397855
3.426822866775425
3.920975278294333
3.255970410345332
3.9868337600567623
3.588030193213892
3.6028542316086662
4.0965836806292755
3.21032258791548
2.160281079560617
1.5936000927812577
2.755339617248664
1.6946099947080249
4.148571837281555
3.1271711955483377
3.78258831045074
3.1389994020437753
3.6970347480637713
2.257292456823916
2.020459448215294
3.548792621810337
3.83162493203261
3.1730796669262626
3.5436555857839247
2.954927912724856
2.7131876722039543
2.8896717344281244
3.3907032871336127
3.1339845945035476
3.5255218571242413
2.8454526956720296
3.205252986124628
4.588701944526213
4.03157191282722
4.375247513004786
2.463470751045156
3.9820591588214005
3.3272258675926385
2.095662785811931
2.2256200287188506
2.7340258215984576
3.339787471791847
2.965143023452782
2.5902651007910533
3.7234986333200566
4.4087588593658475
2.743178844745957
2.7950954344999652
3.2866606886803966
1.7230283298291598
2.9003888700607106
1.973426768572691
3.8892750131235507
3.385009018966765
3.0351950775322596
3.6227624403083802
4.099107330914127
2.4165590529598138
2.5308233563466978
3.0038688795052195
2.4033730613335917
3.7302871830252906
2.2886365028916833
2.317010645238958
2.9893429648594876
3.8705225988979017
2.996028876315962
4.351051377049813
2.9794167173800967
3.10428354342271
2.899512911847034
3.0055610070837613
3.265820172681054
4.691392295046608
3.5050985437903277
3.0831805304609596
3.276916367975284
3.127511646468991
2.7137670468436395
3.1719429381025486
2.7586816390614812
3.4648092365332688
2.842464228853842
3.510136098600523
1.694037456225681
3.4227068733854646
4.553247854723133
3.729305082043158
2.6265198173646302
4.357965988731896
3.26724046245973
3.4921323385723224
3.173868885846783
3.975886375056777
4.620449278732914
3.729054941492718
2.0602068898056323
2.6873793319248005
4.2582314723721595
3.1249767866136993
2.2909960277543284
3.821397819997764
3.672266606181986
4.054521938699084
3.082996935457785
3.758489769252554
3.8650476772498292
3.612324298256278
3.0368293764774554
3.2006699886384022
4.081779405942541
3.6750005415163542
3.6973297118872335
4.027215386004817
3.9207974895474615
2.999653432653716
3.3486057937722866
2.979493686711916
2.821590918418351
3.0331580987220015
3.1154421256794684
3.6689727754948143
2.6271182475080153
2.7438562865950353
3.120970927925803
4.625460404649572
2.8350329422863445
1.6162184178245675
1.2472964126621433
2.972128173195043
3.1822755677667245
3.7673167275451345
3.5655815601871375
3.456378916234325
2.601238165648574
3.7146523436904486
3.966030563304514
2.1012396793268735
1.5969415040877077
2.155017190523929
3.399580411202317
2.7735267777032524
3.979393985390132
2.0321358056899563
3.656212320922268
2.9358270434581963
4.0972446838174506
3.7402953719439176
3.7639683779914823
3.196963564917353
3.4292185834122613
2.9955126173461926
2.159197322546184
3.520247347907199
2.598370619280944
2.943298915424773
2.8942125107264935
3.2010193074420945
3.559602097467182
3.5293108867809284
2.2894065189220134
3.2809135856939595
2.290186406537182
2.960063072944336
3.537018494689222
1.302433020586392
4.896049452904205
4.206293997913609
3.9527795196587068
3.579741328946216
3.2361459706438245
3.4126946961175175
4.012834561042482
3.157464611672463
2.731672401589636
2.836727020679093
0.7989588667213839
4.042882602938394
2.649364151225388
2.3036394693316637
4.126812343741018
2.6324739221835936
3.9131095420026707
3.9252315781047873
2.8340139169582543
1.4098992637793712
3.0148145335663914
3.721778949312453
0.7569231512552612
2.5489871588940023
1.8916145029217393
2.1472656364279037
3.4472368179222257
1.3763583150983532
3.785389276216811
2.55494607084761
1.5860596980480917
2.0504085524039914
3.4531806545313897
3.0083274841117937
2.3212011703374342
0.875847640793478
3.5027862984106477
3.555683756293973
3.626014373479137
0.9268831692132856
0.1156552832450248
4.331543629270565
3.8181533605855087
4.0450511947346905
3.359344260776795
1.8929508389912697
0.1407966866856027
2.1576341071751983
2.0469282703579474
3.6798487034157557
3.1656549303153145
2.1505116709414747
2.5955215723129785
3.54477671948975
0.3649852339874211
2.098734303713128
2.3218294086778912
4.066628262831935
1.5984410912442597
1.884101847497101
3.661182689645581
1.9796163469215131
3.6432947784219443
0.6439113572663193
0.1609851647312285
4.300233165883095
1.628283068687846
4.10900761096379
0.5632432584785597
2.8369391479806456
2.6661912955042624
3.4076751801587726
2.757268963795091
0.8631345493534437
2.9394059495330933
4.290505981849496
3.4675009394457126
3.4457226695144323
2.78769887050285
2.769736979385596
2.5087902981713848
3.144776458386901
1.599862574349758
0.8269203034397804
4.0853157926031685
3.999529412726161
3.630884948350594
2.830579587031888
3.580993652123114
1.638705044138774
1.686225201696076
2.7411174521627997
4.28849630188147
3.9686059291406433
1.8490802895559952
3.6125755224992973
2.7822107030664145
2.8294907120487256
2.7678360707698273
2.2911898347267337
1.9440417996754304
4.681989570919125
3.022465585611492
4.203443984999163
3.4326745181490343
2.6323892211946904
2.1677273374320287
2.2789043303284906
1.0309547700710984
1.4249752521748495
1.7924808934361687
3.96254616958149
2.1011533121395227
2.611722671923613
2.2675746218843704
2.2812983135379006
2.672612404424658
3.493338164789537
2.3413953372345118
4.224179612505902
1.9447934486689877
3.1220544080273545
3.616867320082906
3.4763543067810527
3.1411654157163342
3.2240485155264738
1.9916028245985165
1.680491570397212
2.8644251206718088
1.820867514485915
2.8260590862756025
3.8707163452923408
2.6249319483116995
0.345347990573422
3.6999941492667308
3.397563268633893
0.31654900404908853
0.8345524754481185
4.163606044684174
3.423035218807064
3.7444509960877785
4.337002295079921
3.628679474063885
0.6633936498114267
3.542748206531509
2.115868685669535
3.8724000225384483
2.635900401374208
4.642176464094679
1.800258522488603
2.192666221988693
3.5733324286039387
1.9816909305821933
4.170252328412656
3.6841044396257225
3.5120647620726664
3.924718933059308
1.1940024472318251
1.7798760936741083
3.0455284104958382
2.7059230090766215
2.1041479873810696
1.80368904036126
2.1860513105647703
1.8254509499829517
1.2061656003431476
4.001363469570399
2.177707068352566
3.4663121315167382
-0.013938464782104962
0.7819621525616238
3.175369309242388
4.152601886702308
0.8422920984751224
3.3396380940722477
2.9942690119350432
1.4325339784430648
0.1529510865980524
1.74835492929407
3.921319771962691
0.5794069310400228
3.0683828486601143
3.714224851373833
2.783607123288469
2.337786703885277
4.156209245095818
1.1072756188582749
0.46536119582671054
3.9921925434451904
1.953607383286639
4.325138789733933
2.567385330713906
1.8435481607088935
3.4437998153111193
2.0482451002735758
2.0076636665813106
1.8365089408416526
1.900246297822002
2.5280758489766
2.6963173142438954
2.792373225598113
1.3445035396482938
2.9506431528050934
1.936461265880474
4.185807714007831
3.612285100401723
3.652788125373821
3.3278595708116465
0.476553405504932
3.5512982321216042
1.4716439412541562
3.46622706983129
3.635420421724601
4.130238920252211
4.286187805244075
3.5100501692278154
2.8321304918795747
1.028397031604719
3.9959928564239413
4.322080248763513
2.328776990521645
1.6611168525348607
3.401307956980996
2.2745902928642296
3.5558113587170794
2.888222685495498
2.6046954684491794
1.3154347850791837
2.725631015595708
1.6853092117020798
4.511462471349701
1.2618892908360009
0.9055085809902289
0.5337525784123098
4.3501877112117535
4.2389173854389846
4.0173648467136305
4.766286641289122
2.613048348344576
4.416255249334114
4.468140019066966
3.9173790371240473
4.005375322288726
3.415950859888062
1.5347241105300755
2.6609526145939504
3.416873722939255
2.8621325216556914
1.9010916336100652
1.4750744859688527
3.4160929564360134
0.3983999289957066
2.224093683601669
4.031470966577556
2.7513850571857774
1.1838023130359054
3.182511132399849
1.088487515880842
1.7789043391023356
0.8379563908981676
1.7374000891155108
2.2869411456665905
1.5580501507970665
1.502378165852947
1.9976877051968902
1.0646205358214056
0.8378151795350773
2.3799703478293233
