3.679532091149815
4.086799585127861
4.162452999068369
3.9721417306532505
2.4526919776765284
2.3887534642618
4.229446941997969
2.5310269351917567
2.6166794553067727
2.451669773632566
2.4532924632508992
4.7032230198694105
0.9443102021453624
3.456539311986786
2.2309515634391706
2.412339402261005
3.790369225881727
3.7074408946093955
3.8528014609307952
2.5308706609206997
2.3789652187574717
1.0339768937242197
4.315928749716175
4.0894062268881815
2.43415654237596
3.2291693655914733
2.6510773219161674
3.353487229654516
1.3386792169687565
3.4745300936592645
1.94778258218479
3.5207047313176414
1.489240877596669
3.7096973170226004
3.0830945334573245
1.1406695341338255
0.8911675054514847
2.1831612460714087
3.3824423018106797
0.819627202242686
2.3914049480475192
3.5084455782362935
3.7984221612002544
0.7144179015193645
1.8163729339826589
0.9071052318037863
0.9205551196648336
1.0348308301791298
3.735606388018849
1.6632138619587813
1.1628805816329193
1.8936402114874766
0.9413519372788574
0.8390135919031867
2.935664429277284
-0.21221772262079677
4.099095745908444
1.024806686436597
2.4783216972417943
1.9688395712982958
4.9921278334321375
-0.1616372392036999
3.0830405593526082
1.088673080987251
3.1194239730448805
1.1083435181718797
0.41947240181795176
2.3977013856617635
-0.28494872494387447
2.4654629892767534
2.315167505127719
3.8664452333136454
0.5310192919287514
2.6995890478520934
2.2078972873350353
0.24692895190009564
0.7076664734011149
-0.1357620066215627
3.2318302929120186
2.984165996045024
-0.173421894642423
1.40742766901939
1.1602964571872556
0.7281670918581549
1.3560743231454138
1.8927579401661938
2.8579268710224572
4.116420437189046
3.165907392913695
3.016454443245872
0.46862280286139346
3.9898825245884746
0.40591049032234894
3.6806693488366333
2.2712402771777067
2.1271228187089153
2.760963203485998
3.671323956007486
3.227050150440011
1.6958174453042556
0.06090359780254864
1.8332307741007112
2.8890961308229
3.287412872144278
2.5494530066224708
1.8416054266869029
-0.10083451804024249
1.0013532273419803
0.777953224306929
2.1077433062845317
2.12251993683247
2.6904662025201675
2.585433167433122
2.3736627068368303
-0.5923181708446839
-0.424060278044443
3.737670249459823
0.5923388917999729
0.10652135397150778
0.999672736576101
0.9278705910649846
0.5369001929871795
1.5009859073138714
1.535183983748636
0.852069187160358
4.859099225003359
1.1108206798915552
2.9564282351781737
4.661842456837409
4.075698601224937
3.66291018572301
2.6901739722157023
3.6193045570916853
3.5907566827254342
2.8850289093958916
3.862174750828998
4.731217586832432
3.0207153961701407
2.3937988904447387
4.369037895263586
4.633371335439201
4.127581506948148
2.409047028098623
3.2169856613259458
2.320237869776956
2.7466588078269085
3.720187688900678
3.5653707947032354
2.7017586154887994
1.196301469887761
2.7042879288078048
2.6065384024497114
3.989310463825713
3.451374966117071
3.0187006829936833
3.0227187838251894
0.5118998490284581
1.1132136315474246
3.878804459260284
1.2779615420404635
4.758085712323962
3.3218092700104687
1.1005469527109075
3.4873466244479943
4.084859889520629
3.408367519475254
3.155384998404249
3.4314999112037037
4.049300555094302
2.8662719638163967
2.452477601333661
1.0963371368488635
3.7011432286026897
3.285627009925981
3.5769873929318723
3.478456668683217
3.209337755504473
3.7931379986193194
1.0005191030581306
0.20448472790328495
0.21443231339552102
2.4542786393218456
3.3814505523721765
1.0104764529231716
2.0459456865381935
-0.04723875547059117
-0.25119180459854507
0.7021865177215603
1.3402024104806785
0.8194108567661719
3.2482717964558123
2.9656921734468358
2.8887364261118176
2.8045948201624635
2.578813811001278
2.8955191764801977
2.7085874633058853
0.7382994264832018
0.21817007754335163
1.693434904302766
0.9080173551638214
0.6535473312126405
1.7756205039138038
0.6582980739273664
0.6187438247274608
1.0516782748555271
3.7739157395798886
-0.18176124586803308
2.6959908650196134
1.3212865686952444
1.0038316845982203
1.1171802480196935
1.050703135050702
1.6352828331623102
2.132650448566968
1.1799354942593276
2.297765209454213
1.7507811291515314
3.0398659082680908
1.3584977351137602
0.8229916535436211
-0.34696070439635984
0.6261405370056781
1.2381762333175086
0.1242814079396953
-0.13735358247087423
1.8466110650215952
1.4869587610773478
0.551249195419449
0.5650119932807539
-0.3552277024389652
0.1344490474465476
2.412909985709529
2.0767667004255452
2.198193844238206
2.7713340439189755
-0.12726570943302254
-0.07356306408015204
0.2578034797179827
-0.3204893630078416
2.0340360792155723
-0.4633495882307467
0.5581237194418619
0.22839440231276473
1.89921191817448
0.6065077301657557
2.439230297340239
1.303543107122178
0.3124072727436401
0.4368504114554008
2.9448278964149694
4.089816266160487
2.1936940397819034
3.585772870548087
1.6196598865373388
3.6095651828536313
1.6977691331329179
3.481423090504702
2.7047419921874085
-0.4212177752789811
4.149764632821977
2.7431142124388668
2.7455028473349556
4.3526474092376795
3.1839863638420534
2.5119087245862715
1.8279874464581407
3.364680205206517
2.067061486600375
4.382683929616137
3.166258219630579
2.6662014583425644
1.261556163381112
3.6055568286285027
4.393547372428981
4.529091659185266
0.9647323516591145
0.21688857944067627
3.7390770801253903
2.2898926248924782
1.025779664237459
1.839318555386854
2.79902085276088
3.258347419900736
3.0854005457893843
4.023747958751805
2.49954278175198
3.717974329329736
3.9562511141877867
1.4108092265660441
3.8035003211533818
1.8153476543139002
2.881882026276375
4.223894599245067
0.017372288808262887
1.3931197406825933
1.8993054562972296
3.4230873315301675
3.1700715441925
3.129566497393249
5.003042086892872
2.9021868927978147
3.360350743308852
4.393824034431583
1.2735379029152056
2.95601254454244
3.854427660326225
2.1376775904901217
3.716203021510901
2.9284693364348158
3.118458368932451
0.6268968359518495
2.984531966363522
3.2475177617206272
3.035599674850415
3.8391243118924385
3.2728878616121047
4.083449941005576
-0.07840328343960926
0.17930968627319419
4.053926012178723
2.7112858786521654
3.8229899877910203
2.003422060572149
3.7612446781261166
0.4611759295878535
3.544480865617819
3.312967403332581
2.5634716179397574
3.5396694169801735
4.554450022634899
3.3406672428339967
4.237695848011505
3.9546956245506584
3.4757185218544477
1.096879875275111
3.8975255845814436
3.7271358006043753
1.4882905521750158
1.5136189144514782
3.3549506971719225
4.365963964265166
4.29044715024356
1.349336909510893
2.5616360569809906
1.0443480130781115
3.1169948860950734
1.2953914159467814
2.0256889968836562
0.44576431841867825
2.0811789966581293
3.8051135091766164
2.6112103956365944
3.7057893485852937
2.9215975270993195
0.5398700890905098
0.9005231116413265
4.213165621830521
0.7201898640131533
3.380702004618306
4.261128316817416
3.6430155269966633
2.4553664998191915
3.0573948420458668
3.7497890443564983
0.2862329236287037
2.6506432111455265
3.188702338609419
3.320678702969815
4.3498359515176075
3.3944039217637014
3.7073483870944592
0.7680448285974345
3.208820691099399
2.3041597778728917
3.8835656655762185
2.5268008011404834
0.4189050643719232
2.8382237035080324
1.9563612491760372
3.64903121157141
3.575218490205863
3.2490338057336476
1.3105225593943204
3.5097173316415144
3.22532462619269
4.247370837842281
2.125359710572552
2.837384697883814
1.5827650778907076
3.58522288461669
1.767857790506784
0.7632617518795574
1.6876162307346725
3.5614834320158604
1.0588085471416007
1.4341911836370784
4.61502054215223
2.8868574237261524
2.267397723041107
2.140579321342483
1.4352602029500294
2.312053938166974
2.6764238699391596
3.830961391630774
3.4448359312857555
0.3966454173518259
2.6820770086367283
3.1270099394490556
2.516900504220743
3.220102352371679
4.449632737850795
2.5545457831522302
4.184210620428676
0.5577289020733159
2.6232529191667817
0.4248023987480787
4.468187014541217
3.3407847152337933
3.4511814749970218
3.6280506239545343
1.5702336657467648
4.056015754088713
1.6728651127579544
3.4792392131434386
1.9690923685232928
0.19045760135218567
4.680334202451923
2.6841212163903685
2.3483513394837088
1.6827610500407872
4.772446768637744
0.7401168673522863
3.1006284044134818
1.3893148714923873
3.5883665323198057
2.7764309422761615
4.5961023049732574
3.13691892886082
3.2336755175656187
3.1848289705896153
2.6725460539884303
-0.03833640353913939
2.3016831649786895
2.6058556387868386
0.304365694044212
1.693425390640347
2.555077397212293
0.5313387645584347
1.8642072045828675
3.4422267104856203
3.8055816305201486
0.8810660039849092
0.4102364617999381
4.410232473441937
2.7329221559956296
2.289019927163672
3.6111522226684154
1.0270198770223289
3.514677969983265
1.0354700194932196
0.14411793867357967
-0.27931775433242045
3.244945862449821
3.402742364372081
3.235857636554882
2.122777136858979
3.8577346446507823
3.622366328022804
0.7670928931853379
2.3365675799810854
1.8214984501614613
3.311368527060475
3.9528004712743803
1.827443432342429
2.9927195928320893
1.0117661507904157
1.0703574137359746
3.6602007980129176
0.759335393789104
3.452724288364643
3.0079661136140694
2.4522341900295634
0.4652537723516815
3.5783452636951876
1.3284067576061145
2.548766638735321
3.6149476712546136
2.8129979270368155
4.812167566681476
3.6785739430982316
4.113023937277031
2.931233465190885
2.9094072516661367
1.3728026216333673
3.307155577807744
0.28151315836548085
2.7965290604937527
1.0063214314829574
4.14148567967647
3.0988827597203588
3.2934656139606107
2.09726595278751
3.5694460660341143
1.878730196441396
3.928236223690928
2.4330989625597352
2.0662323051892217
2.9393726586305897
0.5182180474971279
1.7368673774298182
1.8122026370518831
3.17797174195373
1.6548965201496746
3.3244822189068524
1.3063347807557066
1.9309313882606762
2.8069760277551623
1.2052297668144794
2.570149700529379
0.685046588752063
2.974564631656655
4.098336282714118
1.9102514597229048
3.3395372646302244
2.4960581271088897
3.0210479327692656
1.1669484635284213
3.27975018727793
0.9571358131292613
1.1110204059435336
0.46153483131163353
1.212322392990958
1.6728168703393496
1.4912946214550542
-0.08954995088708209
2.57746982079094
2.325457964424802
0.7810622131020849
2.5693924185007933
3.522370292654842
1.3773616837848834
3.280863344887574
3.824912791095818
3.701753505065667
4.16508413678449
0.21295677400636479
2.685947662944345
3.085416732215595
3.7802661342139476
3.3217517644965695
3.174737046146576
2.869997306413497
2.9333248893646733
2.1546666342774428
3.5581266510994123
3.2190158922175387
2.0981207155150665
4.156522383919138
2.682677951815108
4.103438423282123
1.7842293649780332
1.8790555850364279
1.2701339965622702
1.826474513170208
2.0078499153228386
4.254734245401223
3.7151349116115364
0.8096639528634307
2.771619794230261
3.2563947066675585
2.655237307550369
1.619511810721493
3.0579893275365317
3.7299822915199408
3.0468517957255137
4.225851826434906
2.801380409596827
2.8362444282541155
1.3542531375337774
1.6539195148731716
3.4528101282999977
2.0692009664964224
2.4395146337942095
1.2857396455821977
2.8583038721620206
1.4318598491701684
4.337963460882287
1.4144569087534424
0.5405536047127092
2.3616125988357823
2.736381782313089
3.706478462600873
2.704731008165406
0.9553180993239102
3.63197069743646
3.9418372704168765
0.4774040704713166
2.607654396226294
4.489438427990935
3.3301969804735796
1.195263996215468
3.6359093425895535
2.8796673428185797
2.3905547554359594
2.567026565980215
2.247569645881126
2.104014029066308
4.067754308995328
4.078315735007952
4.797077532546848
3.688913647256961
2.8699361927145572
2.1200680814507598
3.798489982517245
3.414450430502235
2.7027153380663713
0.897933399010675
2.3448052265891337
3.789832048615361
1.8132082329904764
2.532721165347512
1.0870186341788763
4.53186057161917
2.2117831451978804
3.7768546223783215
2.4322472133066313
1.9092389702960246
2.8424994418605167
0.7530235032837714
2.8917843599780224
4.373402191329536
4.004160942722928
3.520574757160348
3.3180119665295837
2.756637892645589
3.392564773779933
3.5320453903217426
3.1539289105491664
3.100843799874643
2.025934943230684
3.2888899028985206
3.1887787542992867
1.4052157577686337
3.48161581147811
4.205356135923272
3.253917580813317
3.7310357718771288
3.9127648729075237
2.340118365690701
2.503228981431831
4.047696232212361
1.3384971475292116
1.6581982788212737
1.9234065152751711
3.8727527548352043
3.911608449326686
3.2581704247861714
2.9892638741397
1.2663303195332876
2.19815701231996
2.6783236017476786
2.681345182410436
3.0820282489853565
4.750860734825284
2.3094284747780467
3.837985289730753
4.052490717163683
4.06900004414689
2.0750447920058557
3.58599199490491
3.9884652358714248
3.20580350250727
4.865452806976423
4.081654658916967
2.1430728689146696
2.91702341744652
3.680785157304182
3.010924652932671
2.14432176916505
3.279961205878834
3.305177268903032
3.248248581496651
1.1910306957443957
1.5619193785355316
2.73855653764881
1.2621710494680858
2.8370562367274736
2.047251079671906
3.8387119378219805
3.455746766743488
3.6485906123150853
4.782602763903997
3.2017441887718436
2.900000029463269
2.8991181063037983
2.84770160712871
3.508810717285395
0.9751255762894436
3.783518344172101
2.377020628910457
3.001466989304258
3.617389460745156
4.345851834578468
3.8636157318853366
1.232214356625708
2.704186441671336
2.7819764027683016
3.740009429967003
3.281949235806146
4.109303236535563
2.0624688979484693
2.6934493270408524
2.3016352913390135
3.3282527969009656
2.743371508149644
3.7514132226571286
4.0275666724857215
3.2054773522538396
4.238675203122675
4.189561312880374
2.9967247298089554
3.6779877104925847
2.3704845773343024
3.9379528946994693
2.713760408862293
2.9933425897042545
3.944349863889388
3.820345394084768
3.407934531287321
1.9881005320713108
2.499989021141772
3.997307680782327
0.7944700427421829
3.880163760933833
3.9072856014504174
3.4993903290471167
4.619093233735116
1.724334695172452
3.8003695653438587
4.082727470981356
2.729784066033698
3.4001129213824433
3.42237495745507
3.965289677863498
2.426908223405996
2.752439832080709
2.391369088596898
3.787756126560979
1.7945577007199276
3.0628340737824082
2.232624576768138
3.594162674932864
3.135583752505704
0.967361449470912
3.3847876780276636
3.991773833855263
2.5774405490929655
3.5010080353840403
3.6027138691433516
4.116985923419698
2.767933351003137
3.2425260438940606
3.382346824184016
3.8257623784225947
3.4000361006739412
3.48789306584174
3.2881544618946474
4.123846604515061
1.2882484497626894
2.3589879413926957
3.3733477376621956
3.195538519218208
4.326304985705144
4.481562880766761
3.2659764205769406
2.3416983377672755
3.0297460545594386
3.824718754411682
3.2045017634073534
3.772863432400662
2.9463439965877543
4.114285962000679
4.093343098990286
1.5458667612527939
2.3743397999912927
2.6750854507522464
4.208638357684187
4.174567271260182
4.0003250288281444
2.9205600878722766
4.335710369500203
2.7586240031066334
3.088443042764055
3.8915938914497574
2.659947224178678
2.3081358186298235
3.583959405696329
3.4340581946698894
1.6151881178974394
3.3215022927896203
2.637923426391386
2.4413084525455853
3.0250556043432444
3.735114889542822
2.426727702140455
3.4019985957728887
2.8315968049103373
3.304769235123099
3.295302090138639
2.6661006943106127
2.3486606854491314
0.8149101157899039
1.1388594721449647
1.203605589311829
2.526749072575667
2.2318345907892425
3.028116052883111
2.5324143707725817
2.345274962736059
2.512052056323654
3.8458107392312972
1.686891955378652
2.540722329589279
3.0693340430239866
3.987854195302619
2.8403071205241956
1.7250115894159113
2.582135622545957
3.847935459266448
3.6218660855808444
1.524882450301306
3.5753535585089895
2.604497373993377
3.5606793722288166
3.5533495128672863
4.590791365064644
3.137114454095735
3.2413529739785796
2.526350954130238
3.5350750056815765
4.260473331585925
1.387326780852481
2.5496701317169506
4.1855170221651345
3.4705534144170787
3.5753756527103864
2.7160069291562134
2.4101583899562984
3.9054634848679144
3.9480203900182564
3.248352235367171
4.245289440816258
3.8994980474255745
3.6956769741325157
2.550111186661818
2.9998050334934883
1.4315234694669772
4.000578727567766
3.569753906212193
1.1330042007904175
4.616678339899951
3.7705498564300024
1.9885901441746199
2.8173654087427247
3.510660168517177
3.752219313566105
2.5637788606617478
2.972316357609361
1.2956268979707721
2.895899202058019
2.7962336406414843
3.0099794029013545
3.4033521970153315
1.6962169517054024
3.862693285136597
2.0626752837450066
3.904537302194739
1.795130385809646
1.3646317158002832
3.8959214313765935
3.6666846130382424
3.224303394203085
3.7442785267673693
2.248457987398142
3.5162193028137265
2.551089616515296
3.503262483136162
3.2756809178246344
2.8509426415725985
3.95986286514891
3.8241058392990173
2.0785513501134933
3.6630032844098386
3.7733703172080664
3.9999889675757294
3.2802238120759575
2.260290803769931
2.173724466420384
2.765323427385381
3.7183340134888585
4.329883755178951
2.6540877161967247
4.209500886592761
4.283725046815409
2.60445956425155
2.3606082083120854
3.3684126445577203
3.203619407246906
2.517891271079979
2.5081680231692722
3.3937488112305303
2.7916477898523997
2.6371147199587246
3.4830661260503386
4.4422926151723
2.870801668096342
3.406118911863083
3.6078595127503577
3.5812657185930847
3.589034467867174
3.011250493082928
3.7871312082187814
3.076201695090139
3.8126711221378904
2.916966791790501
4.218169518231631
1.7163941592771395
3.8364331215530223
3.0481705721520402
3.455429427550507
3.5621808915151636
3.507338350113381
3.1487873827943647
2.006855953237998
3.671852453441282
3.4799599468991307
2.9491103125026923
3.1193836970775095
3.32585531906174
4.022082223348599
2.163078921114807
3.670391060849026
3.8153992092674516
1.8200614404814464
3.83720369215353
3.3231888287747706
4.105962365757169
3.614318257313868
4.361470797793337
3.6496486089058715
3.1593519067735603
4.201236863994473
2.913249201497958
2.2488277453140446
1.7126927303177013
2.9783592256637794
1.6496015782504438
4.049870281122396
3.1171659106299976
3.3089511545979247
3.3936677510863165
3.502624014221751
2.835174366437177
2.085503951234363
3.805287626907292
3.870989012112545
3.511527088763299
3.3305790417189822
2.837744757175315
2.6724693118561413
2.7743985205024737
3.35394655528927
3.1727989054265975
3.4858360258825365
2.5759065312430884
3.239640873506561
4.528442975345483
4.108913900033607
4.449515513074296
2.6846794316591627
3.7710428160324936
3.5981577026362945
2.160962912145661
2.4114009966848045
2.881181793254033
3.192826901068181
2.7808286850670205
2.6320951389233302
3.3828579113776103
4.459164576175009
2.8367807786567365
2.896552484456396
3.276013947232594
1.7256463845556356
2.8674645761924666
1.8460865038558445
3.888297351200916
3.8184799626418067
2.7276784293308447
3.2264120042316105
3.987417272892109
2.525907395684457
2.0892375770194938
2.660993043258659
2.487791497399711
3.6964986457412934
2.602195275820857
1.7437789105739758
2.8767118417448527
3.797148011737082
2.135773742124083
4.2710894986512535
3.2847433622704876
3.3871043831480567
3.2858174040710457
2.9146542260088495
3.1922864715326824
4.6073043215250555
3.4081220226308835
3.0319723760012787
3.2692313087498572
2.8501187686706966
2.6323775664320177
3.378655716890466
2.671032954913189
3.414544194988554
2.526033104493209
3.258825451585518
1.6373165483687815
3.415726433287732
4.610972088166592
3.45174803687928
2.778412722439131
4.4085727014827025
3.107078451160874
3.4302498404575763
3.25446582345009
3.9353192688642205
4.680948355876791
3.4647611181677878
2.318003704605237
2.767319151147084
4.048188024647617
3.224718097688805
2.432312729489515
3.749829347280727
3.7367150490802525
3.93283162357476
3.1919155314584575
3.635714510928366
3.857621076818032
3.6087223492512868
2.6592676535329907
2.8564214868617857
3.856730899610005
3.5705724824570684
3.4172759258075995
4.278419682562318
3.837521079521838
2.98438456286651
3.3413858130766076
3.0025444379076403
3.0528042170631817
2.9225973412065334
2.6658194152073014
3.6070163368397834
2.3574038126656953
2.7658499911604415
3.0203077078536533
4.64493208921686
2.584418800608236
2.0377213502973945
1.1842150062853978
2.99467204138929
3.0611373375906856
3.681259457305067
3.5926808568253006
3.3362968197680636
2.689535100184389
3.753643796319177
3.7798589424360376
2.172526307337195
1.6394811240533211
2.7435229724350063
3.74058997828852
2.8063381776500584
3.9971108421498123
2.4088007295291227
4.1333785301521955
2.57714530365822
4.068538693848054
3.7359124985532155
3.559808375618776
3.4547301886607116
3.263637873607241
3.0179235889982357
2.097082034525088
3.4826859743942684
2.8005027900823274
2.5637109246697265
2.6531161479914385
3.285540893305212
3.4689980458718925
3.666895083027055
2.3510789984973495
3.1172960886426484
2.3952942727638997
3.09567918164754
3.4989862196333537
1.191748641562392
4.763224678252286
4.059933261239082
3.8646977906924747
3.772195766645054
3.2303601723988615
3.4022544456778894
4.503644565971944
3.31141125009181
2.8951983264222694
2.7492470619601743
0.8852388148685182
4.0979230788452945
2.665413514768953
2.297353538763637
3.9302665493296103
2.6195474033834953
3.875199996828797
4.168588383791269
2.5961195004237423
1.4819922502526797
3.1447050222876083
3.587561430761797
1.0795796901232262
2.273885371043876
1.8061477641988564
1.6006162605483996
3.2956940890151185
1.2027209011381257
3.871567706856968
2.9960990090286423
1.7452914716915482
2.177124671637594
3.672683056241853
3.257687701707332
2.147778033399779
0.8377675629707845
3.2937937602256278
3.7101158491544632
3.64097441961353
0.5387243233609877
-0.18865930862155642
4.3140401693324435
3.8331573638441885
4.181578567762967
3.5324339479216804
2.2780938346610666
0.6625918018002761
2.0579023330619313
1.90869022303711
3.442375702326556
3.4544488822868087
2.140336589400426
2.7476741292803606
3.663303403556558
0.3959704785336037
2.023026611643599
2.717030981011693
4.363000171611349
1.4026669462622918
1.5946372999203307
3.7686501069384217
2.1910243614063973
3.848280469577752
1.0570750332655603
0.2761081925731412
4.288860733837044
1.702111124349546
4.117628855893658
1.1621745536234995
2.8122263328220845
2.816657039560848
3.204130422330681
2.668111619395943
1.1478017946739545
3.0823904436037424
4.593864549808657
3.611774169167604
3.7028723602954265
2.7081481058319703
2.9987474520770876
2.2630596815583934
3.1561617747152035
1.8164940769516889
0.8383197124916474
4.123121345662531
4.270151070170282
3.7136797778644697
2.8912615034182076
3.5700123802961685
1.5158895923873676
1.6237242208987568
2.6156740161479872
4.537243045611874
3.8312534469338773
1.6169341741075252
3.739112714308537
2.6025109671218445
2.7870507347010474
2.698309177211087
2.4223833175233027
1.8236796849679455
4.548111456043241
3.007918817303975
4.3981560829040784
3.4257993288638477
2.2825036105591354
1.962817996654253
2.4404719755304325
0.9363308462742004
1.1652594622550414
2.0100259136718335
4.0772179242871625
2.26095704110865
2.4606997583212156
2.329002369704509
2.4550134110669504
2.7627153149890322
3.434756474913355
2.2962498329443726
4.150394053979834
1.6901156348606807
3.2508269628316797
3.6793382364019918
3.677274189092748
3.190818691403508
3.2781854083441004
1.7207642281198667
1.2029550000498546
2.980065564531864
1.6376111165775165
2.9955931494915697
3.8579466189867753
2.6149802356987584
0.6485997884892036
3.6175374969798995
3.4501590630483467
0.8088058107958226
0.8905489642303385
4.207149901985437
3.23931377218119
3.724256835495325
4.454832263422431
3.757233274026282
0.9049290528702058
3.6099645993049987
2.3572979734658794
3.529705589251156
2.2603014763061977
4.497289307542184
2.0864354188413046
2.1384564711376037
3.519487249008932
2.404134113716974
4.183429267625821
4.152772885502369
3.5764804691773975
3.9621961022663577
1.4029567310928854
1.7351057556394223
3.350233719962238
1.7780607375558275
1.8220205909748874
1.8932298383139587
2.3076499590007398
1.9891477244780273
1.245583698355127
3.9847264732982333
2.1799016442480696
3.370874497622797
0.05782376441762041
0.474035866697222
3.3077256017310264
4.200659446560203
0.7389893973712711
3.2748575902203716
2.970686803451926
1.2471561093837569
0.24629046947612518
1.8035775749534737
4.165258807445396
0.9649354859541196
3.175952058880446
3.674856047729783
2.6372281455818167
2.37604412773684
4.2453276772921855
1.1370073888597478
0.6090204728111489
4.019121223225529
2.0788660426506755
4.311470339427677
2.7464961161452077
1.5459349585736402
3.306202873830271
2.3603741750337988
2.0523499631079565
2.046536953402812
2.000758437585155
2.8349981372164232
2.9932149143882683
3.0066437328632603
1.1371918480420486
2.7730100772238
2.1197741227580718
4.056571651687621
3.7487251075201296
3.6519189244943346
3.1623306935965045
0.3059963662276874
3.5034569449950514
1.1656366683520785
3.6213329286399394
3.5481983315300814
4.097409574746161
4.360680132862855
3.6755052079571198
2.7539214600475708
0.7381774863446157
3.9608572948523153
4.560851664482729
2.318608178439737
1.273964399590063
3.057298923661146
2.2388752583949936
3.649100222535635
3.108685140097987
2.6473273696586777
1.2420735633013036
2.463175368074829
2.1731194548845374
4.673906196420605
1.4628804126783979
0.8921159518294715
0.6085464566149166
4.093212295957882
4.506567522986556
4.291587861278692
4.851704836985084
3.008047356967209
4.442809115666616
4.556816549610795
3.9037797749591157
3.4642173462858503
3.410771300074715
1.8372751080156466
2.8585993964615604
3.463234942046558
2.9280337067873807
2.346234006806402
1.5348652274637773
3.0596874074829343
0.28310368759938853
2.198579579284854
4.284988876019586
2.5901371622367604
1.6946278717556083
2.9226941142481264
0.7965779694466635
2.0527341014469926
1.3400654792615994
1.9316153147984019
2.4635100989505796
1.771228120394574
0.8498652185592652
1.9610923568546845
1.6727662399184842
0.8415328097100166
2.0401611340201637
