3.5004957396541325
3.9070045223544847
4.23162286543467
3.5847713903501344
2.2306249745498494
2.2983967340019023
3.955053899117159
2.45130984504456
2.558147270885895
2.372744601410176
2.328697361750918
4.657898567135301
0.816139499327483
3.120319781264492
2.213766589902733
2.354192972865105
3.5324437524451096
3.401867396532822
3.6185216768725774
2.1044369812743025
2.409592667319908
1.047993877445475
4.123887930533756
3.823768160081852
2.4373961220675855
2.7583651034943992
2.673298040639051
3.704853863821125
0.9773993281916941
3.3115506917726343
1.9424921377638298
3.2997196927019443
1.246416709658893
3.641727935675756
3.018574841343601
1.025601972548798
0.8766961051161021
2.070130870223294
3.225620910193449
0.7951111623517139
2.3106705243147934
3.415830609805026
3.5925203499697034
0.7158710354448818
1.8649487783588485
0.8124907673828187
0.9384317079994838
1.163970983607411
3.3679963124276444
1.6290088228674686
1.236653271816012
1.8602415218886632
0.8731206913022808
0.673472261007325
2.9620307324836213
-0.15301690007004853
3.8541028877788603
0.9493810327806246
2.2563961947391356
1.9805411929558288
4.602097523657338
0.0006600603313717257
2.780050052589776
0.9365905464592371
2.9155807798082325
1.1400364891273589
0.309964385243294
2.3878400733166183
0.016867460411353896
2.4234798500873884
2.2584773100043725
3.8495642850759237
0.7655970301125663
2.645255711620125
2.2306995609522757
0.24286934400169857
0.7270894805031308
-0.060219505671556206
3.1830758454105794
2.8751667866840007
-0.04416697195063429
1.4845867183352297
0.9963950054649223
0.7468748901345701
1.336970524626906
1.912285970816515
2.5940285552199214
3.923281110820053
3.236870184451571
2.5892904488516733
0.5236338579536505
3.826208759078866
0.4059821240288729
3.564511214479234
1.9034669710377061
2.1016210712586054
2.6801388254436147
3.8173865285391724
3.067176775993984
1.4059730932902625
0.011875738279481268
1.9570995070180235
2.756062252383666
3.190254459024702
2.1831755154858943
1.734196757720671
0.05763284268095928
1.0510437762143332
0.8485092245993359
2.015276907284313
2.0082448911347583
2.5003311085144744
2.4449481760849627
2.4058315395779424
-0.36603200009568904
-0.29629516760569385
3.715111381484556
0.8668885704178654
0.097177053041135
0.869753436205878
0.9146914674237764
0.4928232470439421
1.3282465057635484
1.4774024568772774
0.5386601846087035
4.7749297175179155
1.117426406022433
3.1074843001015395
4.604548255383476
3.988293698852753
3.48398060698237
2.6645660810678176
3.4242541710857357
3.4084877991927875
2.9596832093334955
3.800038329106232
4.567024387233759
2.9953052679581473
2.3944682053495567
4.006591480082117
4.633198712510733
3.9755290549496616
2.2291780366985616
3.106160308743899
2.1083496791124015
2.8173843946238493
3.55013240701094
3.3913805516270403
2.7736080436472865
0.9904686903211614
2.894517109719238
2.595339830815884
3.7323035076865643
3.3481588269482354
2.772089083524519
2.9120688417220753
0.5678400916248116
0.9063785383975093
3.8314031023861554
0.8241691011410587
4.743525742688833
3.4862531431262345
1.1538198181150237
3.346709851119531
3.7703368165281432
3.475240574387355
2.8058112314799883
3.4464991662317654
3.8172308506846617
2.6511802350468203
2.4138876660887325
0.9791528555946752
3.4571198522154445
3.4478869816315942
3.3551581259014087
3.2082243027202013
3.143024609460249
3.6811085063429867
1.0012187518416416
0.21509736973052884
0.2837449186592463
2.4568448930280535
3.133270503037575
0.9220974242535757
1.9542390593597632
-0.1750390403277413
-0.24736975834035835
0.5864950984210346
1.0993936411283203
0.8417133900605352
3.0517151636397495
2.9590307157326947
2.4454564902990645
2.6935034953066395
2.4875958409204033
2.7866994575708057
2.469407763951258
0.8149136469741435
0.16461160111224293
1.7235666729099606
0.8746952003678404
0.5325175273473075
1.505224784106657
0.6076102673922043
0.5169254619472428
1.21556623017505
3.5758811430919124
-0.057867234919633914
2.482683507052908
1.3654776688591643
1.1505132544889785
0.9141158230696685
0.8373048239985365
1.5103588252868536
1.7076765487933363
0.9710858820008607
2.2542082324462083
1.8959709563203875
2.8119150388926393
1.1966072797700935
0.7417182253727905
-0.1475620263446078
0.40794151955690494
1.1521708068071326
0.045447671056733446
0.0682197933000781
1.782905355417387
1.47422733247421
0.29075826597771287
0.4469963604320052
-0.1698083425030473
0.13868612501211236
2.2878772924828867
2.033667524296978
2.0458578982890154
2.6095797901043696
-0.11158739631443859
-0.01850213657250846
0.1818755513234082
-0.18962706583387512
1.8941716818470256
-0.30215060924546144
0.2717119669284791
0.18014703938253002
1.9471126112641683
0.5534548711601508
2.0769858794460356
1.3196209799085907
0.3357286326504052
0.2594139225085968
2.813187415857831
3.8323463830944036
2.124209695361641
3.509765861398982
1.604966410933418
3.6459685685409067
1.6346701061077198
3.441186274710538
2.5620110250883465
-0.20523709640852164
4.058315345403853
2.4259529162675184
2.593308917907418
4.223933565538508
3.1953336020692924
2.36381705319733
1.8292121859055221
3.34008539897361
1.9957732535108335
4.268883160150614
3.0128348872416524
2.49943450697275
1.181668686517742
3.420389781845785
4.146239836467937
4.457848809769218
0.9184877263071006
0.25953610937371485
3.5512641784893857
2.159766845598021
0.8895820188290914
1.6769895012340772
2.920560411743809
3.027877640425617
2.9057985774108053
3.7929359338802557
2.48468805032031
3.532731829671585
4.023157418786934
1.3961927274716253
3.7469392453440165
1.6375352340708695
2.7167815932464574
3.9242888516652483
0.17013354126360059
1.341274073097102
1.8054080120622356
3.4750022970801795
3.0414013562175595
3.107375953304417
4.841546285383464
2.6586050336168197
3.300473259583066
4.277589676502037
1.2172479725600942
2.9877369198083574
3.705762925119845
2.0231808545511187
3.729719973153244
2.7851606569077996
3.0190122860335538
0.6781005294220446
3.044161086341631
3.101929117287625
2.9362322807409162
3.5940613350247848
3.130475469280377
4.075710536036804
-0.20269363946108326
0.036331670745264
4.049054342513907
2.806679791935993
3.641172986975822
1.9850173520610621
3.617117387453782
0.3954717082505331
3.351045091184658
3.1462221914861876
2.352375606405052
3.494930090020957
4.142788902529817
3.4189916891684913
4.0466543669823105
3.7725819472250013
3.2682366319855127
1.1363624528673166
3.7867887521175936
3.4491199120341234
1.3968461381205701
1.4196930894144377
3.3893298445206304
4.322925791449203
4.205983385145534
1.242951003150139
2.34341052613851
0.9373950297649175
2.942496239526897
1.2354171384770356
1.6486163538430874
0.45893554490592614
2.0627783934126804
3.7392506327436057
2.529874223162523
3.5509711510054003
2.821021622993701
0.40521758813901265
1.0064866117548479
3.8392350411993164
0.403107565557987
2.844398929078881
3.9242215079748144
3.4098122413310707
2.301633752196982
3.096618411011434
3.5872426823410213
0.4476606395031403
2.5571016460819376
3.101335979875367
3.1668977028517213
4.238647531922584
3.2314409715583334
3.605681973549581
0.7489906634007187
3.2099282344956146
2.2731579858352955
3.6623989452189347
2.418062424275784
0.5581834661543615
2.6575838015516533
1.8598940335297547
3.438139240728204
3.7287584591196428
3.0817949895664114
1.1541821569584245
3.1931495544719044
3.1841647486256512
4.048436718640651
2.026798121253946
2.7357270416876087
1.6210415798515623
3.689407437237921
1.8736869580148388
0.870440984641433
1.433880911825732
3.2096565727304074
1.0224687417906364
1.3118863324848884
4.681463037321781
3.006655827034276
2.225738722756489
2.052133388954614
1.3731844979357901
2.1627159484799803
2.439056492794803
3.5852473034797145
3.41601452616449
0.4868078118884126
2.4409090300655616
2.851795682156806
2.3162532633303874
2.986890746752658
4.346686120696066
2.414454529547063
4.162647524505657
0.44189614687582035
2.5325621657890904
0.4352977760707164
4.243035869275162
3.2081533137616596
3.3831593899283385
3.271197194369263
1.7239252395626647
3.9442876220157688
1.6119206010728608
3.285967784674825
1.9402091814417841
0.11450549608424354
4.653770124039544
2.6219661911244003
2.191770963761914
1.393180211785733
4.22544264489433
0.7120486084637504
2.921196056798493
1.4006190081465726
3.4172014363964176
2.806125136382051
4.534840280107099
2.992111786694445
3.0747580878896077
3.0319190804940312
2.678910646422813
-0.03794755115207393
1.9395245316818808
2.502163322640037
0.23586232793745993
1.7815210290612948
2.7059909475845396
0.5732419525213841
1.6220228208306207
3.3465225514295427
3.6458579007914023
0.8171410916581715
0.3927023621710225
4.3193088880478046
2.5481815813942825
2.0037855774587654
3.512225679683658
0.8904817640177173
3.413233313706428
0.9270434330715264
0.5558140263673254
-0.17869024220519913
3.0888955085460026
3.274475429637641
3.0226299875258222
2.020965764375026
3.793726501905784
3.1127922505524634
0.9599817845639879
2.1565144567318932
1.757207996077002
3.100611289995994
4.009195905451054
1.9442267055138984
2.836337703975576
0.8860436885678514
0.7656770078650573
3.665592464283629
0.7122675770005347
3.312705256932727
3.0428371420779032
2.5055341508997437
0.2631779560166968
3.5257393082511403
1.339002537854559
2.3456178564537673
3.418954872173292
2.743188445324863
4.195818835290969
3.462796182192935
3.955186239110361
2.959982746018108
2.6875387200172627
1.3129937466161392
3.2004707589582218
0.36044826284333
2.6598211325372008
1.1489813319278848
3.9354007660194794
2.984101967166444
3.2565043832129996
1.9566489624280394
3.3869098824188657
1.6245140511096476
3.725423908240174
2.184206101226423
2.0136500360190324
2.764649670421478
0.37307555797161274
1.6248968592580075
2.0849820679932325
3.0815086234089293
1.6320713387058512
3.3425374200670515
1.3239604842520367
1.9979693392986588
2.545842218857489
1.2231234711555539
2.5408690702724535
0.48346676424350765
2.8462898604134295
3.959725859624183
1.8583346842872839
2.987670438332695
2.37721005052148
3.0185803873967036
1.012634201631903
3.5254033714062274
1.1287979466368188
1.2971554291767355
0.601897890843161
1.2580640519013389
1.4384391903622635
1.2452379060226173
-0.018271222606331683
2.371953058305631
2.4069682113921
0.7525906270507597
2.4251823656815663
3.358023927024292
1.4690951241993102
3.1081839507270272
3.6192269654088163
3.4945009695921874
4.04771219615377
0.3460801430142161
2.290930606449518
3.0600757299216803
3.565348921804729
3.264200605886001
3.203438020024536
2.7033187603405664
3.020840266670607
1.9843487144572434
3.460175268675838
3.122796312216158
1.9056780129076678
3.8657805954445568
2.8533962505502446
4.035027240417661
1.6858945547868367
2.016653506371399
1.3245401445549478
1.748576109959012
1.7716435721435029
3.8738623870372697
3.6622786805628946
0.8643011725196111
2.7938680772078133
3.118704538360955
2.3516670397345516
1.5485862077119341
2.9730803872621436
3.4622324636172297
2.938620273020613
3.9853304047368914
2.9008010378804543
2.7815373185357934
1.358465388771747
1.6890956899274983
3.7188107166897355
2.159966083552286
2.284465876913784
1.3532681808549918
2.6481665017697735
1.5424063456441606
4.149899564513713
1.3728081482471293
1.8103511335837372
2.14156899340625
2.804263400798683
3.355776295520358
2.599236635249718
1.0575675472714767
3.489350041867283
3.784314635095548
0.2828355442431586
2.6282441367840006
4.303735104378922
3.117564867797042
1.2695698056144713
3.3577219260347126
3.0409765292373168
2.372180350139373
2.50230966550831
2.5259197003467375
2.136036312108563
3.864070671638509
4.2158477019035505
4.173861411020732
3.4143213800093584
2.6692479082035483
1.987290768133441
3.6349546204489815
3.3285890040490704
2.5384204650031292
0.80324579067699
2.29595436042107
3.5453831763585604
1.7965956383421622
2.2987253306707185
0.9830752414987808
4.130406337313686
2.192243435251246
3.612781289413592
2.2792758725394933
1.804168073067716
3.0154734170964037
0.904862578217117
2.8135224128556295
4.300436644834826
3.7365038175098486
3.640764399815576
2.888234022857676
2.845456370132111
3.2330909770575227
3.103628048499779
3.075199764515967
3.012136531971546
1.8563764881771068
3.12490638053148
3.1353372337859198
1.4625397685005952
3.4838395159860407
4.1843115474807755
3.093623149716889
3.5904663375549766
3.6974450250013406
1.9104914605787502
2.413869155227449
3.8047644907735796
1.3307651468242505
1.5724644341197838
1.9370670910309502
3.699418335253909
3.645436486797622
3.2168857199160845
2.7724750733996832
1.1975424518099986
2.1289864246446584
2.509094146748581
2.5878375550436954
3.0516577059144723
4.1774653906574715
2.187390045508794
3.6565968240276288
4.175313355711628
3.8460540308404525
2.08488734730854
3.497486137399462
3.903557931096458
3.0839257091394474
4.301156977245399
3.695079854298853
2.2814247883563845
2.8893018124537213
3.675806344520841
3.026320248188229
2.1263807536567736
3.208313244560648
3.2470774157352613
3.0309529358295233
1.3465004344385396
1.4524747447600417
2.680212385420877
1.3332094553442735
2.579747708134467
1.9668676787755373
3.791131804040961
3.4069847908368907
3.5290004701861934
4.154926958291273
3.241374583898102
2.796590866101551
3.0254012790796194
2.8220561543167877
3.281168094596974
1.2044063957130988
3.6627633612617307
2.2314381097051754
3.0539942313306954
3.570052340799352
4.123301589365329
3.648174997482268
1.1552126049483795
2.7181633559521723
2.85375095284382
3.7927529416835677
3.108917419069733
4.151310276326187
1.9312929919745616
2.6209898017784212
2.20032809633363
2.9655080026268346
2.6229686573271973
3.5353289007028446
3.878492412481359
3.1805320222728417
4.18240755351897
3.6507636054019237
2.986682479420828
3.4940361963298066
2.16086139139745
3.8748139899853093
2.6298615706397515
2.918125379174101
3.9819910602589266
3.658817842248771
3.115133099102435
1.970161657423131
1.5377619700856155
4.0981164780773
1.0062885514512527
3.877920628239937
3.7181229017398674
3.493330300571922
4.179836299823639
1.7367928500169318
3.502520876098383
3.863526216516064
2.605194564008184
3.4811071004807945
3.2951905124321295
3.8953489092603064
2.2694275890369613
2.612159416880818
2.447022768827829
3.8213598413744547
1.746477639986487
3.10134563517883
2.1496419698680436
3.31979865206781
2.824919293966619
1.0999677407196642
3.4237241516717627
4.006814583402162
2.545850872027862
3.434119462079831
3.4286537910215062
3.7925038161808717
2.6273921307289143
3.130958213161014
3.415414920744685
3.733656198354252
3.428859200878022
3.366154686907108
3.109629763059726
3.814630732484196
0.888543029726088
2.3894531994915824
3.4080589950678077
3.06043324363466
4.267163195477969
4.3257187606379075
3.2578553244376356
2.394967254092757
2.7707875612119253
3.57716250613483
3.1936993915794587
3.619728542233174
2.736710922426937
3.917258404606673
3.985629544487643
1.7632141465590223
2.342841127584924
2.654377542243841
3.917513374663679
3.9701953220915476
4.017283806463437
2.9606951938275623
3.920575311508995
2.67581570060801
2.9476529743584825
3.812055595935404
2.6721329769570454
2.4598676471544576
3.5606413960692587
3.192852320750446
1.6616945115803885
3.4021664021039055
2.50672926535736
2.3971271427567284
2.6154592669128056
3.7156728444886733
2.4211061481020915
3.101692721255751
2.773680195118706
3.0406196021199525
2.81886056646882
2.7509407490208972
2.36857981374319
0.5601700439899008
1.1601247944006294
1.3264809541466973
2.538639499880174
2.202915348174023
2.9495984344278883
2.5069532628507014
2.172099991762207
2.480240851428982
3.6713663616973182
1.6267094679309277
2.6217427350609928
3.1994020506669028
4.014910582014225
2.831227193633823
1.7781690047763892
2.574040144160027
3.607142013398474
3.4944317935296265
1.628411906687215
3.608128787587124
2.305968846156534
3.5313747525611836
3.288159031865624
4.0739278832471895
2.929447482478666
3.049863489978367
2.634492050129386
3.4796312393398003
3.9149872880996694
1.355278334114062
2.5113245154401285
3.9292358798833593
3.2943684640601454
3.4959179105228957
2.499184354248465
2.3268293030084126
3.8657028441109764
3.6872979468893443
3.127274355228415
4.009635689605424
3.886900165580033
3.68046525815188
2.6876994091598387
2.9499621844139448
1.630858156054317
3.869011630452829
3.56622275087315
1.3298942803704206
4.195816252128191
3.5792056666792744
1.9440376160361863
2.8413886375990742
3.2617071599073304
3.695897478939365
2.5292755883392264
3.039707424890744
1.1729160789552373
3.029201906854244
2.7637873481542488
3.0044662410638985
3.387359159914812
1.9201558277488635
3.5241327433944694
2.484824049127769
3.736065249141266
1.697142237628292
1.2989000651273903
3.721554050769675
3.538790108601054
2.9145228342992153
3.7023824561281033
2.220355872151131
3.3499790935015605
2.462577727070344
3.503504552679368
3.2124821238638814
2.6512820783930113
3.9092820366121996
3.579609533574851
1.920487511163473
3.6378912418891245
3.597629885627306
3.76056308568055
3.297888562511897
2.1099540171250046
2.2423383447546508
2.7923197785097775
3.4421548778818845
4.226849265115416
2.6196709707567662
3.7794968514092933
4.241517347739975
2.592901214064068
2.263196062979004
3.1429297362387247
2.9345482062316166
2.2679934365545944
2.3845350952145976
3.2931791228684686
2.6974179525521538
2.428795520895126
3.197861052678358
4.21384752649611
2.6074922033386563
3.3421035991974826
3.2812454933697572
3.843812809216657
3.419391752074416
2.9571569287537534
3.687093371316539
2.9198701025566964
3.6409370847276827
2.775922855107143
4.0474215853995
1.6702282632874752
3.922258639924463
2.923855115002558
3.2757864097152085
3.4255349786675566
3.436225917486069
3.0225547762197325
2.0712252075726103
3.3940632432280475
3.364594465713492
2.773504143757991
2.9831052518051795
3.1937430844418135
3.980980170869846
1.9198900110753323
3.5314554218672214
3.5208358175174217
1.7367361770880771
3.702983436404623
3.2647683533322116
3.949267796180525
3.3968595650348963
4.126476114154943
3.422332233271983
3.1544138275766693
4.11946065823389
3.0387991709326996
2.1786596719448257
1.5644280646459316
2.846152942783827
1.4976567208174094
3.9443554626036272
2.844118514214485
3.5775555706537485
3.277948324281037
3.301853257627006
2.2306298913003424
1.964450685364885
3.6294153134730904
3.7315673821816926
3.1872721693532426
3.2831545817226697
2.8796033909353853
2.5629540948337337
2.4780005868631036
3.0203559701130755
3.025645047657595
3.4033431975491775
2.2487059784581755
3.1486852047670526
4.367736587918466
3.89099817784904
4.15825395437346
2.6468722258030293
3.6530714185609248
3.311677263344624
1.9864375872026199
2.3872945004092476
2.7895168151691623
3.2180964402835057
2.593500377238193
2.6442018487036183
3.062090201180805
4.315668169563595
2.6957712402610596
2.874639888762397
3.120011325283847
1.6783284755688
2.8447570435537695
1.8320853901693446
3.8646292292390614
3.684291079009586
2.448540025408593
3.1163206790429188
3.942390715563797
2.3851041235089983
2.112927280454309
3.0622566220585803
2.4810329871596335
3.5932715909549504
2.3422747255371767
1.4713884126666357
2.8553286794529367
3.4152967371161993
2.085189287254214
3.9044166789778725
2.9849856694310883
3.1878752101857804
2.8930112035344147
2.879293881608436
3.1801337250042097
4.550070425365038
3.293766558084102
2.853784615374113
2.919575141071825
2.874636542415442
2.56097303013724
3.2338408970243053
2.54759841628195
3.357845356863134
2.362316847036632
3.2998264666132195
1.4841250355345847
3.5862231336625543
4.480741222414461
3.217478289301515
2.6457607551662283
4.214788107299842
3.5476062397433203
3.1731561791012552
3.2018766764970352
3.840568776425993
4.53386386757405
3.4897725112582894
2.072931173434207
2.5423482116342835
3.9316800449313805
3.0374668599747987
2.3533238119847635
3.653507890119183
3.6250925493072645
3.8257780974561397
3.124712647773819
3.4714268005418174
3.666499324084789
3.5366200597551023
2.6084912709597288
2.937959943334152
3.771705110865609
3.5623491927383832
3.208322484912377
4.2171733564959455
3.765038563171928
2.8512669255465273
3.1467051888727986
2.7641095776334135
2.914320124858893
2.7196542559809904
2.4656967492347373
3.3845314913772384
2.4921250884385224
2.8843060416244084
2.952575107812204
4.530650109989513
2.4453831095284277
1.8303998839591333
1.0829855557146297
2.9500396010366563
2.9177890262819397
3.441718604351604
3.414094353354625
3.266122375420474
2.454792601487988
3.7195049438440204
3.5788439034689414
2.292823872897932
1.4538490245030151
2.6476203181618065
3.4441408143631755
2.4059147270609604
3.8804743688298515
2.5182335964058016
3.4008554277132204
2.3411903574699187
3.9775396830643315
3.6109977827654904
3.538285899482581
3.3300731097326657
2.976231773387526
2.8169436346899164
2.228536118765097
3.526748858095264
2.6620859611995575
2.28164718413884
2.6235280239454832
3.320661503710642
3.3630708551988873
3.433762708976427
2.377041683275328
3.0448997699677056
2.194203928754436
2.919899054024277
3.3599895246704268
0.9907198906399574
4.463298889488175
3.8868103640315175
3.590385277544237
3.6824744000634047
3.2262409425121588
3.186302064871595
4.052591375300601
3.242288491769108
2.742022780260744
2.420078610744693
0.7447674508176386
3.9723146707990686
2.441461303493739
2.08549625224801
3.7884507333179838
2.5073202150603686
3.826710019416205
3.8567398946038134
2.422299904820366
1.2802659189590173
2.9224675637270443
3.4860633532658314
1.0188646266162706
2.3011200004914496
1.8364772909401514
1.5462477165209259
3.232397512286805
1.2381874359853144
3.6819791894722806
2.5425832231331613
1.7776744658590604
2.4176500757570833
3.5250221003819115
3.116627664455013
2.046282275451147
1.0868059783340747
3.201152447598451
3.460734047026656
3.4001953186915506
0.36707318366988073
-0.022880446246925007
4.281366826178381
3.7401695254537017
4.0171183177499215
3.374478956262362
2.1977658396513426
0.452947313359228
1.8429601540579057
1.8147435515062171
3.2361330213308106
3.370649922572648
2.2182205417448224
2.5416098992303016
3.5261472688526005
0.6850733475098965
1.9600476701960412
2.406099344210923
3.724797675892635
1.5359586338614535
1.4469850532173139
3.5960629826415285
2.1643511380226017
3.7058104339408144
0.9125648954094844
0.380046911003029
4.087761369247409
2.068427428466877
4.02920807846717
1.0896802767169476
2.6025426847618762
2.7762583243819643
3.2504646806985074
2.5188954097536254
1.0209008721944381
2.9117816579789073
4.470628851911504
3.2596432528438952
3.760955148062278
2.762868904388311
3.0083948156566294
2.417658497949037
3.1537848246560043
1.9455949131136032
0.9911869868085693
3.8125000603964727
4.140396282725839
3.508355265547528
2.690957306944062
3.49201407330801
1.390884816725145
1.6642554000533338
2.735246643354971
4.327434487108708
3.730744982289427
1.4587354506220107
3.5993828664011533
2.542906537623499
2.471856799741307
2.590362048113156
2.2427056673349353
1.7554763803350224
4.576336145491665
2.779287147763948
3.9734689535311363
3.4419165767515842
2.138457653832101
2.1846631311427167
2.2891453791502525
1.1324830313462422
1.004653538078815
1.9656784874569002
3.9855934567643487
2.3009878418674092
2.6100426359756588
2.059598363401813
2.5832301647826226
2.5913474291398626
3.1655267150854747
2.2466105280329254
3.9619061076260484
1.8038523145450918
3.0195682086553823
3.5823765514197063
3.748452985831704
3.027497964319693
3.2736156176280446
1.7294756879170827
1.2985555504229143
2.899849805856021
1.5941188748904365
3.240087711058721
3.840785496387597
2.8186222107507923
0.5951931664837934
3.4864117341927976
3.155474856521861
1.0201691388751013
0.7679861827271482
3.8005257447346876
3.2013348125791996
3.4782363226562825
4.186920067161606
3.6191734564447886
0.9363456691564204
3.5332594054476294
2.3007571055941844
3.097418184541778
2.395094666825656
4.845509531190873
1.997290134798189
2.078991675194061
3.4047523606174472
2.2699408394673126
3.928129188913286
3.4846251455869792
3.388947177027015
4.062380380572031
1.586992954710396
1.7171831060146783
3.2401377488851972
1.8912474447421146
2.0470922175454147
1.9004616912690722
2.285544582333575
1.657624939927945
1.0897287481453288
3.7292275572390166
2.0769431164242906
3.3037414063698725
-0.194780498664063
0.6998842699461307
3.0428398908792946
3.9922087010700595
0.846985278043873
3.2829059774721934
2.7887722807997477
1.24477972961339
-0.03631422903934936
2.0407453613792725
4.306371126996649
0.6040614829235676
3.18952414654692
3.3822576503939175
2.3835965756662207
2.6999873913503842
4.143312457090606
1.2774667347207505
0.5478963777572663
3.904029636667797
1.7913880649122662
4.108028549285106
2.679261825345397
1.3965194406259003
3.1718008001391937
2.3385174104329307
1.7263628076202147
2.077894031833431
1.980330528172865
2.767877066355275
3.097885139478696
2.8942309200190786
1.1881682111698888
2.7426838229020998
1.9184664942853158
3.988163191967847
3.590237070642641
3.4752692735261026
3.10747549934496
0.17729280054166618
3.3778816495704356
1.1219870682052338
3.629609469082456
3.420411610257565
4.05551332841429
4.236357853205798
3.3612553672604806
2.6399040368303934
0.8684829461154028
3.9097704731870238
4.355047678037892
2.1281769056391973
1.4830450730080216
2.950357775286533
2.1334280724879378
3.4340456049423884
3.1280779144425654
2.6387229667702976
1.1860187245129326
2.458352404850471
2.0748258964175124
4.592662105399361
1.4668489077794251
0.94722795658066
0.5288893261470322
3.9358946341296823
4.26692515384783
3.8548617442309174
4.6139969750973195
2.8703877855557867
4.280747827602531
4.366701974748094
3.703361199722801
3.4658882291301065
3.3338241512979545
1.5485426812666185
2.6094466994810452
3.1249409390283325
2.6837920395127073
2.3789875856313896
1.6177061965079487
3.068344235405946
0.17784527907772218
2.102007687998425
4.019455397858541
2.4296215840008037
1.245610637677185
2.705944183134366
1.020306422642963
2.1165985822742295
1.3387217227787205
1.9344869582425712
2.2478434223954906
1.7659532358846888
1.1383547905334273
1.9680147859675339
1.4869665729331887
1.156168083022949
2.108844665922301
