3.687961046042789
4.269449284858894
4.672440770725238
4.044687474421729
2.380479752005999
2.5010222986017334
4.18535642174629
3.0067270920910207
3.1757604622489946
2.1969109701000322
2.0762916381376053
4.9772218858982
0.9930232834087714
3.305346772232505
2.84294694429878
1.9227132254650379
3.7378847255642453
3.674313450878625
3.1698437204057517
1.9616532766214594
2.6373069455078357
0.8585968293630247
4.451793885977249
4.136414949373374
2.519940007386218
3.490320377039287
2.656600532636735
3.861442285046426
1.0759114694532796
3.763883766281853
2.4994015874566946
3.537442379522964
1.97208348615359
3.919200805952751
3.3798166707455266
0.3940194732696514
0.7736446399131174
2.1740127386420434
3.754511144951253
1.1235839762429134
2.8793635569979195
3.8360722309652333
3.873876723020565
0.745011751843388
2.083533437418359
0.8192012756997701
0.6880181087748906
1.4175976088961597
4.117064930406448
1.9496979901654465
0.7693715684255579
2.766204552429457
0.6783687786094651
0.4440407546469804
2.295301022395817
0.1202305650144029
3.916243006445548
1.1570792725918613
2.546869924084131
2.0502299617050213
5.0
0.10371591529357453
3.3195849951901737
1.046509892518733
3.1901231726506865
1.0046710299272779
0.0
3.3293601349866266
0.1857044325043791
2.64654214317631
2.919466183211788
3.986513303423262
0.7771875490270242
3.0641825643433878
1.8544004106289729
0.06216169590224474
0.811306250947266
0.0643597590018434
3.520276856791667
3.0714871442680605
0.1698251026177493
0.9207232871268295
1.1328223678865614
1.3122401945670141
1.300663131987042
2.2373139477290267
3.1521580754742944
4.093684838252444
3.5320455013748697
3.0690015739030834
1.1185427886930779
4.058191503958406
1.221403617672718
3.99709378966625
1.566579697520505
1.5589071707210183
3.0147042266592443
3.503372081688099
2.943778098367985
1.9521652810143728
0.08758874135769373
1.2429048964826013
3.0253703946954777
3.0968910445951066
2.396712696821222
2.1003063545792306
0.0
2.143141094582268
1.4223111443323895
2.4723297722845055
2.3283492565210713
3.068556825436242
3.064622184038614
2.9678671992697243
0.08269523576586929
0.05604249912166969
3.8809897850379396
0.9163092626280206
0.0
0.7963940718624801
1.5808426925101025
0.40735439144348323
1.2867596259041716
0.9896636200695547
0.13638323838876398
5.0
1.4042175316930348
3.4202679254043042
4.902475339470655
4.216875376219253
3.8956556492517995
3.213236923761981
3.7412613489204167
3.50756272831081
3.2779359826902477
4.076599648509856
4.9510681094717235
3.2991702132699556
1.835601675405705
4.328165154801843
4.992373255529825
4.125195017714467
2.836926298119428
3.63209219132527
1.946000709475685
2.331949586766582
3.6467146445556935
3.503849041233149
2.428132808983767
0.8867193073102029
3.29097331802755
2.940076192212678
3.911130232230941
3.6684475620734727
3.0337154476303008
3.598227981579046
0.62910217537692
1.198715502661521
4.031484310736228
1.0237186879627265
5.0
3.6261155085090784
1.2965671619423313
3.6751896895278335
3.9934936151152693
3.7486000324125563
3.178236698138599
3.797252524617317
3.857753238551311
2.822331273542773
2.9263612557428624
0.9681084626598292
3.3363950855773172
3.7141971164063214
3.4818342038916072
3.4510036598562133
3.3411569655082918
3.5713327816330835
0.5601073872790184
0.29074653388592786
0.34067848882986146
2.7900601015398743
3.0648229725139178
1.0739475950522543
2.6081245119285406
0.0
0.0
0.8909359825633613
1.299335061882476
0.4144258465271261
3.189518354805414
3.4213636297963927
2.87965442237518
3.160269722005445
3.2401992869567673
3.2539333001203956
2.7380034625215712
0.7925321768327671
0.3056105229058718
2.4180084171844394
0.8333168378539973
0.979532795761313
1.4880372961544515
0.5723131592417026
0.23091204545473226
1.2631093389159525
3.6651215914843407
0.1862206785137297
2.906178429648782
1.3420149332985176
0.9082866679731291
1.2340140477932942
0.7855980482597739
2.256310948249858
2.227427066128259
1.3520885054124492
2.144815170555029
2.5385144786194
3.3303950096238877
1.2343203663661169
0.6754073110572545
0.1926419110402372
0.4909239057698192
2.028390439995004
0.05709682404482398
0.2712250194376561
2.5176028617061785
2.1092824434621185
0.09805379664529242
0.7521075001391727
0.0
0.0
2.8666267192984223
2.2575244803516386
2.066602599338376
2.2086245894727967
0.05293128795223162
0.11395851623113067
0.15912184226986353
0.0
1.8879998956960515
0.0
0.0472241523181398
0.07582727913079872
2.7472638987760694
0.4373405699928951
2.495410927273491
1.8124299803044244
0.3794193364784495
0.14266710639688246
3.1554922920662825
4.10411822744093
2.256140012949167
3.7510502806425174
1.7662487192673166
3.7588013891384806
1.7225949182157365
3.5929952774338236
2.7071829009149484
0.15171704711481063
4.409995556667877
2.7232632697917474
2.872602265992872
4.500752686581983
3.1131276939495196
2.3388905740477917
1.625506477751918
3.664719567941915
2.056596834175462
4.485286656085446
3.4781471986967682
1.9553427606615243
0.8330697457017517
3.960387730093296
4.439672108493808
4.7702582314461335
0.7683300183243352
0.30239830417422936
4.002334855298002
2.269626798966253
1.0597929436772158
2.1607942355086
3.1955099827855946
3.1211670661845723
3.0107474667664293
3.9325308495816786
2.7538509192010507
3.5329450073919952
4.200103893340579
1.7048837284083003
4.020416918847055
1.275705911230313
2.723250210774683
4.279392610705928
0.35455689060970985
1.249891646390902
1.9230426677443768
3.6802016303108527
3.255198768256524
3.5644575216685626
5.0
2.883177308825818
3.523374062318788
4.496121748638393
0.8799058178031701
3.2133882685665043
3.73011741095623
2.5726746012029564
3.96021706317094
2.6319772775977004
2.893666670949398
1.0450313554208197
3.1574555283439114
3.3991428883948585
2.9379566017312504
4.067059103775877
3.282065671639706
3.9013009830922454
0.0
0.108199855503732
3.8888210778386822
2.542447226149336
3.96302056876715
2.4015591230054714
3.666033285638089
0.7105878778893352
3.5768701822897526
3.1880959824401955
3.1241000452852195
3.389435882398568
4.570902406772291
3.693035876197631
4.276769924410164
3.980408518412485
2.951492823801753
1.453093283315467
4.01788494007341
3.777611925250352
1.4599721153190506
1.3467250715809802
3.6305211004170044
4.509820949826205
4.344430424885237
1.2176055907496182
2.3043018749808786
1.5567338010639948
3.1579395101848595
1.5544483475425406
1.8285549050789307
0.5905823756202164
2.5831907582162286
3.987921824504466
2.6183592767129005
3.8395908274577244
2.9568616593211887
0.5268659493740991
1.3891363053105266
4.114294985068459
0.3594833901562008
3.0378065275507806
4.1890287858629485
3.7627589030049013
2.675549960971315
3.544648530400901
3.9395486185646584
0.6675917920604649
2.781479947766314
3.1273544595275125
3.433560062590034
4.474416867030246
3.2395920056857133
4.248640021360326
0.8101954057186673
3.2379787838216005
2.208778985932339
3.832386625435042
2.3663137348769956
0.4630832586572245
2.9543225866748704
2.2724749858242568
3.7936542459331433
3.7305017844042627
3.092216227992101
1.6157197850792122
3.2461463887134983
3.0049398259901423
4.281385952136278
1.6954371090318598
2.9935468745356886
1.6572100108635606
3.8403499532544902
2.0387535706808784
0.6688200644416686
1.768352504886678
3.3338362366390717
0.7893500194779646
1.2405854518236274
4.96486452879107
3.0036580417457435
2.314495711976776
2.0581053862289953
1.356463900935206
2.062999112409748
2.631300746923854
3.948910528691376
3.64464593302485
0.7835200906362821
2.6307499282926394
3.2508777947031593
2.3164226350428088
3.1593986835275354
4.433590528401277
2.4865509264434564
4.291885453329389
0.5339607875980595
2.1188410843464665
0.28926372034440173
4.328526101875358
3.2549502885758175
3.662917238298315
3.719617074538082
1.7491603526387374
4.341491387411379
1.694613425752366
3.101635257182851
1.6338045199039581
0.2813148895694416
4.912365562077457
2.8258909321094894
2.286898992634657
0.8810060962266146
4.599615162475215
0.656004855094347
3.024521576942518
1.3585757776842844
3.289806389592999
2.6301997824923844
4.74708058475948
3.0701456025636094
3.6198812827134206
3.344600429812501
3.0543545553081786
0.04561000529184231
2.3719237665498367
2.495000826735062
0.24205024200691666
1.873776548094244
2.75700440374269
0.9431588531173717
1.8928037214859839
3.7260931949244416
4.051714673071621
0.974103215460081
0.3893485505228746
4.473621334479629
2.5856558485329972
1.748993600544495
3.9862399585763906
0.5773294325480439
3.5314685497838774
1.5486446541853247
0.7499913011394637
0.4288075471315705
2.8982778644102893
3.5652754808364824
3.471421402851465
2.27051297131925
4.048907143355702
3.9864203600426773
1.3107372145064964
2.6925234018991673
1.9441989803743644
3.008042566175785
4.444362464109819
2.535838149519796
2.9160543871169864
0.8971352159438736
0.7837220882826811
3.8898129882948496
0.9375322477877751
3.2066488728288745
3.1960963941199534
2.710315024536104
0.004346124173928698
3.7674111790074907
1.632357235161139
2.75577871758904
3.8198138446427743
3.1721620639701316
4.590703259806382
3.667511007091786
3.945270570492303
3.1771479160369682
3.1321793880546136
1.9641793809791095
3.540232274307249
0.6774662085199301
2.590127136496055
1.5166641682954882
4.215920668813234
3.082852518478052
3.412747522163949
1.6716469943126
3.62244748716729
1.8758389395794084
4.018107111304149
2.5488397702707433
2.350941289067086
3.1322619637623195
0.15131513917121403
1.3333778207136808
2.7768026151133904
3.197683274748715
1.568934043399248
3.165066576291504
1.3206370113597885
2.131890143924365
2.76124080946383
1.5973973807511055
3.3395448406315635
0.6996469878275321
3.0780526961781804
4.194205270795287
1.9475850874398397
2.3076048210894706
2.6577688240909128
3.00942918180068
1.0021588376280042
3.555933409153032
1.6476423210893096
1.096119220099893
0.78813167408518
1.3982984752827863
1.938495751918197
1.0661843317043254
0.3825165813289538
2.552324198145876
2.730075585209278
0.931093807993913
2.7198873686740677
3.824473462292832
1.8664400907430148
3.5201851039452707
4.092768667235178
3.8256726213116954
4.241856096690971
0.7850210013338058
2.3889230339693697
3.0662646891544454
3.6383106696876464
3.3305849729757444
3.0717847302119266
3.162665409229318
3.390866536968557
2.1052878854246
3.610459302435143
3.4173310154664414
2.0060446714957734
4.045741392648784
2.9642143560136267
4.223212803061028
1.8196472504756422
2.4725897563923973
1.6140521111813113
2.147913632382794
2.038413198028077
4.176151796163003
3.848153238149962
1.0166286994358504
3.1122768882904355
2.796333939106562
2.5955236713755343
0.8851745265268866
3.274506912513944
3.7905725895629843
3.4032766612594454
4.175539181994813
3.2015434857236436
3.1890781325791826
1.9703866930238585
2.1803525536361192
3.8570896450777292
2.116565547779044
2.459739089919843
1.8802984208657862
3.0401263417074555
1.4404450336332888
4.442098427877869
1.371796254598127
2.310314243192079
2.375029750806066
3.2365484738574426
3.6501408583143276
2.508566750971024
2.0108416276242083
3.7996851212139067
4.163632972885855
0.3828595403088363
2.7713236516140007
4.5924146847510166
3.3951747366816627
1.298464706858637
3.4991875818644314
3.030761927270687
2.301789866260597
2.8555659763990144
2.7245684185483854
2.069426400473299
4.1419552889397835
4.386701425672685
4.559634272454969
3.4558311846954815
2.6370369928634956
2.5343049393164394
3.766958447072002
3.5645250964710535
2.881977711448223
0.9254612733395836
2.7355187190286507
4.011170454428737
1.6930026989126112
3.072987447969641
1.2361524563422808
4.530904480942381
2.5332939974879
3.792903072616742
2.6704827956691677
1.3901570668161891
3.019078368198942
1.4323053873739102
3.2245999620464962
4.5162359311353475
4.071174948867421
3.6398963948211387
2.8132915952206217
3.0499461712730276
3.2803880112583927
3.1259358567228874
3.371014079016686
3.564195382762897
2.0853422174658367
3.016344092644513
3.178687273919227
1.6825766414401897
3.4622348315428377
4.4288056589741185
4.148599163804572
3.710704884082638
4.206151148280532
2.016512172048005
2.221590291627871
4.396754321816228
2.017885642836611
1.913552534173972
2.046336343130307
3.895251446249744
3.803069106285334
3.0694767186358813
2.9751401086001694
1.3336025516559722
2.299852263543491
2.598564411415237
2.3149423124629926
2.9484794485798904
4.561783841858532
1.4903859490456033
3.8577988742560114
3.9724483201754923
4.2378645250471045
2.204814549064573
3.5793082751144465
4.123175748358469
3.028715733659257
4.60182561563251
3.9948160442892906
1.4994147592735494
2.853925945167271
3.727866039813062
3.3303694766053398
1.6920540742255827
3.233489192751046
3.0980221213382366
2.926512409022795
1.3238947079240284
1.8142549075828456
2.8745814088711206
1.655123935807268
2.6974286493687583
2.2910332356592162
4.026221516655755
3.4228607214277575
3.634772949969788
4.563164242533094
3.1127527738794383
2.8064902181960814
2.8834456220335536
3.1019606261059813
3.5735211969579526
1.1962039880495496
3.7804532309567644
2.0682230194822204
3.272599275151233
3.7387717914054615
4.521758952958961
3.610990173461152
1.2364205880898833
3.045692455067514
2.7754270959934533
3.929142400079144
3.469421766341057
4.253166806608893
1.9005958776160583
2.634200624862732
2.8818589871999
3.1905740375811984
2.7838309785233744
3.685253561269911
4.05451357988161
3.4576588109851984
4.0567073154424955
3.746479522863388
2.892711487224022
3.417071106535648
2.1375865068475033
4.008697765236983
2.8085603292675607
3.1377678089605703
4.185550615093451
3.840496261957143
3.3079749658492483
2.52874686178781
1.947474280098726
4.23381803948794
0.6723438651049584
4.126347173773308
3.83766256746806
3.3555389155347495
4.505550357068967
1.6386096064847457
3.758389897064482
4.526006312775809
2.576991733937206
3.1850796091021816
3.4268727209513807
3.9564493146605333
1.5921275791725227
2.818930623427846
2.47697929531609
3.7819387989367668
1.7542221289921838
3.166383259727197
1.8943483769591836
3.590199671548802
3.1656479834959574
1.9822380446136967
3.54185559104124
4.1051434477674
2.633841482278827
3.253327991113058
3.975868229826166
4.078681628759083
2.8718401655394143
2.9946987026585434
3.9214768497724406
4.13049396883596
3.5956799048315227
3.523784284398363
3.0398755266680215
3.6425350011291093
1.1315495826422548
2.5201452270402234
3.203218153619729
3.2878477755147975
4.653848869290012
4.4975431453457375
3.1769058540954367
2.872647545361567
2.8959083621158017
3.676043949249507
3.358898094907587
3.848631071064704
2.9072223746417087
4.2049294429752635
4.213470419383885
1.9173714507823512
2.390772646525904
2.0387597825283494
4.37753325421518
4.20945710559438
4.096515185704322
3.4375430332107797
4.213641882550352
2.8104067671835384
2.362409365169188
4.022974786577505
2.784013029223161
2.3683020770963203
4.080832329117221
3.161127429807637
2.331947200018025
3.2098938904230545
2.7120040715947784
2.231582868581404
2.6168491034681685
3.8251374432413705
3.0769176345579297
3.0289406390078257
3.154116434608758
3.5927492435064243
3.1584624603560627
2.744456773619162
2.6030945520907007
1.166226537244312
1.615851822258781
1.3174666689446912
1.8254086072742253
2.1413877474212986
3.3092176403164233
3.0358781278101317
2.1113909412985103
2.116717341734677
3.904373562615624
2.446311496514022
2.8928879230981615
3.054447787244178
3.9379955488974376
2.5924342980798367
1.8253004876687002
2.876720982058811
4.033551048639268
3.60863515833003
1.9639414849939703
3.3806541388703635
2.4189620619977985
3.4536400396121474
3.261674356691277
4.535060360389345
2.6894755758687987
3.0652521638921577
2.8352864282358947
3.635720428676873
4.098180985976045
1.1540267517115186
2.641377289298822
4.10441042058018
3.2565190933090564
3.820203215678169
2.7473191274383124
2.6207032555621934
4.015960666368597
3.6021756801445335
2.755823365431418
4.301452551764112
4.174499200484044
3.9534198681931993
2.455185880003884
3.035570036844069
1.821655845211428
3.8882227642312825
3.40798510200029
1.618913477851131
4.597644255660063
3.677392071127817
1.792581256049868
2.515589731840332
3.3819994882712643
3.4910277614024396
2.6531826507975635
2.7960275916205517
1.5127641364095206
3.491585004890447
3.0460083344881355
2.767214041741203
3.2315665348253995
1.5975897941892734
3.9182459726337813
2.542040389076589
3.8198663548241214
1.841493018180891
1.625471451828759
4.074936360344861
3.7181261251989333
2.7632868934007635
4.013896363010031
2.2483945568680266
3.610178446984614
2.6261996222735613
3.7777859921953274
3.3546120831656667
2.628585826685231
4.8776686150145245
3.7407171915215067
2.0373311612692553
3.963887452813503
4.0961600793683814
4.145724810174045
3.23915432646824
2.488060102913629
2.6616466172692315
2.8240201050552685
3.8097617244740993
4.459602258831391
2.735567527393218
4.045099624307888
4.521977541954916
2.920057266516853
2.7785338483795847
3.6624093731149725
3.2470714712160076
2.532530712209482
2.585136582629847
3.019586253624579
2.4863005196445966
2.546314417263117
3.8209331981209407
4.433535460101005
3.041117455690733
3.4342670061232248
3.4856322384646203
3.934571188436519
3.4574775544463545
3.2498185247849936
4.065223144651965
3.2495160604892117
3.990618029631998
2.990972097122632
4.083620303644663
2.7330447504074917
4.354936794607236
3.1150112972694397
3.8448223734166485
3.765858955287671
4.438170078701484
3.233441620565843
2.176906085512292
3.499492095717472
3.3120663507620045
2.8459300205823013
3.4707785342189763
3.682367861903522
4.494963415682512
2.5138498362121062
3.4466530870270926
3.760406065194834
1.6848738037477893
3.8816362883466553
3.4968724887684903
4.244723185982141
3.475127680427552
4.089262761168772
3.7192381184322962
3.3925474928562487
4.198658318620771
3.209885995130758
2.535154696721028
1.6287799854286977
2.937217857796766
1.8466330226136685
4.32907371821172
3.0137202263887026
3.7136654609194037
3.530122055448608
3.667403644855751
2.380475414535139
2.368445882375889
3.590757515222534
3.8697212504994236
3.6662750773948733
3.7933203085614258
3.0389942287723546
2.865131729200785
2.8786408274307607
3.497419786435096
3.270521660335084
3.577248105620698
3.1819048017003926
3.277019388546476
4.62128874369184
4.166849848388793
4.47101109689083
2.727228019066631
4.035960004739186
3.590019312041884
2.248210065341773
2.275863180453038
2.7184612233521914
3.5438144483953327
3.168845323235482
2.575510424920574
3.717116293089841
4.534682773188856
2.761818620605308
2.6381147090844848
3.2706136116495363
1.7011468584172262
2.917277388397145
2.0181594233784725
4.009567403934869
3.4441680964093786
3.1975309050254794
3.8167850925602043
4.186311648895934
2.6769387113999876
2.631958159437147
3.0737509087772317
2.4251582098702125
3.818501530336099
2.557241428984063
2.5743812654514597
3.272589785101009
3.6464039875683185
2.9323460160727413
4.464900091069197
3.1129511407578048
3.2756328382905004
3.0632495139472256
3.3481785941761393
3.331294775394589
4.918129460776425
3.5836344244740115
3.1770839761710654
3.3203832465512915
2.983164556930772
2.90258221844081
3.3899183045685533
2.9877712769384446
3.550590271811949
2.852464541257572
3.591272551969009
1.8460753675353043
3.7220185693947583
4.780073390605588
3.856142413548292
2.458854551922125
4.433216257229972
3.415791824070217
3.535082198451564
3.0125744973654935
4.035703733868469
4.915825237440156
3.7767641045866123
2.382335580108667
2.360382082108797
4.13916950628716
3.2205152773211188
2.8240264441117082
4.226986751193367
3.9498897102291046
4.1899130852057915
3.1685511040765997
4.057046142013062
3.9201093829816815
3.9246850683958847
2.814215513807286
3.089093254749466
4.269757310330813
3.757615130363908
3.7299750794665503
4.360459391469137
4.013688484673874
3.0099204276061364
3.484307652632431
3.0190539654729625
2.9429754100678718
3.2694093910475437
3.2334305653071764
3.797327638518472
2.4764926234766484
2.6809126757874067
3.3114114457645387
4.85779261390852
2.6503911990767612
1.8447042117499286
1.0395358001353603
2.9934616161191383
3.6233300881253196
3.819913446945576
3.9386179414786096
3.4723808367471105
2.4297987751573435
4.196556205629148
3.9961173711365667
2.3647753508274794
1.3783164846482296
2.061018814417715
3.7040729378248316
2.6705633576772687
3.973965619498027
2.1474553749931635
3.651976934551315
2.9744407840231246
4.323755510981567
3.929589594704076
3.907297432555013
3.617402344920725
3.5020873324525734
3.5133966608013623
2.289372014783466
3.599637410026487
2.671690614134219
2.941422384159611
2.9125635373879826
3.2435765718736747
3.765028587422659
3.6186806683422166
2.2110536098974403
3.396844474106566
2.3403417045295205
2.7890638826075076
3.75045142011224
1.3331514114123693
4.812910376799447
4.365324220587498
3.8465080037710955
3.9002532650323953
3.4267836208782487
3.655537104545823
4.229172830116791
3.1623034090128574
2.724429208083622
2.6730903220666993
0.9627595824794344
4.097032705445249
2.7411609802207124
2.4908963878386676
4.141884400936975
2.6286723986353837
4.268742394997956
4.386304966619763
2.832887501580383
1.6546613793476765
3.175641890356027
3.871854525943718
0.5773494348670846
2.4935151776884332
2.211583023772194
2.25857509254138
3.829532521395943
1.3108654598530372
4.0989513682107415
2.688489136627322
1.8212049063676958
2.4642832234244496
3.620711938901427
3.405916732474834
2.2115446416215887
1.1435395734060971
3.5983394916280718
3.7540320335032114
3.956252800006144
1.3322155886944724
0.18123758237200016
4.75582525974387
4.234113621699208
4.380580584708591
3.7164876255185386
2.167332637890967
0.14989414082064514
2.287687539346855
2.331712144947617
4.0359011988713975
3.5773698566463312
3.019461094131355
2.8159374498432412
3.625678810067248
0.8502920236829531
2.211332762936923
2.5129448777085592
4.224884031846808
1.4524623023561927
1.9483328630572403
3.7810338707640208
2.629792799942645
4.1144985934665295
0.7506954239030242
0.31544902036358696
4.425925485690444
1.8543895212988109
4.4120533689995165
0.5481422524370453
2.8787553145841804
2.845084443076594
3.5366319281141263
2.831691113272949
0.7983826414397933
3.338878726256776
4.683885717343651
3.4199513691663164
3.6188415609211533
2.9328913236180947
3.2290785037840033
2.653574029083515
3.3887968994396545
1.5033057754049726
1.0934196325609842
4.035868982391185
4.6235149327012675
3.856880173528449
3.094120778976263
3.8383973535029092
1.488313475364856
1.625243265611647
3.022519283664476
4.465969630044965
3.926145749245708
2.028995286354339
3.8792983353594153
2.7578678100923546
2.8026517646208475
2.6909292426977434
1.9073230817042837
2.222815035931878
4.841456473399857
3.177313082557365
4.369151304726222
3.411033025442089
2.7428796668673803
2.345514213456838
2.6434195149702124
1.0920360269552485
1.7666712659091586
2.36223207088425
4.152613334113792
2.0914059517978822
2.936317415712576
2.567907791904396
2.52815445430486
3.016946439839085
3.3657539099688867
2.3078179325620973
4.37765265676776
1.9303394312156787
3.102632886504972
3.5886857999732245
3.896515084285156
3.1950036641601223
3.3856301765019743
1.916029072493944
1.9394335757040644
3.0865009183847487
1.9057585425824934
3.6874964467071893
4.0281790275981955
3.084848208673718
0.10037379172399784
4.085536818885646
3.7198832238076305
0.8948604976465759
0.9289656042952558
4.387654164890958
3.739840802189466
4.072116106404938
4.3690668941500705
3.8722423733664266
0.6207190782070086
3.8227845052690483
2.3919908114706745
3.6961053511273567
2.7400871809068446
4.8869077865518795
1.8652553424340181
2.0492716300304443
3.7048638149499604
1.965193696051705
4.233766710558235
3.9398969573556952
3.9686527448171174
4.074871021587501
1.6679222343674602
1.9631583355628297
3.281453650229209
3.0661796028076718
1.9019992827528196
2.076946332453643
2.521181301347534
1.797780405536077
1.24834790405968
4.123157755103403
2.1429996159010836
3.695974561126038
0.0
0.8127588956214572
3.4232131818869274
4.327599975137085
1.0285258406510904
3.6287905264641975
3.1376804521839103
2.0726337236543446
0.19286986177492738
2.200693318595081
4.519338717080924
1.3006232837612908
3.3613608023824995
3.699667803611262
2.991583234755751
2.713077665616302
4.117037864495485
1.0941637573260594
0.6324380259836441
4.245558806299291
2.3850931594781724
4.480732968401908
2.881643743214702
1.8157018774614422
3.506589190805503
2.08986133399676
2.1008137106997973
1.5929652238296745
1.951405159760551
2.6901416691773314
3.036470400515403
3.0913939163901434
1.3846116987214547
2.816818459119875
2.021798372053645
4.3006096234281515
4.175621466694803
3.6215157167279597
3.4971216659312194
0.5335409179955182
3.8201950570497667
1.4307703192878913
3.633232683415158
3.7804086760315854
4.448170788353552
4.401694621086048
3.6203517052736762
2.947959127009329
1.0651965156016594
4.32102804511603
4.352264211121886
2.564017732031549
1.9838614007826212
3.5786839622931015
2.292852302727652
3.0479829726687857
3.2891906500544765
2.669779620851195
1.3132758937824869
2.670713477569521
2.236425464442839
4.796805952922949
1.5999269112865775
1.4785724251839258
0.5915458154727214
4.473214933700059
4.165016869334332
4.173650756155617
4.899728685583629
2.886300482938986
4.671643656291857
4.7679525764722515
4.008524966912901
4.253601474477126
3.893085277396485
1.8209949089993944
3.200832177653319
4.250769459408876
3.192369795408932
2.20064841325423
1.586691774892924
3.2852908324260337
0.6869896308361977
2.0408922367933475
4.253174351317692
2.7666569170336346
1.683271638056377
3.0360122321630456
1.4281568491655532
1.8864923003584122
0.952397427252403
1.6481720727631013
2.2661967183609892
1.5668209552568337
1.4115195843940944
2.0544737460912925
1.2689993500340946
0.7882027497130286
2.2672413337163606
