3.688994945265045
3.9335958648125127
4.201142938286848
3.452693388833285
2.397713978891042
2.5307893417894203
3.999864164041968
2.660356806535184
2.610336439000209
2.4096928550992365
2.344908645684893
4.584341840707362
1.4046079904200846
2.943184635403979
2.414458425843511
2.3699472067790937
3.707780273728947
3.361761300126175
3.4678515379279826
2.2717024116764843
2.5983719188706877
1.2037992068691392
4.220112440338092
3.641846584107032
2.0161660135533785
2.700586201169364
2.5109650605069374
3.6997685701154612
1.5197767534334035
3.4471901099231603
1.9120484550669037
3.244103374176625
1.6853385073618967
3.5810152819194982
3.160607450212666
1.400897118476041
1.087908298706541
2.1026032850157583
3.3713062819976205
1.2047250373850615
2.323705049453193
3.5370326299193504
3.5903928035666146
0.9542047635355113
2.0542627294370406
1.483317166174436
1.2640054512468208
1.4244039060695668
3.0711612587669683
1.4474451544754632
1.0869146197573283
1.919305067511567
1.0907572533303616
1.0277830223097517
2.8104154435645827
0.0
3.853950890800558
1.4388586715584175
2.4226813916626875
2.2200578388076986
4.439796630041875
0.0
2.730515212191792
1.174313300494116
2.7036720027655448
1.5331734571880973
0.22770564062458187
2.510402334962508
0.05236876642380539
2.3599026948260944
2.3338700441837186
3.4990584904812563
0.5480328152287077
2.8123880498367733
1.876241734473795
0.0
1.2693665080138081
0.0
3.231836987916433
2.764267388707545
0.0
1.2830091505100727
1.2468530948562102
1.1544893229539954
1.7078192759836397
1.9897067892931575
2.6603049260207587
3.653665699317181
3.004598990518688
2.860624240457363
0.2647558422871026
3.5846987116792803
0.47048986198275455
3.701659572859997
1.5548654153718608
1.6823410696243948
2.4425180977820427
3.6739562117097346
3.016928321754934
1.6225057294317429
0.0
1.6382773568514857
2.4587548431346526
2.795846003606621
1.9268478848790918
1.5875030984845648
0.004962391677774236
1.350252414164908
1.4344295909304772
2.0140574656074905
1.5329283838400651
2.444320841148629
2.042810227037683
2.3314154287057276
0.0
0.0
3.727573960497305
1.0411992354537616
0.0
1.1514766860804158
1.3209894407093747
0.6924825147704486
1.4415296230426695
1.9474717270912651
0.11468460564118338
5.0
1.4511687107038016
2.9859356877228653
4.539564674380078
4.23055234614771
3.5900360854501865
2.673975994113768
3.4855601498516773
3.6273141138043243
3.0616889574741664
3.7201260083126186
4.475171011333721
2.6527810834956473
2.305939505302618
4.122098307772554
4.593684195452956
4.089798743064184
2.279486967189865
3.157743892884352
2.319145233408213
2.6109230887640367
3.552223030080938
3.6011042068838774
2.627557828464096
1.5101127108911658
2.7526054002937035
2.6452514222574353
3.7830309517983496
3.275194638026351
2.633150160272435
2.866768106012046
1.0950390691756886
1.5896080685911684
3.9244288576208675
1.366721090636283
4.646643944287112
3.532880390855814
1.1038905448395804
3.3138890486807666
3.8751094980304677
3.4503045657564453
2.914395311126512
3.0058738652801713
3.942022850179459
2.298140518030874
2.4963544322141646
0.9522897063369339
3.3525783538417855
3.2704616895690726
3.1858607443263174
3.2564023734184695
2.815824787124033
3.788618794372146
1.565592765892228
0.0
0.0
2.5185773136676652
3.3261400806227237
1.39281955407776
1.759392434413376
0.0
0.0
1.1106698345895047
1.5575272351404736
1.3227570685540289
2.9946867043329357
2.9597841952574404
2.7269993176633354
2.5796293599015243
2.2935924359879465
2.5481033703589913
2.3540459329312275
0.9684443461457041
0.38414767903917274
1.7517957872845717
1.4416521928095967
1.435242017749709
1.9658566907172368
1.0917066610109303
0.9245439240049264
1.4220698331191053
3.3716298180615465
0.0
2.2568601524548404
1.1068090608790397
1.2400664937974017
1.2922387907990256
1.20010367678799
2.2507852488063382
1.723320851339412
1.1138432474752369
2.322544958970379
2.271359046973866
2.777550918971482
1.4448934725829075
0.7592656503733369
0.0
0.0
1.1004352730613958
0.02240751926547624
0.42760418627718805
1.7328988604294984
1.2433292924803383
0.0
0.032087957760168484
0.0
0.0
2.2484553950039508
1.6972801229159327
2.3992076539007665
2.5278562634449013
0.0
0.0
0.0
0.0676416200590062
2.262317923250449
0.0
0.0
0.0
1.9360224565050004
0.9479038507810239
1.9305848480065495
1.5807076977948373
0.5121426176281014
0.0
2.7712737208303055
3.8902176556954235
1.9572118125806774
3.596726485770593
1.2369709614604552
3.2710621392133756
1.8412183507522832
3.5289297580443524
2.510700333568048
0.0
4.141215773106244
2.3851345902883185
2.8359834232367973
4.281939309989019
3.0307435106466
2.350347812263518
1.8829098139434146
3.5987278020642353
1.993929026609207
4.410261972395483
3.5186030575729093
2.9174803754373446
1.3078505639936413
3.5985312126417632
4.299027536320437
4.430138282902721
1.182085612154538
0.19342373026606785
3.6015186510810473
2.5226470349310204
0.8734778869624041
1.6670439734830302
2.919360363710334
3.2555060131091924
3.0699072903234494
3.8187345141447384
2.8485109457922473
3.7056547103233033
3.965222808772637
1.4961281344847586
3.969397021612599
2.0913322523195994
2.8526053338253874
4.074961085614502
0.32370889684848114
1.4409168900799245
2.094276198582971
3.390445027999484
2.9956739214064068
3.0725122436891406
5.0
2.4246556934192265
3.3537385452900956
4.263430595381099
1.122059756213857
3.0812770775434397
3.7646366082507683
1.9814322072972193
3.738690929026853
2.6412182051507553
3.1037208096607762
0.8865376111365066
3.1744618469070778
3.3047978014506816
3.1289581389920174
3.723384697843254
3.1265391219295426
3.8653125934018395
0.0
0.0
3.869628861395345
2.797455742567463
3.720617679089544
2.029913393922622
3.510092542128999
0.22318048883038843
3.3846054790331617
3.2140881396702756
2.3655497831211965
3.162752926382539
4.2535011572691745
3.4663851177791907
4.134858194067821
4.011303802839245
3.4288146075951103
1.670427214879001
3.862927941106057
3.5333735594770275
1.5979752779173007
1.4135401596336332
3.2504367466457214
4.359789061546149
4.243178616710309
1.294940146616376
2.795703485116623
1.46290681947101
3.0505198021580977
1.460382197042847
1.7028845219825501
0.7407792496727202
2.077019759318209
3.5956601817927263
2.683943085282123
3.498264461319388
2.8422656376018907
0.31009611498352296
1.6154163943477258
3.8820603813084023
0.25124983108315635
3.0212985981463696
3.9140052337365594
3.4718634626276867
2.1534728970216066
2.92600442181459
3.6470447998309345
0.5624144498846061
2.6413168845674218
3.121731691791096
3.1860238308434896
4.282861010745384
3.163726622313893
3.6314893335185845
1.0987735059453196
3.646284759013767
2.139748231422554
3.779332767220077
2.699216454657283
0.6748288550826141
2.952700813964112
1.9509871293878898
3.4719892265696926
3.7273588472743784
3.298709960245393
1.463484568677612
3.214004483326609
3.130693644086141
4.068051863880376
1.8730088073417503
2.8062235890918457
1.5748986772664897
3.5971968011982893
1.559941832353049
1.0384569898190974
1.9248539910737015
3.3757833800377193
1.166530621276908
1.4088227558591897
4.541823339517903
2.9123855908245315
2.3540558944607612
2.2487715239087827
1.2200636200944235
2.001837553329774
2.5753745312276406
3.599596280873818
3.34025441478867
0.4642503782813078
2.441210703950528
2.9359049861431386
2.2353193497482984
3.096555941507914
4.337300600989588
2.7430371345037554
4.0853371530850024
0.5304862690415523
2.2106410698686902
0.27708964026939464
4.215077884674331
3.2504105050563994
3.268061567640876
3.0124994849332047
1.7338380393571207
3.8350703679316167
1.9226304142036912
3.378946157436181
2.011855056402042
0.0
4.527682965328855
2.573629874377437
2.5530140327039663
1.5058512339621282
4.387240250352178
1.4223764772709329
2.8187185988360257
1.4152818287267017
3.43438051951357
2.829301155974811
4.480157225815503
3.0794382467370998
3.15214259523883
2.991588627739384
2.40886437919929
0.0
1.9112019490012129
2.534026857172094
0.18997674448415247
1.6008106569877323
2.699277591582418
0.9193048495566309
1.4482676895421491
3.3038064893345
3.6639533581582304
0.8188485222085385
0.2679321729400027
4.311598517249792
2.743272052077393
1.751747206618857
3.518679021972423
0.7692262354281224
3.5859236929843052
1.7902245269713188
0.3147385257926868
0.0
3.218468030012507
3.2755789021639803
3.195530102116169
1.9342249338691961
3.8503709719055603
3.6017864466513894
1.1783091065212203
2.3205477703503052
1.6957252422834923
3.0996273553710374
3.9482526535465468
2.117241131638915
2.8385406414411976
1.1981447794671434
0.8296209669585956
3.6112854289597056
0.7237085523318731
3.3783891415344387
3.1133282890403553
2.4870731576027336
0.0
3.459304258458848
1.3753318643037753
2.2308060667917577
3.5586552857129226
2.5759836862341263
4.357053182068013
3.5223734654307464
4.102418229116186
2.875410815457291
2.827385115058168
1.1240689345673807
3.358551866543495
0.5818439225994604
2.8385411323123866
1.2606790479101284
4.156368971271512
2.5586551912118254
2.8903872658369507
2.0534483249385493
3.379148012562312
1.4064014528948414
3.8155430596243587
2.5442605899514454
1.977634440302015
2.9041911283814947
0.0
1.5163809432221589
1.6673575697963483
2.972064357712077
1.4836622636846806
3.111417019433933
1.3063776099556685
1.713178147799256
2.5713241172352634
1.2349325403383955
2.575384496478175
0.49307346404056096
2.7813112048856037
4.148777764408968
1.858363714552159
3.3005420876694633
2.350889509292085
2.940012667877068
0.9291629541690792
3.3968529792743154
0.8673806297922723
1.1467668431349707
0.5263408236552113
1.1679844828404433
1.5525189959937054
0.9997534985106648
0.0
2.387172995289756
2.184226208434089
0.7104552418156311
2.3546504262054615
3.2164799930097923
1.1924451408226373
3.1885278381310904
3.27540690198629
3.6094563588705757
4.122601911633806
0.5856150618509517
2.1613567640487834
3.0069325186253684
3.564220476392021
3.2898650841662107
3.231192576524363
2.6022092882730123
2.9666983128795272
1.9082093254773649
3.385475644075288
2.882519077681699
1.669424358585013
3.6594333726454478
3.012950472814832
3.819936840448429
1.6499047282005375
2.218720828974342
1.4861433802172677
1.755671445642018
1.9662107965552291
3.939876594440392
3.762258768752691
0.7683445968755681
2.7225965764100586
2.9661150101487834
2.6045359222754976
1.6551448693052406
2.949712387471275
3.704122120006046
2.5165876663140323
3.920752518125247
2.7825541832634446
2.710290409102256
1.1441520671474152
1.5164886154617543
3.395066337723339
1.9704168592680746
2.4320979262115805
1.0458683489008473
2.5976075211865157
1.560554773487696
3.8204953339883065
1.0210830706417613
1.1350695553044576
2.020809819279982
2.755816774720434
3.2877407245320986
2.4977775276754723
1.8610621803852543
3.578972263355113
3.8425199198819135
0.0
2.4957676796334147
4.4164634336358155
2.8311845626763055
1.4422745387554032
3.3301279615348713
2.9911100993497612
2.195699441244691
2.4932317112929927
1.946849734767932
2.112276345418885
3.987888872019221
4.1044757931141955
4.295592249446627
3.4530707200955444
2.6863971358284533
1.7373914389864304
3.559055747060171
2.93512676429918
2.4670818521475226
0.8893521132646885
2.2416226283924545
3.4790861695014366
1.7440444633520835
2.345972790663949
0.9421938080105526
4.190431116889221
2.0193068441134603
3.6580887481141247
2.249195605498416
2.104978767993067
2.498859411987446
1.5015107959828096
2.1561254772937453
4.304867500477074
3.7875335862623194
3.365318137365904
2.606187379116563
2.8656420883753517
3.209197220360319
2.7014996188829645
2.823097645904665
3.003228445024699
1.6912960585452437
2.9539702654139948
2.940101893655852
1.3890421437335658
3.0625350828433806
4.344801647370174
3.2847457153180195
3.5978492874270116
3.9043648393217643
1.4310843462472134
2.6212782463892297
3.689163160430237
1.635745489351892
1.5765216343110722
2.0471941893199195
3.81772760164196
3.6858990169232886
2.8172285635314265
3.0632191116204206
1.5367227004873754
2.2769542003211884
2.3925897164152454
2.838714940348038
2.686915285111047
4.302809035681648
1.7932017106139857
3.630312474055585
3.79442504619393
4.031441346483311
2.1056228849315715
3.4150645787938676
3.852855163324785
3.092274650283182
4.418957836026635
3.7672021507337354
2.308178497164684
2.8914805511096278
3.536329003511657
2.651541902445049
1.9032604484216575
2.8994629155820837
2.9335264282675957
2.9023171653149284
1.356642093641582
1.6160559867452897
2.6489524120717824
1.5085360426484131
2.4055616913755014
2.0195826990687613
3.7296659381194246
3.4091568250203306
3.400435993035758
4.282831079289182
2.8786008335265727
2.7173266064280264
2.586107334458507
2.7627687971367934
3.1062963588716976
1.5147866551458993
3.5305145579674053
2.4583828760659934
3.044973414963083
3.6262906604440666
4.353309066432016
3.648357185610126
0.9769893421837079
2.6506659427745687
2.4344266673487733
3.6446665449891507
3.2103276965313454
4.06331250052872
1.5337436319685325
2.509885632762742
2.5573824834740124
2.566816013099884
2.586652522491195
3.509184822169877
3.8779301043105225
3.42709903765896
4.083918377488783
3.6801353818837788
3.034295202157933
3.077103909373448
2.2012122417706794
3.75957534544884
2.560301219223409
2.8949432185880206
3.9611199748322163
3.742315356104535
3.0548665665674557
2.0665887946600643
1.123997355221484
3.9586530310978674
1.3820467453803018
3.666303676154983
3.3974977495074463
3.354406791378823
4.25923066720976
1.872367633376458
3.477439035086752
4.100645166316838
2.611207809685734
3.0940856937914445
3.0993615794380744
3.6673613159061897
2.020198508910889
2.324205511283923
2.4793156000909256
3.7575115914536106
1.7538225268440821
3.0474820524111004
1.8687296315332538
3.328587510050649
2.9327155506934983
1.3434048848196052
3.2373824427125855
3.940952337259116
2.5969314141149007
2.9541311580416876
3.49461762765556
3.899982089854792
2.727914793683728
2.974555060839531
3.390748089503342
3.7160135008322652
3.4229478748526696
3.236154928572391
3.0872019723332365
3.8607375903696894
1.4166776874246012
2.339415040411506
3.2223974692371247
2.90483460115205
4.441293154412587
4.555071971913957
3.012020883171938
1.9915572447850023
2.8335624403621678
3.4703789564159635
3.0629222400506046
3.775523227180736
2.640363092784994
4.062388403288186
3.941873708661213
1.6497172965595932
2.4078360607300917
2.4366944162566795
4.113625302655397
4.0889500476493
3.9902950686148415
2.840103475582538
3.956239780143692
2.5753716709467653
2.844705469547129
3.8049051994329752
2.5089324899523557
2.1574058249564376
3.3899213556493937
3.370545399054107
1.5487048561792318
3.0180117926821746
2.350495195414212
2.442619601735382
2.5874567694266153
3.6883279652448833
2.5596422963998133
3.034680696332086
2.7285887029209106
3.1806867893655824
2.793085862199352
2.3479838982126853
2.0793281532835954
1.0039980146023981
1.439525808781002
1.419928607303845
2.472673619122244
2.1765362324867104
2.770191859467387
2.3997433365812273
2.4244777488535707
2.246598443193279
3.2482828073165675
1.5719782017609782
2.57842737429499
2.679879535516907
3.8184855849916293
2.705711424173271
1.737831553162481
2.477226518019563
3.6431837988650657
3.4637701090256456
1.4728658504183971
3.3218046892766324
2.2413657068574624
3.3856235321693178
3.4027243105209806
4.189732782802835
2.863184920686375
2.713590230825303
2.6323355937723374
3.5122635673669653
3.893204782588621
1.324638508820286
2.40921802451771
3.9369835051257565
3.248812571593762
3.4209467226646333
2.2098076920802368
2.0633834831727973
3.7217506676671226
3.4752165389125924
3.249195388446638
4.0911874752198365
3.975465856395644
3.6391831106888843
2.3137742483320762
3.014144286167519
1.2774437088731627
3.6744747966809053
3.4921389952510395
1.714839221107301
4.392721271169302
3.4599479890611806
1.7667991683796078
2.7986192490756414
3.175915394593214
3.661226180333915
2.4038238022786
2.7972737260717935
1.2959376787257009
2.719678905555311
2.7732766699154294
2.658254793242838
3.1898993814119487
1.7067026562676593
3.204070189601535
2.2745048432598565
3.6103390821604218
1.5743540160166045
1.0240370110265768
3.951532757738662
3.395408268911135
2.9591471049928884
3.7547266337113685
2.2156624617842153
3.492651994689413
2.4988345514767447
3.4199703861695636
3.3277012560870975
2.576408402191503
4.719091568453476
3.6284020066940963
1.9862781631956303
3.77976217921352
3.695082608849909
3.914820485203217
3.394610160315361
2.517012219419516
2.4992254187007283
2.636226200845017
3.4646072585969305
4.388278622183238
2.7000254170333697
3.730171908313847
4.399596046131334
2.5122566507752797
2.2392965845555097
3.5790984410991014
3.1341265306973374
2.4892927283160216
2.3966369057750936
3.1226687145849894
2.772494729204612
2.2595790707167653
3.4614747450555186
4.016971674506542
2.7524994611187203
3.4759343809680443
3.624383962148207
3.9913767706281824
3.5151994667237654
3.126978043156578
3.934254085609034
2.826976481341295
3.6456638758490723
2.897857838594202
4.213627164736771
2.0023963372010734
4.1210932346845235
2.8489979611003298
3.5312357185799605
3.556061722414541
4.115389553633988
3.111388329923929
2.28518108644644
3.2284751150153754
3.5891136167769453
2.808981123705646
3.0767950597983758
3.489248413768458
4.255255006002398
1.929898469429606
3.6364291782045703
3.4348437968155867
1.862187880519385
3.750629699332374
3.18489292842919
3.982167656880807
3.461810873378208
3.930421299775055
3.65363483161889
3.1329256175932745
4.182976658459625
2.8592050008613517
2.175444692137057
1.2758746783162982
2.836866579146608
1.4962897559251798
4.007829544502841
2.991286706781732
3.4266914042155845
3.5744666199397486
3.3046939002116895
2.132455785906359
2.162792529791823
3.6864516764410626
3.7555847684071044
2.9363168363036563
3.528482014962909
2.8038440139176846
2.410476630790646
2.673051344652718
3.456341588047909
3.2956721802034665
3.4169431461637005
2.437055347598096
3.13891320501619
4.562210184641555
3.8270436887357087
4.364068992395152
2.7041673855026342
3.8179515826356125
3.4135396528273216
1.9966356902635116
2.3869562610745723
2.6286927563644698
3.3102709089008013
2.8831586400282534
2.761004391590724
3.4506332343690844
4.262018266908068
2.739717119342987
2.835440363816895
3.2962989227535457
1.8004799559132034
3.0315150054885125
1.9448890091349385
4.068709278885098
3.5457562572629078
2.6603000804555013
3.3455661860624226
4.285413251155385
2.521552271166865
2.546144147578577
2.9162668852244606
2.3064648961748873
3.507556001047125
2.5291901074449834
1.8974568562662317
2.983078096557825
3.3598635858977173
2.480243239907027
4.235545210874366
3.073365650736272
3.122020888130785
3.0806614744752685
3.0341116544209497
3.163107366509688
4.569415780961952
3.296137676986695
3.002698229598823
3.0789532402249637
2.7667406753156514
2.6240083505451683
3.3974900387655964
2.789264661828126
3.2328221138950415
2.7001127214210414
3.392511081526098
1.4468312361324625
3.5004535284139324
4.350721911428106
3.4317954229814687
2.7796970159870114
4.211894531137698
3.507771795012466
3.255850835644764
3.3773994485087897
4.030869434656422
4.632746485472804
3.590772130874392
2.1798114654121687
2.531538246636624
3.842890195011659
2.941285539516099
2.4892562453305205
3.850638512003422
3.5709979317740785
4.117643327047377
3.2707275648710357
3.75288681588526
3.8290925294940443
3.4436911969735164
2.7143244025835305
2.883621489939564
3.9059243371606582
3.653674846233015
3.4369888063295098
4.353440659287998
3.9189725158340516
2.8048325414157427
3.230596103881248
3.085478469426337
2.87521561787391
2.885635315455936
2.916721841678912
3.6075768771513355
2.3311133097171
2.8837271590556277
3.1532438512575878
4.422684344928982
2.467291536823303
1.9076115595811678
1.0723610291905712
3.1246732041814598
3.3822734343123146
3.5802394001350413
3.5847443505865684
3.195874281627506
2.655670395606129
4.289149218307609
3.6727370539871873
2.1630539983704082
1.3465344054464174
2.6925706697077296
3.469376952594688
2.6157050796432264
3.9579589270432836
2.6327939868355403
3.3639074917062337
2.6071406706349007
4.1311492217764805
3.60942629299568
3.4537690016323
3.2982295694894175
3.121209775796829
2.8214129357327473
2.3502316827834178
3.4145379156209232
2.4549770952636107
2.6104247710748787
2.7124004799127137
3.3133814039964915
3.49529607199423
3.6619855079918824
2.508646318552038
3.2194858430758826
2.1251653369674233
2.9753493574756336
3.4094362641672324
1.1751813052693092
4.676194670314542
4.233070781444596
3.5248616327879283
3.8449789609029317
3.001679662329903
3.482635168159177
3.933037174087373
3.081176186951276
2.7655937067706975
2.4461839377566577
0.7455013406266798
4.006922800626781
2.4433077261984693
1.9776891303121156
4.001912320086222
2.319077404945495
4.026796165570222
3.7712540483321035
2.57347155372876
1.5063665762120984
2.916003650066858
3.585799884657891
1.3789426792647723
2.2767473972712473
1.7052385847841691
1.4460515104828247
3.459031270901746
1.1739969178140242
3.6830633335583545
2.7910684051556878
1.75900659255257
2.2373463244691125
3.5919312981747655
3.250424259527518
2.3148064962784667
1.0531727802858404
3.1652140631832384
3.5778681200090303
3.5252403897173963
0.41755119006674113
0.12274620912801931
4.399950230700086
3.918078500901233
4.158719542985152
3.476227416757712
2.3155829327067994
0.22721455733663237
2.110364720709222
1.922868944073946
3.182234092680462
3.3882982627235254
2.3039182711552413
2.7586199760007313
3.693598152942741
0.7860345705802007
2.095582589621979
2.662097213240296
3.9474446519662005
1.2008242213448952
1.721193112930206
3.348392977055151
1.9709923693902982
3.68262454423171
0.8714275454428494
0.2325617070001066
4.207559117979245
1.848259934265033
4.170435995412913
1.3592842633893762
2.706909518521357
2.7754165096339802
2.99173959540116
2.5767066775298613
0.6968078425449856
3.1725042431230044
4.520653162037018
3.34551525919574
3.678489036660033
2.613509656427019
2.836090156954204
2.171902505918024
2.979996928553705
1.7515032758114928
1.1276421267214076
3.869305464028453
4.571686267715764
3.764312186975146
2.882976816757076
3.6594831156846612
1.3041949542508866
1.5663216505041415
2.6972230759802653
4.30205760585909
3.8545954809934746
1.3967662653779813
3.5300606135166586
2.809761524870803
2.5003718871606835
2.8138080225981073
2.273272566202523
1.8987064273210241
4.707891173812794
2.7372951868307416
4.358516185993702
3.3807883053536076
2.072713262277726
2.154758469198343
2.432050692829247
0.8583524572744227
1.2407005034018064
2.089173743248354
4.157329778398122
2.1159215239994715
2.3808563768882327
2.196014566391729
2.3561246453616365
2.9873900266763647
3.1297485142737704
2.3069727697682185
3.983134889265193
1.9002402414495654
3.1100138830057658
3.585309650577752
4.024031527958647
2.811453897510134
3.2313208087086482
1.8366139395499324
1.1733856253769068
2.856046303956589
1.4010359339139273
3.1967750787215463
3.852351981650954
2.935368619360735
0.945876853931097
3.6469547079452287
3.4611944769893985
1.3478541326600322
0.718345582896199
4.224301909893768
3.3867114529846813
3.6808674647993325
4.440448358859898
3.6609341892419645
1.0785561159988029
3.603731719630357
2.393740957157258
3.347333812717855
2.3085418934934827
4.164157963835887
2.0027268196219734
1.9893631203121904
3.5157190189910184
2.294636090042885
4.178084482925464
3.678031053687949
3.541193263208709
4.233026888574548
1.6197484341739767
1.753340600011568
3.026168117461167
2.317135326871452
2.0311833632720067
1.8950075542711589
2.4481881452228014
1.810307533298046
1.366080725085899
3.844477056614028
2.2932549124927424
3.391370358576274
0.0
0.8823770356808959
3.3044073860236227
4.177789177316513
0.8834671915164388
3.3856439593266354
3.046596043205991
1.2242916228651932
0.0
1.7804041486955868
4.358728085296578
1.0378716305905848
2.974683305251875
3.623826378893077
2.738726911639037
2.7803491897749657
4.247685973461781
1.2994649023683387
0.5659630804486117
3.919631788336773
1.9749938492093913
4.135657814940604
2.546297229205819
1.6313189619206105
3.224318512874829
2.5290537741434673
2.147051444369255
1.8461366964692485
1.6563555397932919
2.8241550942799853
2.9712380897138115
2.942818661412344
1.0191481857823828
2.7037130324644463
1.94983727933473
4.215126071407703
3.5618157955222176
3.72073892546005
3.060725594342705
0.275024930511243
3.3114567393855276
1.0700144451044835
3.2301056721199775
3.2584692587044195
4.089422015292218
4.1898818863452245
3.336523087898546
2.6080968842955747
1.045491517430389
3.732931009696311
4.338303263790707
2.191937019959318
1.4013544214162175
2.8891994512096004
2.3809786211447754
3.1549007418776562
3.1625080228096456
2.4041242906935834
1.2107562995145793
2.5884221533807468
2.12452015070709
4.76274169690139
1.0884823644616395
1.039299921444024
0.42951316483915847
4.281090846106534
3.9335071933000014
4.08323898692713
4.815256024995397
2.913170232978978
4.44969890598842
4.3687389247174835
3.81852914392112
3.584434313222289
3.324513715921489
1.7040701777298013
2.6209504563604558
3.596441787278689
2.701922792716579
1.8602207609858823
1.7694402161245577
2.9079270419968584
0.35683737845523356
2.1070240575598302
4.050091803973
2.639731068885093
1.4947033404664025
2.780434789253234
0.9871818718244
2.1134985757226254
1.4781484674526464
1.8521908132328533
2.3373567903239043
1.8892397230292404
0.764504645433591
1.7900729913485542
1.2532458633450991
1.01388283791484
2.027841977543337
