3.785489728750311
4.11897812227265
4.2042101954185265
3.8700829417379117
2.8302952055380697
2.706673286566851
4.083904003767434
2.9862670599578376
2.75675778513569
2.3990369820032442
2.3616049065510376
4.706324841647243
0.7821124801401709
3.223826650526703
2.7499117433982336
2.1108255752675156
3.792926198492956
3.4009756477084867
3.494295344890638
1.614311049045051
2.782153011994469
0.787985471271806
4.338636393066977
4.146709054883208
2.4510379674669958
3.321106510886062
2.1925569333533024
3.284155830453801
1.07381576607819
3.394860989643863
2.3605757522914566
3.3574128032690886
2.306032670050584
3.752032609767056
3.002401766403091
0.4240741215592627
0.7454926058406091
2.558802519882936
3.483960804011909
1.035845827013739
2.786876396253001
3.52323222635619
3.630918427676377
0.6162654559321531
1.9763525931763057
0.8039731416933096
0.40114469357680815
1.3566792228619686
3.5469604648333313
1.8938747586515783
0.7191173928627177
2.6959727580759347
0.6438878980564048
0.5505797874243883
2.4698680670403106
0.1742268689791142
3.8077206742415344
1.0792443752442138
2.469987695969027
1.8922677910540715
5.0
0.10027278529804126
3.0428028269182716
0.975216542080273
2.85928595906343
0.7526907294184257
0.21142914585594763
3.1133309398052638
0.03749960366545932
2.719207088708834
2.404686834448526
3.840648573200252
0.4866726389646342
2.8470016490711583
1.8672926410872845
0.0678178973035283
0.5801135705772339
0.0
3.635352057912735
3.0731098238596113
0.09398629967897154
1.020520543346183
1.0020193464600138
1.0037420547829445
1.198451037304511
2.287176746473284
3.0116559305766994
3.9964473707460035
3.474760043678236
3.1787510478075838
0.7314588849999818
4.043552142788128
0.7941091502238984
3.7198247910323667
1.8551747333745383
1.5955634486318608
2.9445004258919276
3.4669401674727918
3.0256860868616826
2.2596719157549376
0.0
1.2175538583625138
3.064347006893494
2.7411023747933863
2.4312158862166937
1.7525773928796826
0.08125539673703872
2.1520734413572855
1.5235313460278588
2.524886513277999
2.4506417592154937
2.8952576259301654
3.061967778342703
2.6428016473244296
0.10379627945637224
0.0
3.8177807019964516
0.8304013827299536
0.0
0.7958388425243201
1.8008958190131115
0.2550173373690086
1.304830838411881
1.3210342281445628
0.36937639888535456
4.839244284321669
1.0844747890979611
3.0683709033619073
4.537394370739758
4.15732772799968
3.837337349872989
2.759599482669456
3.412846360243576
3.5461268882824384
2.8282273385173204
3.7912269490690886
4.608630840427023
2.8283923975792993
2.0339059894451257
4.057389045461313
4.712498520915504
4.020618149252744
2.647820603442616
3.383275331377658
2.0186548761732848
2.3493949904558074
3.5367836318637536
3.6572595958738177
2.3539968630523287
0.7737737931125804
3.18768655385366
2.928572426184995
3.7248116761993018
3.3251606861427456
3.044466700052044
3.14608413088436
0.30239736912491366
1.0786199749452423
3.9262055308110737
1.0251846873180077
4.76265795632107
3.134805071544495
1.0708198558306203
3.3455817965858587
3.7092642805667815
3.741388437002483
2.9778089796885703
3.46420529455271
3.751527350502296
2.7105514774335817
2.679514662570714
0.9292677899632735
3.5679308902625166
3.4333950843789998
3.244011049714957
3.3325022101948862
3.284809946633631
3.6294984964735555
0.5396437318605756
0.3437458219974796
0.23238817079180885
2.649233678411763
3.1204529987237537
0.9017715898521848
2.3907767924345538
0.0
0.0
1.0022528456653543
1.3417689063167182
0.375835918364422
3.0962247083035317
3.256928975852918
3.104407091658181
2.975063549007989
2.661914104939492
2.8456884576632726
2.6417804463596504
0.7107117489823398
0.16411959941683696
2.372089808048607
0.7736502363010654
1.0259087088093928
1.6857833364145915
0.5686920868458623
0.3126968814078186
1.3215161643240325
3.637010346079803
0.10262124374565607
3.0956556323208195
1.3241582229056779
0.7813733375931157
1.4403817226268845
0.8919794013752105
2.2830141814174225
2.4968637425207465
1.5684025705475917
2.0514541829691817
2.1823855645126793
2.9772085663180436
1.2119069562590694
0.5068363189929204
0.0
0.43075031304805567
2.0394014361109285
0.0467328958231055
0.28649343956874407
2.2380968982885383
1.7284638375423431
0.026938278161891482
0.3870748911060524
0.0
0.007069968392778514
2.883043308530726
2.1282855552159328
2.2341387187457475
2.542789604019557
0.0
0.10146016772729458
0.2743379087041656
0.08122510870882044
1.9960030044844892
0.0
0.07854269949171966
0.09802860306508146
2.463911972420129
0.1831694637690372
2.4110607894302714
1.9276402844624227
0.3625736120286662
0.16996561074806432
2.9033887989647043
3.910727413044481
2.3903630256373742
3.6724944747472263
1.7149450670282422
3.5918187296506865
1.8429090110284492
3.5147932324347755
2.773252918098902
0.21043039157078897
4.300032537757606
2.8319042048426253
2.822623911901232
4.308444646687485
3.2766201599660674
2.354904285548603
2.3195239242780343
3.6339049969977655
2.139941986542123
4.345834762873779
3.3686406057318816
2.2174790192139007
0.8168190055706206
3.9236814006702607
4.3096897356852155
4.330401002040441
0.654116134179313
0.3210828498171402
3.687950917223376
2.327191944930924
1.283037667237857
2.34507095124689
3.0161636392429503
3.3915989246773712
3.0460774749154202
3.885053097081358
2.4495907950514693
3.3004567533967863
4.064487117882397
1.55124400491792
3.8308456484264175
1.2680200002436481
2.8886235981772908
4.094890556321442
0.35845727498111346
1.3112459212094425
1.7772131337001282
3.6775957468930427
3.205992964568145
3.1181098309283013
4.839690470211047
2.8436672347675764
3.216747096546194
4.360982089403877
0.922850974557407
2.7481790490584124
3.920347642024649
2.5121450975424233
3.7104141999305673
2.5830209780371405
3.071685981586012
0.6827852866693819
3.106760050521393
3.3892252515002452
2.8607389837001227
3.9158356012787756
3.125081427184058
3.9609238105256663
0.10801337548295309
0.2311517778460802
3.946719816517038
2.2524694668380194
3.86157271730666
2.2365747593618606
3.4863617377792306
0.27464336101791087
3.444113042575934
3.1535272392650127
2.594196273705415
3.431584354692694
4.256566211239772
3.372611565271379
4.236808501411623
3.861835996035931
3.007010300910035
1.5524431910488843
3.9120812909511615
3.681750640169294
1.5356556964214927
1.4840599478704806
3.3506969514859675
4.275201739874061
4.221132674993682
1.2738574863529148
2.1106061413805888
1.4050443852047474
3.2863887736320647
1.4761903107231502
2.1729313617687867
0.368372922590701
2.555836095639756
3.4733403696861957
2.4822467839525406
3.635996375057695
2.7863099539777596
0.24835468972825614
0.8220108586363749
3.927722488724908
0.5998152867625303
3.1375086179888516
3.9120654382331175
3.558119389846656
2.6000150074668475
3.281027137201521
3.528255918908392
0.7247216303478691
2.7376380997411207
2.8342649589284497
3.211371261412177
4.215548641027199
3.366723264933186
4.027245635838152
0.5345083333349032
3.0038147856066892
2.2090310233080666
3.647612782202471
2.3046545364607
0.39194729268911377
2.7643711542230136
2.124637672491332
3.4269939664412092
3.72182999415171
3.1960989811121854
1.6709067921191774
3.2053480609143534
3.010312519325646
4.276418384155083
1.759312374019681
3.147598552310604
1.4212118543749732
3.66917896915455
1.916228428058052
0.7019345902190779
1.9165089398766963
3.074760563073848
0.7701504694623804
1.490176878514533
4.580297872613548
2.682723887815774
2.097864378966364
2.110755717833875
1.3317897811244288
2.190195837892931
2.490248087497496
3.6948317818336216
3.565401535869242
0.48729298863274184
2.6806831664105544
3.0616564477301553
2.272911389269707
3.235264613983966
4.161134964763755
2.4315066183574725
4.2020111569260115
0.3163759529438225
2.230956346409731
0.3240084098903763
4.192764548468432
2.9653391080814853
3.5800330053533496
3.3932996337964
1.2752506003911783
4.0472974948476095
1.5895382394123572
3.306137977560468
1.8664550770363633
0.11138552757699549
4.577620854942171
2.738125206040278
2.1996370897647113
1.120126265749121
4.354414269979224
0.720577207622987
3.0559649351752585
1.37709476221213
3.4685302607659154
2.5811500312185753
4.4260606103334394
3.319593017944139
3.335753049066124
3.2392343380623294
2.959610856291677
0.04782858507550897
2.3443284115172975
2.455694680379725
0.2397017341850376
2.221853750244538
2.6915181098903562
0.7617058118914017
1.812686478415706
3.5091932782733295
3.7678643233757496
0.9288574394959546
0.25980452673269616
4.286188371262811
2.5210490779037693
2.0370162933626315
3.6864767920118107
0.5279242261112551
3.2754140697536434
1.6097941158321722
0.6665604046443986
0.2608675564758998
2.713562980050017
3.3611583250823256
3.1738268790012842
2.1613965831296533
3.9967441352444135
4.0094285514474075
0.874789063322978
2.5791079728490525
1.8983690490276564
2.813536179669641
3.9256873315098533
2.2762411844720383
2.9740890340623496
0.8629620671394445
1.1207967826593297
3.5407390574675697
1.0007694652733852
3.1385073911549632
3.045111007744495
2.7423971743835214
0.33687321741662657
3.554345857791139
1.4527122146765203
2.5748586193659255
3.6313160663460713
2.6536926262786213
4.339263107254404
3.4547380446590537
3.951582707915853
3.1472138459225003
2.8566040725065376
1.9825827169580998
3.2902285042789963
0.34793520223422264
2.7535048872958305
1.4794523895044323
4.093418730416943
3.0414144815050173
3.2180595689935476
1.6876612786938647
3.434226128369501
2.0429175015674508
3.9780247310979835
2.363568903847571
2.3457905638290337
3.1465161319157877
0.2405992647677841
1.597489140577233
2.3403464236093385
3.164093542740575
1.5736826597277167
3.201823638978195
1.3745428257829921
1.989327893175945
2.7088834002088196
1.2025387893815735
2.672770043579505
0.9111951653696884
2.8787114799410745
4.1228371938836395
2.0512094931220464
2.772624279802513
2.564786720612144
2.6978667286252276
1.5351750699819273
3.066801192919203
1.6741600907450505
1.5567788840869898
0.7512244773755411
1.5572393882684241
1.9330983210679937
1.322557921518987
0.34432822266772634
2.7401707060106837
2.509002650280584
1.0402137885880236
2.5017792151188107
3.668193372377427
1.672607017822259
3.4381659696967555
3.7262171699224766
3.5734678248055247
4.104592171999408
0.5977894900571813
2.525467499744692
3.05539170279543
3.759776671486862
3.3209285056747246
3.078878223916097
2.9949310574253416
3.034592210853866
2.084091084598826
3.6084162905665975
3.4367598694316195
2.079181875260853
4.098781868853934
2.558029834003322
4.02107556537987
1.8235195311216987
2.2246809419801137
1.6950181947114231
2.2250463928811217
1.9059281342049017
4.046305001567333
3.790144699028945
0.8519956625798996
2.9732576022421835
3.2458394190402844
2.6981020531986486
0.9548632273530648
3.187019398948938
3.845579241903151
3.502864252654068
4.047772525066468
2.8682440612048863
3.252403501679506
1.6873422123347428
1.6847079834849812
3.1992641261308266
1.599834678629486
2.4356159769179593
1.8978387611604624
3.278129020811506
1.4276263418068411
4.235271442911351
1.6655251120969718
2.6761374339293504
2.308118770348853
2.867338199556947
3.635561819107109
2.4731013056275133
1.7516942458433902
3.449654271458983
3.9718814265196585
0.5802622891233855
2.5083359992485947
4.3098787725441845
3.54428532785397
1.4827860419421353
3.6701856580335024
2.8201432397580795
2.204694850269563
2.7798190267534517
2.535402107753927
1.9852022703174157
3.900392860289375
3.910931128142299
4.292123238117219
3.443528317483131
2.7399859033221654
2.1627638490963377
3.9504486742728986
3.4565432443847106
2.789970872974581
0.7916780796103406
2.684325270605524
3.7121572970795698
2.0948975435718395
2.621365134155867
1.2683552203470467
4.190247049439872
2.4759249514823054
3.5267568749806353
2.352820570496575
1.7798750905520453
2.9217221078315196
1.2963927206405073
3.008344933158753
4.405844560130269
4.007040845688638
3.455759882023162
2.9694864817869515
3.004465401279263
3.228005664614339
3.2393374323647373
3.2985476631940114
2.747409997942392
2.3213396494910787
3.2772948041457104
3.117144381479076
1.5730835830500662
3.3743208353177128
4.112062676508117
3.763966153633817
3.722205432855501
3.8258030486707124
2.7251877521781664
2.1902126988694857
3.8199496015010235
2.0531919059084482
2.2603348185294942
2.1451960995936474
3.7002821556266308
3.659054976674251
3.24553859155357
2.9581620182695705
1.2205679446833968
2.0524052460581297
2.587232070285089
2.437418580985004
2.8368265021021943
4.347985933597768
2.419417395240099
3.637525081349997
4.049247944267347
3.9127060917118692
2.1263361287916847
3.5971907435836243
3.831815475033684
3.0964608343017055
4.440188514420034
3.6685124173014563
2.0083231441515395
2.8308652217563237
3.6206044694041477
3.052673177879776
2.0605447672817503
3.1642593945196724
3.3561400361279747
2.9992945063213075
1.039290375048789
1.6826497749608764
3.009154350687001
1.2151724770339878
3.0291616792616156
2.2224273992257575
3.9365873969701255
3.0714989632005154
3.5389579194930207
4.304051597998044
2.9452885176617
2.6435919644040915
2.918855676161839
2.8293110962065633
3.4985503368828246
0.9682902429753377
3.7217698095699383
2.096716783159885
3.1830912458830065
3.0721513483675764
4.360527593099495
3.675694032076786
0.7666686299716546
2.6797039612971436
2.915956460616735
3.691669041229675
3.1672562734231406
4.1756098338751295
1.9535393300375374
2.686026008559961
3.1207065555625064
3.1013431738199855
2.9072628420186684
3.6091150406310355
3.9372335716305527
3.375598566336544
4.087194301294681
4.450586721200971
2.9251107084258003
3.5978724384433605
2.3071162419771856
3.829102590980832
2.3405943813070444
2.919310799266309
3.864777471518626
3.8510037124069694
3.311568805022993
2.2988972271870622
2.130683300351538
4.037307279528847
0.4238342614589219
4.011760730086122
3.6411775840649363
3.3383105470112624
4.319930424882167
1.7631896351552343
3.6718298857697107
4.215625937722449
2.6160544982806817
3.2006056620392584
3.38410768866755
3.6608968767856607
1.2903000027838638
2.7962564136815935
2.2609248021366506
3.6939449846841272
1.9718214170915056
3.009371116704149
1.9940218149123305
3.4584041359724784
2.9530905320194707
1.9076269367666927
3.4614791241761687
3.9740253289039025
2.616446747354815
3.1982356564778485
3.630938146797874
3.8531243254029803
2.6611363028135706
2.992509985549
3.2383032753248218
3.772474319417018
3.179688286732357
3.128364861106239
3.1529359753397257
3.8447740453466595
1.0499017705167313
2.639617648813722
3.4856130165081605
3.1680632705193466
4.078690514255418
4.446666010246388
3.2732214637173884
2.539721132424723
2.86010759705992
3.6604810738274343
3.4204781508238917
3.834833396668583
2.9468398809985112
3.9987354283756327
4.059404302597737
1.7386093244160752
2.305727204350175
2.272646364338738
4.088984083848186
4.065627573816866
3.9677150813755917
3.0548369936709
4.155560845754734
2.691269201977433
2.7388888543683843
3.8946002133192126
2.9087389575975426
2.7306730701884474
3.366064623529539
3.3646053324016165
1.9741243458192046
3.254677283421773
2.613158498646644
2.1491971560231646
2.8156634215223266
3.786866833851086
2.861593667855513
3.1397781705579098
3.1060091943307295
3.39653771071199
3.3191609786948786
2.681360748644473
2.661860519011174
0.6349442263809613
1.082014696886653
1.2196467755026306
1.9886031199530896
2.231886057193526
3.04734921851706
2.5246418530464045
2.13800615810117
2.3736672843544184
3.928792116959067
1.8942760152171276
2.538779744870702
2.9488744934342925
3.8419052493215227
2.499402300115409
1.7287500177010973
2.7830915670712137
3.715354965281014
3.652400945164653
1.4670074770693686
3.373140541865113
2.428393863218697
3.468044145590368
3.4407122884223247
4.225449285526702
3.02562681102342
3.0516135133870455
2.521196861063857
3.5615006238938585
4.058266345701623
0.9829058322583761
2.857113892915848
3.9822708566564176
2.927271013697741
3.7904533187070313
2.7533815450037853
2.256063756512307
3.957646257090695
3.599887611642176
3.047304788090047
4.006457298686659
4.056572489700058
3.7092126257621185
2.5633236333343823
2.6892438522812023
1.642825924927676
3.921926255119124
3.556927250414379
1.3519176274119746
4.455720943480968
3.6865912146411874
1.8761529195599627
2.545041426372193
3.364524557225667
3.726329533376783
2.509250439991998
3.1130173438272086
1.1604824550743054
3.3078188312428676
2.9050698044545955
3.013329435975419
3.330384514691297
1.4638117033505775
3.503241214359231
2.59442151855096
3.6247382908765475
1.6472294679785733
1.2036513841650924
3.994283586529333
3.5993779078291253
2.7548644044107
3.696767661222359
2.1312454991158685
3.424598354149752
2.594938200128881
3.4475608746200805
3.4852433104200258
2.5309837056312805
4.389103161548039
3.733134478396732
1.5841409726617803
3.7002177422762887
3.9192578906903286
3.9074483497410624
3.117615236275515
2.5584944691484406
2.27273347991152
2.995908337980211
3.6068262889017473
4.361323656413849
2.673460906124306
3.9091996084913063
4.288493927483044
2.47646215028974
2.5268935796559315
3.4196289071711017
3.0939640394377195
2.5020112481934618
2.3593802135452013
2.9830705358247305
2.499755812905898
2.53650189403546
3.631311627309697
4.290232423066823
2.707846879068923
3.3499729106176934
3.4547256970212117
3.8560211672235196
3.4815407489888894
3.01157414707295
3.8299358657612563
3.1407244984540625
3.9769943658864646
3.0764232915170933
3.904870014282979
2.546068278124587
4.162871150720554
3.039385254917566
3.4930000842191364
3.444161117825842
4.0350037281655675
3.1922187634377037
1.969625356571349
3.4957629112354613
3.0249292107841743
2.6840675038162933
3.182811454337969
3.4231800573161424
4.221104921657184
2.312261492004181
3.4933311555059205
3.5457536345354392
1.6095451034475192
3.913153017745862
3.3912792334485298
3.9102757995631796
3.3658324519124045
4.048422016874573
3.4998928419423767
3.5501330239542384
4.033674044578963
3.4416786839139797
2.225926205621279
1.6548505869135843
2.708371605946317
1.838549962520532
4.1898321733753185
2.919717521841287
3.627475503372939
3.144722208800383
3.6158834217108256
2.369891471007484
2.0416901894546746
3.6071709419985307
3.7159470885676846
3.7654800481686137
3.3409554629862703
2.9665296025107133
2.733471747083402
2.7231917720076537
3.2232755911792776
3.0751018851010268
3.4820175220115726
2.8066957489906796
3.066603231178587
4.558339930750317
4.103108313614171
4.239294352517442
2.472926058240329
3.7017466654663584
3.4742787985961483
2.202036219655122
2.2362366443071418
2.678004329947907
3.3994133009675167
2.8393979981718864
2.6408124032713918
3.6994147461134776
4.2677690631223735
2.712103003995577
2.798527322594921
3.1758332850828017
1.4972163942306405
2.9109197077134565
1.9287636476616319
3.878946926456388
3.602719489980508
2.969806744984513
3.699511406660417
4.087615553017737
2.399194362372119
2.560798948677659
2.9950185082586254
2.4147826971408546
3.735074505320362
2.400607206066175
2.3472063052436614
3.0440230037776423
3.850830213925983
3.0639933025783566
4.32465856954972
2.939414294246607
3.0904701196301847
2.6992111617155414
3.02240277343733
3.2276829606311264
4.476182345040516
3.4758377267190186
2.961258321007797
3.2671945352160874
3.110763639668618
2.711894018491793
3.1613316692547038
2.7477658593591507
3.3704147307960985
2.9926032053902993
3.5096008336405236
1.5708068083262463
3.702978558533454
4.422502407870859
3.632510674898414
2.6111510977550765
4.220227821216156
3.3500730036825854
3.3601447013388266
3.11946946896724
3.8978128095369335
4.625047768636336
3.969012137683684
2.1598964856980345
2.4530268692633665
4.329436364629998
3.1384059362399137
2.2300348206756335
3.834743519028595
3.803681199564361
3.843634606543525
3.053251995891056
3.7883529226441506
3.742695417386734
3.6864406088023194
2.9065282263658307
2.8243152502835454
4.01850721527402
3.5854363752799783
3.568634585330584
3.9480629946040002
3.8791811645513894
2.823540529229004
3.372631331348416
2.913699275567068
2.758166114643022
3.007501850885527
3.0653575951654717
3.499159026349937
2.6559449628739937
2.803491500927879
3.0179128922828014
4.444695865363298
2.668006044231098
1.5374787300743007
1.08989729370537
2.8070825040590637
3.175816710687921
3.7426165341614155
3.5514940781316393
3.377279744499143
2.5522318134675617
3.785363253858162
3.8984616500034557
2.2923248655909267
1.4899734755706215
2.1105008815626505
3.3397708017794283
2.646029820519593
4.027556100981207
2.2126448397850895
3.394195331900594
2.8746526533966485
3.9419182097526138
3.65305520605543
3.693288396088384
3.1713575490465704
3.377915972916544
3.0101556621842773
2.180227596972234
3.6920176267326323
2.5824025864726705
2.895638822419939
2.848864959264325
3.331534430920052
3.4367272806350466
3.4523284746453045
2.356532409290157
3.2063437985691543
2.0648093890628654
2.803322919602352
3.541480790469286
1.2118456517459402
4.54459656327482
4.119592264668339
3.738735376924894
3.6866627212081813
3.2573972985358965
3.305412484322246
4.008586673418242
3.168412828630699
2.764809390680156
2.701010543369485
0.887192735666329
3.9724260052136495
2.5951602648449703
2.411792466781934
4.106713539995712
2.7852436737230817
3.891150477156059
4.081797635558929
2.8219468498718703
1.3487969197890914
3.043330260924871
3.6387526867548443
0.8317278556515524
2.4095973379748328
2.017795625957621
1.909199631598029
3.6520612433827213
1.6897864998533714
3.873866720115358
2.784669041509894
1.6871864854344325
2.178921060820432
3.500955216669654
3.006795466071911
2.5717000161776125
1.0386684854400774
3.7128477927022128
3.4768660252672072
3.661705145161434
1.0926775744758042
0.15858143499842486
4.179193701600803
3.6368946385981866
4.063796931099577
3.3167074971149346
2.1224569288025044
0.2505716953369351
2.132514012556974
2.1315515101164895
3.9096374777135727
3.369722164708519
2.2188353731339867
2.5005822395904556
3.533110835164817
0.4665618376623246
2.0496143939649025
2.3641083468286057
4.148917132598268
1.3617855040607534
1.7472303541222551
3.622527021071314
2.0514541247394176
3.7473982088733377
0.62564261031943
0.3055511464097789
4.235168934709917
2.2041374209348827
4.087402654770526
0.5780398333192198
2.8756697214603433
2.723434607956135
3.4545942304741484
2.7926898910294113
0.8468846863950348
2.9041411626349993
4.184739666234165
3.4095528130574433
3.4744444345261027
2.8350345303730515
2.7856777934920047
2.4830827427107676
3.1760465127524737
1.5200081903893126
1.011243866008314
4.02368174856697
4.1701698620947925
3.578225026573711
2.8056036157953548
3.4468306739394263
1.5226333465644402
1.7654969890180703
2.8916145331447
4.21902622685029
3.727163921058641
1.8747695273384344
3.580969993913439
2.7947437018839416
2.7569930814971197
2.845053769735762
2.3448944236635523
1.8937813504217291
4.710515618759223
3.055908974460965
4.222188737743946
3.4159661957411487
2.5104291333641235
2.125912780064816
2.4782025959115432
0.8276163027220313
1.5010801829126472
2.037105243714162
3.788123689155908
2.1067762848199907
2.559965466397262
2.3234964684056747
2.2889762548120753
2.556098355298403
3.613229578782457
2.453146731493541
4.133836003721261
1.8255162426752476
3.1308356205015135
3.601795891027399
3.372953471246304
3.2682274705921497
3.307032024830316
1.9674280573729055
1.810602660222778
2.9484388425962673
1.919656051061275
2.851713078120362
3.818313353666186
2.6457262804346424
0.1453569428902925
3.6114182201800213
3.327993001419758
0.23926224776042998
0.9258797481782046
4.075872161148219
3.4177221985321227
3.6636809990750745
4.263996480434869
3.689412945601511
0.7030833766279703
3.6192917941934875
2.3343006665446295
3.6173167471137813
2.9240921912987465
4.655544930478782
1.6746347862687871
2.1265508561371043
3.4390589420247664
2.1985587775211903
4.213474016777721
3.8094995405675416
3.4317582696317075
4.000822016291193
1.2969943166531688
1.708921858118208
2.9959653160205657
2.831159264490155
1.9010493478979784
1.7737011761362416
2.322149904278323
1.8469369105184947
1.2136003013266232
3.8179291285078034
2.267038021755154
3.4087979141266955
0.2652914400740519
0.815937588785947
3.009197999891699
4.205822983246665
1.0300823549407814
3.3945063945116063
2.8834931900684313
1.4528318354283125
0.1883362253927513
1.8809212576449497
4.01307221469778
0.8232736251812032
3.0612766603964054
3.6630879930407727
2.759021354223403
2.4674649719307684
4.046381175186618
1.0931823542778758
0.44318343974855257
3.895694153303439
1.9527190540087922
4.272822264876431
2.891941313703278
1.7577443371924368
3.3686817874120996
2.16758209377765
2.220920048476041
2.1466350872026827
1.9795485457828468
2.7500998019639455
3.159432011597098
3.002223589551556
1.450155031114905
2.9040929135694347
2.053786721505408
4.090069488440728
3.7320032332452424
3.5206136008597038
3.0547947852770987
0.9842888553564726
3.545916143425063
1.3678388051299621
3.372609631785966
3.555913429512341
3.848466476050234
4.14902316304453
3.4388221723447603
2.7164257318453546
0.8320834448397754
3.8846493113932423
4.346595256498895
2.2835226727004727
1.766432010330078
3.2991967722195463
2.1149715099200708
3.1722192652199617
2.9930404236683614
2.68422763691145
1.1759082101546223
2.7593273819639235
1.6971889631072763
4.580047528669627
1.3210380291525095
1.127793880097299
0.5370886584824022
4.2212899504145485
4.072997458717227
4.177178916965837
4.590787696199285
2.700017851649844
4.336074977909186
4.390660263810896
3.743903250593877
3.966011474726061
3.4094646856088175
1.7616372539896552
2.7067440460873304
3.5275670901625613
2.9185373835229327
2.1000565206466013
1.3764580237334791
3.132496592031674
0.6639471056262783
2.1666356168320005
3.9469375025017515
2.5526119431070904
1.4634270235125308
2.9389584661678185
1.3077370555943135
1.9885110012630398
0.9790317927378844
1.7624211460356614
2.229161632586986
1.568595094059101
1.3560787849483256
1.8332499387014138
1.0668376763229483
0.90315824989517
2.3780100618824225
