3.551956300384905
4.144451082712617
4.341498804982695
4.058182276356238
2.381347093641892
2.2280919969170663
3.977599178873996
2.689069015290441
2.905278752002853
2.0726221464517485
1.9276033732765723
4.716705302455688
0.8247249767009064
3.178480506437448
2.424618897447285
1.6703480980404688
3.6575619144778972
3.425220833130621
3.187322286421513
1.545967980733814
2.317750313811662
0.6051566566610096
4.237045370419
4.246940420292546
2.202787857558245
3.1288906869403696
2.0308876842995396
2.927776205820572
0.9413403573021305
3.5138475849332265
2.310057186297052
3.4085220593616716
1.9259499431223148
3.8324432975052996
2.9608714369008924
0.36081161822458235
0.5544675714132414
2.1957354926663717
3.4396097262787713
1.0670880974225307
2.7132288619517606
3.521233520298309
3.5381977344112365
0.6770867030365488
1.9145465529104424
0.8289922346673921
0.4651105731766035
1.0795387552420372
4.057055968322252
1.9411326272545995
0.58534752796293
2.6718523513437837
0.6514899642071948
0.4968206203919655
2.1185944162236803
0.09978394067652703
3.5788936010126595
1.1611921551755577
2.6168703878769626
1.823355539240853
4.800935665405012
0.0929859899974193
3.2985627616488573
0.98711549235754
2.7705185192354627
0.6855337493068377
0.0
3.141557669907979
0.0
2.460245719588599
2.746529776671582
3.833931290730637
0.9973780413048025
2.9102192111495455
1.7282949409691737
0.0
0.5432634027802798
0.0
3.3694864184541857
2.9148185496804557
0.005434774017516127
0.818557372261902
1.2009852119835311
1.177828679652863
1.2264912541896136
2.1588616813497956
3.2263519995674317
4.260825978420534
3.444976709545376
3.025656622689751
0.9100813156542829
3.562755549871727
1.1968693496534892
3.6632962697589364
1.6248459200484993
1.3150533362825285
3.0858734054769528
3.3508224300921414
2.6692278619057968
2.280534491243443
0.0
1.0211256223498326
2.894315861970301
2.725152809160634
2.497296934131692
2.1589008608505607
0.0
2.1584784354186937
1.388260561417522
2.6388373781480543
2.179886075211748
3.2329202764966647
3.267794977027929
2.858850995203703
0.16700467597070523
0.0
3.5954317457918936
0.7591670265768184
0.0
0.6318375115494579
1.512792790485482
0.3496361702804866
1.2239148607269046
0.7345337156111369
0.28818396613106867
4.781786221093755
1.1578887192797334
2.8960953464762635
4.670259174402451
3.995246095036466
3.768087505373863
2.862095216813477
3.2273258614535494
3.38118724607797
2.7506415315852193
3.849898117210917
4.703873212427237
2.7057374195520705
1.5403732418540912
4.071214454684532
4.748603145058225
3.864079629115509
2.666319203456813
3.304302550725835
1.945324713768183
1.9476222587274101
3.3786536291716827
3.4828408074892048
2.075329942654865
0.6083978350323008
2.757069672796561
2.6064632660659646
3.6571841681028348
3.2763398825606407
2.911814391248828
3.513212387736293
0.5091026341935997
0.9955410794110524
3.6955620547256274
1.0452621533064297
4.746219225717865
3.1504542745459867
1.2104007667706949
3.270992245459936
3.5718506306457636
3.4039550124089493
3.2833245196498115
3.7006608394019844
3.9579215646613317
2.719145841647513
2.5356367735398284
0.983804777438789
3.5436782012753474
3.4234346200835146
3.130493692853785
3.3681578266593917
3.412217679111837
3.521937741107667
0.5024446603856809
0.4725525989546751
0.3781081357114052
2.4647265666771965
2.9398883972792094
1.1647251985455433
2.3496419746264823
0.0
0.14358506600368226
0.8340856817329699
1.4737366539121246
0.330624887427643
3.121516744736898
3.2765279272497634
2.7759861592886224
3.0191285809123536
2.9094089563110908
3.258326469540698
2.575964058216095
0.5956363378357443
0.039507937967723616
2.334277031350102
0.7021094225594879
0.9553501446682661
1.5462295182355619
0.3783988988791668
0.32820196916824085
1.2965564807474323
3.4288420953384096
0.055964526602211406
2.8677311330894386
1.2935244907340235
0.5245049383554433
1.3105538774279297
0.756006864947956
1.728644093260987
2.5078498082375047
1.4368761820179519
1.8732059787416389
2.3401874601067654
2.974424599847877
1.2208351532828239
0.5851070561280839
0.0
0.4079895662591173
2.1559568308778534
0.0
0.13619885721531624
2.482722276899998
2.073800012174212
0.0
0.7509857745962212
0.0
0.0
2.8145479183139215
2.2322013101026714
1.8859670051003734
2.0824199114347572
0.0
0.06016169184928788
0.10705191357869637
0.0
1.7972907785704781
0.0
0.11739049930543444
0.0646061861785926
2.822392382765943
0.2840383882085403
2.3665971535945625
1.9504351920647656
0.3047420963539293
0.23186106730656636
2.806544653657269
3.9724023160412765
2.2880789676657454
3.74376008632386
1.630781749631197
3.513659004756171
1.7890951620078108
3.4253526886302876
2.6522933993211555
0.25616063108448983
4.254227479728334
2.8279186184017577
2.708520575415743
4.343860702896005
2.9516401573151825
2.3204659027871193
1.8435538335612245
3.5362146228267575
2.0427434735109227
4.263094795952149
3.4512762891377435
1.6874299166196027
0.9192353587045216
3.741881348667326
4.285021995094494
4.499387216893561
0.6526194889951934
0.19703280543499158
3.8616411659551155
2.168871640435988
1.0965825324826768
2.200206296127732
3.203770500189543
3.018802055517571
2.8959376346979893
3.911714627975598
2.390921899694473
2.9210670640925276
4.039942651483967
1.5529714974925484
3.877774192406389
1.1972950533966755
2.658126066336882
4.113949280112115
0.36452833012082386
1.0928220910290714
1.7829228541646502
3.50876490772488
3.457782282620997
3.321515409350524
4.858701339307533
2.658043398177532
3.072679720379612
4.18354872832229
0.8287317731052443
2.6903132659398166
3.673639246971577
2.522132048476428
3.7843499751329026
2.582048449300387
2.8404619164638056
0.97398254309556
2.861154612716433
3.0475044584509847
2.699776227753067
3.860129357209165
3.232401398412421
3.997514372755503
0.10474648024841968
0.29476117976754196
3.94139622287923
2.13151006720293
3.7095146489479474
2.2256312390623014
3.4708008090228266
0.7019302032782428
3.27914561618943
3.205420470301368
3.2027456091135096
3.430382796651013
4.236239650012815
3.2288166781271976
4.029503064445446
3.8678203681751486
2.9488814696114165
1.260295454753527
3.6857142216939
3.545933539798573
1.3298563449875778
1.3178012110591493
3.2562916312843555
4.274766317746435
3.995512071407185
1.1925054224113971
1.9702820136003436
1.6070793893325732
3.0565063217162374
1.507253858261208
2.273772014167171
0.5833153277261354
2.645990000363165
3.4117615149997893
2.4459236742294412
3.667431321068946
2.725514612281077
0.2856095039537838
1.0590381381106022
4.09648152161469
0.4017816248055247
2.916690922095772
3.954112053328726
3.5903989830239196
2.694609497262431
3.5558605313418874
3.7605019005024296
0.7241018054922366
2.553781782464202
2.5843983375518347
3.3443548346021164
4.288488815112963
3.107668787637768
4.138916484690673
0.7063649759252973
2.8170421946460964
2.024839767704117
3.723832533895433
2.219011895049615
0.4167100259018123
2.739403727457911
2.3047383031857285
3.5094695461211804
3.332562436586551
2.9680741664978445
1.4384158938969298
2.7540457137577397
2.902036176820805
4.187736774278789
1.6314576102903637
3.007865049549821
1.5790822540430325
3.6605002493216436
1.888716914165022
0.6570404406508118
1.805377254706297
3.1128174201928096
0.6556444429230954
1.178919415148992
4.6730445174536435
2.5711912831296573
2.2740306073841468
1.903188848373519
0.9932190653755996
2.1033642504456047
2.5069435540675844
3.691977978667991
3.3400441381983517
0.8784365491814898
2.517056210154636
3.120866103140118
2.258480765331976
2.94981755983213
4.02544046098975
2.4312651804051617
4.095164449586367
0.41811275587848884
1.8383804161217487
0.27625258896425375
4.261161620848462
2.8406055865178375
3.4100713088478907
3.7193540751109664
1.4155335861768097
4.02777636848205
1.4229153683237556
3.072099032535955
1.614629207109692
0.24934398483458964
4.6406371695535205
2.8286752949399414
2.1490888653773244
1.220205640375453
4.325743514282479
0.5798394181170107
2.895406950759841
1.2685996009354477
3.2511844291319005
2.3208432256162372
4.542751610285979
2.9679208588872976
3.4006485591483737
3.0007898931704906
3.046357588735189
0.06285275068159632
2.3059101428452617
2.3627539972636993
0.21900569712244083
1.926316645636101
2.6034537870145193
0.7017883154823921
1.668615150350671
3.3900598809919282
3.801187928735368
1.0358802373679163
0.18718406351805503
4.259378508154444
2.2987144183129953
2.002366859280316
3.633766607443204
0.48177325998011167
3.18457542995416
1.36261714991269
0.9343405362670048
0.24908777786954028
2.616093706362917
3.364102319432013
3.0226711536514337
2.1782465961081092
3.9034197017980525
3.931134274369016
0.9791455052228475
2.6141822573487006
1.9175945973722215
2.6980907527586657
4.094813785929745
2.0976444264887357
2.863914994343047
0.9962751348742396
1.010840525159264
3.51029087481461
0.843169480875327
3.0327889231855725
2.838205580370282
2.4715869841843348
0.14761887617909294
3.570643917080535
1.5956976436120032
2.621010493232925
3.6580148751808834
3.17265702478719
4.326158552008778
3.4335555274101983
3.7069509463902706
3.048654105808143
2.974102472375603
2.062047424675982
3.258325621430503
0.59110494602629
2.6990258921498613
1.5935347233088948
4.137335445264748
2.7383854368147027
3.235263148633365
1.480836934446061
3.337514798693281
1.9231549239030872
3.912288578978142
2.5050603366717206
2.1223577416706325
3.0585148861353173
0.10084070874778295
1.321965084335942
3.0622710224817817
3.0555134796764483
1.0075942674272982
2.973539732281346
1.1992636243636599
1.7798419719931795
2.7026568195022995
1.6227850607048984
2.886926628497095
0.9347259866302735
2.9222634179824256
3.9445988594690995
1.9062143308848039
2.1294764543826066
2.5133639540419517
2.7104841369829256
0.9024639484429308
2.7576317607457907
1.6341342625590536
0.864166697140179
1.0078592780403013
1.4848425447460898
1.854494459112967
1.0573092368887944
0.6358068707075912
2.3824716265753385
2.346150899820585
1.0366679801863812
2.5945094232768424
3.4688614042762795
2.0232050770261045
3.3549590072620257
4.200385102753398
3.682122481621265
4.134343782560041
0.5012315023825785
2.2682519815840756
2.8805505908342166
3.743102094238799
3.0080036005980473
2.691239574426861
3.004098237715588
2.8752527071616125
2.051630771691507
3.2370939770141023
3.116747528680276
1.9363290360063732
4.137249943600884
2.4214419433126126
4.064118920863504
1.7957025211003423
1.9315560788943928
1.4863950315596206
2.048555211650963
2.0742731169938953
4.06239913918855
3.7405977587899386
0.9481537876677578
2.781786245899915
2.884364980606471
2.36160698649908
1.0362841309944897
3.2095605166146948
3.758700512457145
3.3392164090595484
3.9554874742891424
2.89310978576027
3.004412426879232
1.8226427539079222
1.9688492683455014
3.441246467821424
1.7803140276362457
2.4783361134960002
1.6792487985538374
2.987933117054955
1.2726751892590742
4.202786703277121
1.2424708377674292
1.4706680230873908
2.208387231759122
2.851068133323013
3.346374929215581
2.3132306722198015
1.5237484537152495
3.3480353977900257
4.038733675093324
0.4913057327569239
2.613430644465911
4.187495229777356
3.3493938220628863
1.1569467280836314
3.56191158760151
2.6243256433461406
2.1717293921314003
2.7367987732186005
1.90510071145283
1.650588129338916
3.8805699329309524
3.932389510231186
4.30599123071464
3.2062905476721024
2.566537282567772
2.4918403970656664
3.578987729541121
3.0743464080791405
2.6153936520333545
0.9646467016675221
2.7261381194468433
3.5859048115644345
1.6723673536970383
2.953805811083914
1.1987708846356382
4.2809188929996935
2.299748987442398
3.5792274454226227
2.392982952338154
1.3924843294175002
2.6872612102828506
1.4108406808031029
3.3629341465129805
4.3367708309875495
3.8010382930878013
3.3142517423607134
2.3926962582210134
2.7510335457971538
3.0563296525426473
2.4628157522215997
3.271879627949284
3.1141983792667176
2.1478461331124494
2.8553441195741867
2.8699018867241852
1.959087658845942
3.5990250484317077
4.04352282226085
3.929234624228657
3.590370996366085
3.8765780251408364
2.479188978475936
2.033772987642984
4.063929975608163
2.1337115819165273
1.8268343733820565
2.0157566809196124
3.49658256482876
3.5278261599417835
2.945961115710671
2.9364167932823153
1.3758352932801379
1.7177721928614311
2.5360050849323676
2.2412064707692974
2.7109511848249874
4.369183425693414
1.7793527885134326
3.4821585653084615
3.4339143938125716
3.9041702977416377
2.139617823200409
3.3953129089364005
3.7543070198980906
2.7582865258744715
4.382825083364816
3.6240690070512445
1.3381076994473844
2.5865172816972226
3.70758641483271
3.3317210112416227
1.6872374294861263
2.855991180000687
3.0428137898760097
2.6755781293173806
1.1791852793671884
1.8362294537500656
2.7714741285519437
1.2058327226178676
2.614877585861214
2.0623482075691566
3.7387728916647855
3.269237479690618
3.3037123421526946
4.320897884296734
2.8448886386063226
2.3759003512327053
2.616933140354688
2.9636488725968873
3.2682937186992356
1.1769551116362484
3.4963943375802025
1.8947762438245932
3.044480825078023
3.2443495562763296
4.239395179578079
3.5974138476529935
1.1947889399192344
2.6892831454379746
2.7007996813886765
3.5965289723395255
3.177989466259489
3.9338025630626325
1.6627472334711952
2.3044680180040564
2.6457543648659736
2.921260584900047
2.6753059953033325
3.271801346517252
3.6844660791174837
2.9263294919430196
3.8135399390491047
4.2367803192661055
2.6368607023693738
3.5392416575021723
2.169087769169356
3.573152549037409
2.5705002044335297
2.914074582062235
3.785563652611175
3.5988099618766025
3.058010737477348
2.471220433485093
1.9242097070497335
4.102235290310253
0.17207251091260983
4.121763989384872
3.6291398784547466
3.1215462380435017
4.2974997672903585
1.7798825588219571
3.601630419433166
4.536878328424022
2.2300636287062843
2.903824108102322
3.1248718926803125
3.6718231364431246
1.37221794280246
2.6475110623784506
2.0454121327131936
3.497266710301276
1.7878137017732858
2.879042515808165
1.3508549147178885
3.1879752146447977
2.8319860718772243
2.4366264767891477
3.1908274021839054
3.8298121780568395
2.460751551089233
3.1642044312401194
3.572809445017497
3.9094281647620415
2.7598884351283766
2.6258634905690754
3.499850490725087
3.814729706860338
3.296801246518295
3.2309915936071807
2.930956519471177
3.565596519342696
1.1045848620827399
2.142401408084447
2.9400335126993538
3.1721270405465294
4.164288318945331
4.3209595931033835
3.058631973016799
2.698424219073364
2.7404912950240714
3.5009450007084366
3.2394575125076024
3.5941663305393483
2.761589965201404
3.6988305779013433
3.952850247335471
1.815324847086476
2.1703314759763965
2.028330737404965
4.240601628472865
3.731312361467171
3.801857324495473
3.3216278690916172
3.9379456433341122
2.6313642570007296
2.1699102707494844
3.6856740273962534
2.6384066558270636
2.3354782933052176
3.7359178307728715
2.909986316187678
1.9628246009213495
3.0989562423501074
2.3903057704303903
1.924350262794325
2.486825520168555
3.559433501340391
2.569601182449982
3.048893357011912
2.996245082298594
3.4954404983091143
3.0483904581473555
2.3748628508453
2.5272669548338644
1.1936396889648706
1.0879938237435913
1.233189032556658
1.3736200733973947
1.8638067465745807
3.014371734024314
2.81135853697936
2.193686049206857
2.004543174704784
4.069691995536128
2.3642478155924582
2.447610220642087
2.8325081101919625
3.7310274578221225
2.5062846712063345
1.346265144592418
2.503579204935236
3.7781882408486585
3.689822833766966
1.6976985311577737
3.214498601440719
2.175135118311272
3.5229977821326655
3.3195015479267003
4.14419463579337
2.4660926160678787
2.924648523121239
2.4545711719501835
3.3652670965117912
4.001050628313507
1.153126221570857
2.216024894517309
3.896599788246045
2.7494319405238463
3.6309943689914164
2.524846800099988
2.0870664944307737
3.796823405034774
3.347090161326586
2.7310857692512496
3.9334693127991263
3.9338948132015226
3.6324511063325255
2.349910009429804
2.7179279458134715
1.862299615496852
3.687590298766069
3.246459709359668
1.4012369914185991
4.381663013556304
3.389196682385474
1.616213439107879
2.2656079281964834
3.133649049253913
3.4455086083190083
2.112928889538133
2.5698428640180446
1.577111848450024
3.294490793454775
2.784643126956761
2.7553981491084674
3.1114842193649066
1.367565403124129
3.6991402840233523
2.276382951915156
3.478047412249283
1.6494920954073695
1.549987813404195
3.796762992052977
3.5395945374086595
2.6085933948372606
3.48911081954917
1.9757535159317883
3.25473480165346
2.5908080040331196
3.3288519376523364
3.0425619788746827
2.4290043696496397
4.549841676581726
3.572729667927125
1.4678333170681137
3.6895219754887485
3.5598260217197195
3.841994820360143
2.991046608522729
2.4018856692434842
2.359498128455718
2.6631280305783895
3.520994514767951
4.263580646469432
2.8952351070764424
3.6889573580236696
4.34321693371732
2.5530712694222695
2.671239667555477
3.2241498899340915
2.7394933530239713
2.2779028795878675
2.305059226308236
2.762335434680408
2.2276032639522425
2.157189752572046
3.6572790769143326
3.9799019133928057
2.977167811502772
3.092545514672434
3.4096691622212933
3.8644242626517884
3.2635093029900997
2.9727545542822287
3.895530960203633
3.1010193895993945
3.750715127068695
2.6289299594233424
3.581060577740376
2.552645877509157
4.052691083183624
2.7970347690490702
3.4284613719317
3.3916164276085983
4.223654494113516
3.28548340619885
1.9914073943555053
3.2378083575563594
2.998371955850611
2.8037962300560153
3.1550517494143677
3.2516134692185537
4.237468565317855
2.106689881942865
3.1297202601040226
3.374150506432664
1.4259086205144267
3.7312951778172474
3.384593981860223
4.104913749910703
3.256267973374802
3.8646277725255107
3.5427461232531545
3.6208649493917036
3.7566310270742207
3.3483618441434944
2.2952854994373952
1.6486095851328946
2.452067278033587
1.514453361147819
4.059924463671225
2.7497858013086423
3.6071034396291743
2.976965901230205
3.6604241139464886
2.376149617898067
1.9070464791407886
3.313013285020349
3.4605184981521235
3.255547392264872
3.2134754189673354
2.8216874428661525
2.2882878560947417
2.767696638967405
3.1967047420723143
2.829349251077941
3.172691590693005
2.8424997237609877
2.7777290444961498
4.458725263688576
4.026808729680008
4.2744436253839115
2.369421550377221
3.6638038016115684
3.4430269275420544
1.9751128307381096
2.048864034876781
2.710561612278843
3.2424771551921348
2.8692534916967056
2.335822257282911
3.790744583904261
4.278496580118016
2.6277021803677005
2.708269041147293
3.14860181215497
1.3822405761601093
2.647321949494344
1.6966888947766368
3.668330590463906
3.2279737032094475
3.0683202223612565
3.196133521863197
3.793133379586264
2.3672281011426053
2.4543247187102475
2.8238642627547828
2.2345458594359227
3.6111179130123996
2.3653661178559293
2.087546471543165
3.13084881405032
3.4685317109029614
2.7857900028566362
4.110980675884955
2.8932300726795876
3.0446818753464506
2.622038705151647
3.3102428463535385
3.018493063738376
4.5252581470325355
3.3909340145856643
2.983734002861003
2.8754822387191257
2.8315767696297938
2.606816047288149
3.151312375028133
2.7471234288313995
3.0429857976804007
2.819560220851026
3.4067113769818764
1.5605651475758542
3.8454085282334614
4.393600382284552
3.7470847081439227
2.3275368026517578
4.11356081235713
3.0699619842668575
3.299701544959202
2.71642843991137
3.876961419366112
4.61755797055423
3.6101190184752343
1.9905342998602584
2.1414282640636193
3.9909244809830353
2.848769712000081
2.419599802706229
3.95220067860812
3.584545995753918
3.860597720672984
2.863365475975595
3.451447693677844
3.584510473678259
3.6974772388396158
2.5779221340469336
2.7916251430849908
3.59936219125086
3.5072655224050013
3.2074716665665663
3.997788102398903
3.586754997863925
2.7651320139116007
3.1363576924468433
2.3957682066180985
2.6256854083404155
2.9666688833114003
2.9127273784897802
3.4333267919270307
2.1862973601228908
2.4720041415543554
2.951300624971107
4.434235126612543
2.344731204060391
1.6315178072559284
1.1737791342568673
2.78344975979868
3.280922277740938
3.624323120066367
3.631164819844328
3.251765263927183
2.4857859623929555
3.762502090880173
3.730077716144307
2.26353392619922
1.413964632465781
1.739439348783636
3.5292192572685854
2.470673034435464
3.708072263821263
1.8793177115308652
3.2421477899393034
2.6446502591535497
3.896640030093634
3.6850177441566037
3.5698849236584964
3.4401973310106566
3.048002935444935
3.1598689667807704
2.2067654270474195
3.2708071035441977
2.664881368220999
2.65764782964144
2.894181471456947
3.104561169261612
3.476632622988773
3.392792423955526
2.1321365288897525
3.2020568316642626
1.866715311847498
2.527346110911061
3.307203083802923
1.1234905535222957
4.161266224602791
4.147803072389827
3.63711953476884
3.5069877993735425
3.1860751622263415
3.2679349744517543
3.8509346333480874
2.9545714425757077
2.5838953215555582
2.6827690782273246
0.7884130211926605
3.9105499248611357
2.5319295960624255
2.4750329999611216
3.890229660886332
2.4757717592695294
4.109344778724283
3.9907495819816194
2.608303782227505
1.2107649278431765
3.0240176363255764
3.5391991107238074
0.48743653942749665
2.2630482924712694
2.2882794211432476
1.4348092420048073
3.6425067974176177
1.5471868866215919
3.8476169007501877
2.2325392545132643
1.5421972630496867
2.303451148541232
3.3738594691694503
3.192614972904999
2.2342994847604536
0.9061764116675379
3.4129510415718713
3.5872249616960223
3.804532650492002
1.2573475978588269
0.0
4.369610994981129
3.914122755118293
4.145801573551987
3.4969735751303768
2.0965731409538044
0.0040070227117
1.7299715972475416
2.306406370631266
4.450066240019789
3.4936432809713134
2.6592885051043256
2.6761798314702148
3.366440301081062
0.8120232058697986
2.0835395003516526
2.1257384521708347
4.267590879967454
1.084255065196219
1.4328441632281685
3.418421226432416
2.4286937997506723
4.141485797552237
0.8356668648049729
0.3883273003743709
4.172560213177928
1.5687696340611321
4.057882359113199
0.47479191196155895
2.612830889833007
2.674003331405875
3.302528421673087
2.768170137218143
0.6705942392019929
3.0985139788440765
4.072065791940533
3.0857600309878648
3.2443580137870978
2.661326267377211
2.982223032569212
2.291408529840872
3.100270043692533
1.4836329735799458
0.9324493712711728
4.0533472700574915
4.0348380799972
3.247324341485414
2.842453575505013
3.415860546762083
1.5061274601517791
1.4830086178490383
2.779758741671046
4.212549319250769
3.6533156807663443
2.1059139163020775
3.6288061649856242
2.5920753553188467
2.5528603815108637
2.679046559300141
1.7382395897790164
2.1159929776571755
4.5481980777265
2.9938039951881166
4.1235877053648435
3.277080624962817
2.3923118816998725
2.114238742437234
2.3597303354217534
1.1145124597650262
1.6643795053490513
2.0692501931060145
3.9225587161034876
1.8921181165441623
2.7336456541518577
2.3646877830846305
2.5433010057652483
2.6774848515701994
3.6501983199986645
2.2730932251550953
4.247964338481202
1.6993974571678256
2.8156964841752457
3.277384695151465
3.461726452133095
2.892485524185117
3.25768099820715
1.826360348284787
1.5065270479668262
2.8408666867014274
1.9267348401676536
3.3889908419775385
3.7489913411452904
2.459316529390309
0.20180337263558817
3.9243725950754285
3.4233377303575194
0.730782079203532
0.49673489521726216
4.110029660232417
3.363924823014499
3.7149867077764034
4.308699555393236
3.6166870221119396
0.677454846249665
3.6245188059414213
2.400979758283201
3.4931582359399362
2.372914922419352
5.0
1.3969766989134065
2.1689025677126956
3.4086412026044033
1.831054700458684
4.02989957191715
3.6633842509034706
3.7044672957015696
3.599772709647945
1.7391640532309869
1.8246236663814557
3.377259064227286
3.015611614850965
1.836767848814778
1.8204419332111594
1.9276185801124015
1.3306845493854291
1.1006169457145818
4.007549114271466
1.7078556577257529
3.449405727815249
0.09059418386131335
0.8669411456813368
3.1786739554443355
4.168546586830809
0.9473042959095663
3.2465626840934796
2.860893851857103
2.2186691313969256
0.10029756605502317
2.185620852556669
3.845936901723098
1.0028839523224657
3.168029643026646
3.420416921057548
2.55604416020598
2.2379460813778373
3.833081425287343
1.0366507288115847
0.5940555499070708
3.9645661629679814
1.7681648634530753
4.21536055836332
2.4647157197275864
1.6665475444855855
3.0909070928303555
1.8172589554110221
1.9947332722810782
1.6799174277454092
1.7933027320771342
2.543148236186621
2.775939097252156
3.1873888890596636
1.1847577307583348
2.542758903068047
1.9757611032683746
3.9067013085225666
4.043643688320254
3.3138455265267877
2.9703901309161225
0.4681763320265613
3.7814242335495964
0.9229198768867765
3.320483491898231
3.5652313341887094
4.041297522928948
4.496337354485613
3.4543813647357116
2.5499423216707013
0.9723817786775881
3.7969571685593904
4.248477634104718
2.3686687988211417
1.747668911122265
3.4380693816055197
2.014377255850916
2.8815268997003267
3.0496654663363136
2.5013305446657994
1.043086607565354
2.6381109550589534
1.7070588295664089
4.593017641156248
1.4205899345131763
0.91424506021865
0.5223890788845347
4.073192934635215
3.7461779641716157
4.027655295575792
4.6841056035915
2.4602646186303976
4.351348379160402
4.616348593132621
3.868270627088672
3.8197685043582745
3.7035892801190116
1.5697309986344268
2.778482572945232
3.6952461896828592
2.9015834675044703
2.047464721910358
1.6051841680401093
2.9630655373179358
0.7538836011209162
2.1291943662108763
4.190407500013713
2.64996660423859
1.4509230872986598
2.7245367365400335
1.5368094478086234
1.3608470411467801
0.7866100428337794
1.4045976489079615
2.1452086389969756
1.4820852144152377
1.6632340967193089
1.8323655441009237
1.2876102298392316
0.8415210040167481
2.065574063931469
