3.562718542562454
4.28751157188419
4.595417698021089
3.8616666232381593
2.44222818911809
2.4505771952786275
4.142968434216849
3.056754934344677
3.173289698350048
2.316829425461239
2.2413679305596927
4.810458936265427
1.190307738395035
3.0147599453952187
2.8985940276967113
2.0214322016218005
3.685447518986808
3.6215182721097543
3.1385692733384247
1.3776862420032534
2.4132121396816024
0.9803626585337492
4.412479522322293
3.939039939082473
2.358473039988508
3.381834327764517
2.165261053320249
3.580654117576897
1.0613609053105835
3.746818647143966
2.669418156562957
3.4636667338385947
1.930844851777702
3.8186368018745993
3.157791571168693
0.5823121125158536
0.9210478444255198
2.3648569241145165
3.6777714252920912
1.2563284610552419
2.9186997228334595
3.8617235315069913
3.85265323689114
1.004998625721287
2.183463791703914
1.008649520702663
0.8030717626797702
1.5101365511982774
4.1142207306551555
2.2806212812793976
1.1289526250269564
3.051750728926391
0.8973113938539409
0.7274034630822144
2.2146895241660416
0.24489372699495995
3.7569381523961547
1.3014413611227131
2.4837056509771718
1.9884118617295692
5.073135881003528
0.3019434447079531
3.0197657790606
1.1669612208358604
3.149655555076231
0.9845350549690423
0.08530365437924595
3.2631850304064103
-0.036300795316966145
2.772951391791222
2.8642748898238852
3.9067014250298997
1.0065560177872444
2.8259082835407656
1.932128986299657
-0.018843887877779325
0.7645140938059493
-0.016258584697757955
3.5604776150008113
3.090286006791892
0.13745124839663872
1.2725099235117971
1.2411387313761764
1.3872876070592195
1.4090267082849397
2.4676604724298903
3.201565097322052
3.687229551773075
3.5785501777644666
2.8176318408565906
1.056179206597365
4.129368551856961
1.4050645154240295
3.89227254071337
1.359852539620951
1.5744412749793433
3.0165385469421917
3.398765130004844
2.887960917179389
2.1749162319262623
0.04815845658947451
1.357943061998745
3.202128387411789
2.786623372199072
2.187594070015282
2.1109926357111193
-0.029387544929671966
2.399701322284289
1.7372480411372566
2.629513599549028
2.5445039363776316
2.8883863784746375
3.3322867619678584
3.183962319512614
0.16395556949175463
0.046625134876847524
3.643565380988361
0.6789067063633739
-0.025651602649944566
0.9415741287043209
1.7800487571226717
0.48287385199384814
1.4557080763473618
1.0915951285140026
0.23939717550639208
4.903858834924906
1.298882077941971
3.363657517910426
4.896914747099116
4.044453873144968
3.9237808690073117
3.1928141403824646
3.570143838156775
3.4762426127650534
3.0769753601232024
4.0964333601325595
4.836695822112995
3.0619196700743854
1.9669764929780478
4.383296144473663
4.833789490688287
4.1031315161008175
2.8501052155937043
3.597659105833613
2.053260566672513
2.322231380202107
3.603676941623028
3.336804090191744
2.413272346138687
0.7814349887518216
3.4354441067865893
2.827268682427641
3.889843591688675
3.649627157053307
3.1194901524280545
3.4405386956449777
0.7714483173203442
1.2927308821757753
3.8497247725428747
1.1577105948988837
4.8662284630206765
3.4683597202602034
1.371476923522857
3.7278241331247792
3.9246916601348545
3.784032113212368
2.679161810851947
3.720382685046616
3.6129325685876386
2.7962917779210037
3.0208336136193816
1.0099411100488234
3.131382342055837
3.6852028424826573
3.4422494741559504
3.3276093444657824
3.3542603171325567
3.5044144446289196
0.7232675634386371
0.22305391599257365
0.3274445014849946
2.825937091463412
2.7493747823861794
1.2475965330273173
2.4689881414764283
0.05124247772293625
0.2270027477285347
1.0300588302167626
1.43027517986334
0.6153775391745723
3.2058131362008537
3.5065072062111797
2.56935739380515
3.2234483628124058
3.243403715628597
3.2149895642163124
2.686779638109305
0.9575875253916982
0.35022477608434166
2.631776029220937
0.9968731473217347
1.1413841861193914
1.0556627086510446
0.7023965078665833
0.32353572904138617
1.6640578381995064
3.759485237922577
0.1079965100827446
2.9669474955437423
1.460450423933905
0.8942840854623898
1.4079000546677365
0.9062989886815932
2.438339705741393
2.232841006951968
1.5470173403198817
2.138862258226184
2.6475226041633126
3.3999199929446
1.4232745305404233
0.734729815124258
0.1823998226456224
0.5831462680216336
2.3833382540717714
0.05300431410595011
0.07889286299461387
2.664725074616731
2.336686849084712
0.2211451382058273
0.88425507351115
-0.08334326024205149
0.3357999735565883
3.0505355492442363
2.3321047992762223
1.997125021239278
2.3651565562212817
0.10517278660958543
0.6184293467504328
0.18062884169626084
-0.042667801389971366
1.7170106828235674
-0.16237643097192875
0.04672938931118767
0.19130133610627334
2.898437133792507
0.48736279040422203
2.7651181682179002
1.9872746037338098
0.39773360493049636
0.1442149244659531
3.019558885993152
4.120125345505754
2.4093681640898903
3.6470045921623186
1.6080702624099203
3.8644277016207518
1.966835398903246
3.5307716952406234
2.6171884230973386
0.2641907347099245
4.488906854815614
2.775455357907312
2.866708255976953
4.556576247851158
3.2116904345826525
2.2594418085861645
1.7789811388220618
3.5534958062937894
1.9872664773653945
4.419043094416441
3.117097339628081
1.7900545880292191
0.6726795418368571
3.8782222584998256
4.4773346450599885
4.7848719456540945
0.9028917729546783
0.3327293639730645
4.006438754034662
2.2200632325873464
1.110618936739706
2.072374191568282
3.058913688600422
3.2341143408017357
2.94951074286393
3.931446043700269
2.6595527564807706
3.2408095511829416
4.072672592043821
1.875955032799397
3.76247398234502
1.2717037172208676
2.7598835390351524
4.417809064674861
0.245410813576335
1.4257393321301264
1.9913939591475487
3.6950053005982357
2.9371022244352987
3.5887716423998657
5.008121125377617
2.908170607915838
3.462880235928377
4.398341628089456
0.7955458073735487
3.128770936424497
3.687040854514815
2.8152176157739044
3.8974629397028244
2.4882222422429208
2.8824000064584205
1.2266767330345454
3.2037322082568593
3.210366726118507
2.874152545507869
3.9829425505232727
3.2793412429412108
3.798698526226968
0.21175376634536383
0.26879878183644335
3.8442088003836625
2.313613894056787
3.9556721587398402
2.3195452296208536
3.7598010773127912
0.850380190112416
3.6142722872697037
3.070088782441973
3.064298424390189
3.3374597897839924
4.595903451720864
3.583871462387399
4.343114530148147
3.7472063811223535
2.895209330782028
1.6094224562054524
4.037116872219378
3.7757852386427437
1.2550612147618296
1.4247645035308576
3.4594998451133727
4.603357196879106
4.30092722770552
1.3147747434700077
1.9303795733003748
1.4323240972723785
3.206018803884156
1.3516576133022653
1.8200190118738144
0.7823238960411295
2.6305568924681424
3.785349611247786
2.7139775729928486
3.7697493519770835
2.9742830476042905
0.5982182173080607
1.237959744379322
3.9073913342567894
0.6101524152800557
2.5580382487274824
4.2486978935315705
3.8190697205237583
2.693881219237955
3.435092353946114
3.9336976527026035
0.799260358932395
2.9259177418513365
2.9534517295673695
3.5121369429369436
4.480131447074084
3.0692473702778686
4.3239866303109835
0.8896285629198507
2.9786078549822377
2.034153661656142
3.5007267223648415
2.6270383256986536
0.621259841672433
3.020779094695971
2.381420877946463
3.819970470035669
3.6675322864066424
3.006334548622118
1.7878777233597911
3.1976632348833753
2.9474282107693406
4.26070275233077
1.8488086513880324
3.1264587268642616
1.6451275344522625
3.5985028838751414
1.893844055967102
0.8511972900450477
1.9308777301760047
3.3292055166363173
0.9071777175184393
1.414681130490364
4.922235238469726
2.875480827147176
2.2808927522352493
2.090876901372763
1.3553304964120865
2.041421540394226
2.6970158982622836
3.9130287309670395
3.6420243328226016
0.6231173254565497
2.7445334853876737
3.2225083660835847
2.489070711929417
3.1608259244471637
4.356265341311956
2.6601361272520436
4.23625885204628
0.5561052172718568
2.0759494748185774
0.2866322107806193
4.232737798270101
3.255339735924226
3.593836163067515
3.438816442710626
1.64935160689991
4.139102797425639
1.8063808373698653
3.1781720239844327
1.6335304469864211
0.36646667258183163
4.892685766743021
2.8115397379523506
2.3058490039840747
0.7877274150141014
4.701850514733323
0.8312909835050625
2.9568382487302642
1.5061130773482565
3.290320178270686
2.5094890252171678
4.760988929273599
3.075872100336292
3.6936233158581024
3.316384703306791
3.231723510258246
0.15206701815705906
2.4719161124248994
2.6956927528243355
0.4344543967602542
2.195116185745807
2.9079573757530093
0.9021253916572897
1.8850262605123156
3.624074814265928
3.9132078190068476
1.1581299490518424
0.4016054424382317
4.435998888615565
2.4343281067458276
1.875714003086348
3.901075563162546
0.7202870885286691
3.4599568057447376
1.5250457735856813
0.9626589598682683
0.50412833401487
2.7868387329480995
3.664282369777624
3.5902317328082893
2.394541137048202
4.133715296879615
3.9187541588394943
1.2590537449141985
2.7203030193359994
2.034765409283818
2.892096753026735
4.279457112606227
2.419313165183378
2.797831579833954
1.1867987507032312
1.0083686360973594
3.73906539565414
1.0944778736087042
3.108959308460121
3.096447345379323
2.7921487048057725
0.14257805419045858
3.716683807251448
1.8947317655018645
2.719580173088318
3.7883623584174244
3.178592900768655
4.7037739623255534
3.726451723718975
3.8361024657735565
3.270844560136918
3.2279634101577543
2.23887802013003
3.5726164993510428
0.8273581361780161
2.5498779318321576
1.6809713681405782
4.1335470078404315
3.2391700671464347
3.4204124198044927
1.549433478880862
3.6200296894199937
2.107400067302689
3.883227715225649
2.4745283654560066
2.387222497605095
3.1960009708864123
0.35653497623186226
1.4636891024250183
2.8645078013595446
3.3259199493652605
1.3050937014013968
3.1776619010053717
1.4127589837858816
2.04458958671464
2.4621605904890163
1.7520396621899168
3.2851855701879376
0.9776069510117656
3.1214489713176206
4.092093016784077
2.1524835097435218
2.178657522521593
2.754028111673275
2.888326091174207
1.0970925256437267
3.3197399484670043
1.7781134194588708
1.3005564562283505
1.4423470864775403
1.431155910787358
2.1657655272327623
1.2176195723591037
0.4954100705419878
2.6054090895470403
2.855199566670674
1.1121492761644474
2.8620742094492173
3.872016303094226
2.003610482067854
3.560831549806828
4.138156016016538
3.857227371496686
4.13165767483493
0.7741003091897963
2.6816961964592645
3.006097961210265
3.644624545788171
3.2926990139077845
3.1132014603519225
2.7066868162441664
3.310360708985537
2.0637575013715446
3.606530996306096
3.3402758918466477
2.2058804098395703
3.8992533310788318
2.7314404521937914
4.111432911235017
1.7546457167763043
2.4700418362230603
1.7494691661270356
2.3482303430077422
2.2250828012120984
4.0588861829613965
3.891235556293824
1.0609954168472209
3.1912533179139477
2.63374527358394
2.307691729437233
0.8203236967553059
3.3393103712121763
3.6475101091822815
3.4873937610545105
4.161088319445321
3.15351555810668
3.2627458948785573
2.1009102956116723
2.31532610548662
3.2410746652738003
1.9144844587560046
2.389669688131139
2.288887913174244
3.065005228481341
1.6733940673159353
4.4071455240257675
1.6088065719437075
2.0398186145734862
2.3797942558982
3.2348489472100805
3.691701610825644
2.358787758413586
1.5289410416096456
3.8020775416494055
4.2517534268835115
0.5963277382709212
2.9222435025952693
4.62280004041429
3.5085749012075063
1.385862030175612
3.5371572252930874
2.987747485697074
2.236472966998424
2.9822108945708776
2.8961660980946125
1.8963097027260034
4.12482977504526
4.125017971608518
4.597249953999754
3.3782823156650355
2.4757038244632077
2.3527136279275633
3.8063415500261937
3.616980486248823
2.957871162285739
1.060905602398622
2.8690078245237856
4.034746185311559
1.8780409650959784
3.1296964922395403
0.7992434107500058
4.530309448751137
2.595558004967472
3.8305748846998466
2.6020038629623126
1.4229538804154651
3.1169994761256556
1.6555006584065355
3.443757601586689
4.558389115977466
4.090571174511271
3.64982098841303
2.697858792186316
2.9872260173568717
3.180544244061397
3.1394154169923776
3.4577522111121684
3.5094852423490273
2.2456085565309
3.0239649973223464
3.0272029706143733
1.8861618988758326
3.494039467172743
4.308651743348841
4.067619719971737
3.7426747445576374
4.186799432333844
2.3383499119958393
2.534061344743209
4.220910048688805
2.2678341161131925
2.129678060225859
2.2390134640860997
3.801082110702649
3.7309579345061583
3.2352476095161364
2.8477595796300768
1.4874806678391208
1.9717435560256074
2.5810403527354238
2.193215820297009
2.9058753044675307
4.6673485116945574
1.617198859155133
3.8346642103610304
3.7281531907393437
4.111191517240274
2.162193154752152
3.5974275928686983
4.082185450232273
2.9824683894250525
4.733281322645622
3.8479101146599697
1.419488264405952
2.879437677594817
3.6047102848409773
3.4509767730362753
1.3363059971083957
3.209852475237768
3.091057134631399
2.7305172722535107
1.5875630870274828
1.8200311200421813
2.686207631054687
1.6334153722377986
2.9077765025435736
2.269979314062048
3.8537868517976555
3.3552371992081693
3.609972535606732
4.653536276226335
3.2885093171850097
2.7556867759175696
3.0836410355557184
3.0699749542962835
3.531887156557289
1.1990739325958495
3.663079166424888
2.0649511315898765
3.218097334423685
3.374468516080896
4.574868085707608
3.397409105357751
1.5142530722356722
3.0496287376610822
3.0252332868879837
3.773837814680387
3.2919101530323363
4.156844286125375
1.9833191083734578
2.726595126164374
3.1354109243172648
3.257078559655977
2.8591629787291453
3.5793705851264557
3.9559746164417087
3.289171136581582
3.9499123274748382
3.85759089830522
2.6897935782480737
3.4839104862775963
2.1946940845976877
4.002785027383998
2.877281137646506
3.0455277564011625
4.109932576469378
3.900950758538612
3.1372735352196304
2.61888520010732
2.1892191721518532
4.230154444520777
0.8564066403974916
4.188393593607896
3.80797136011332
3.3286213104057234
4.702220929715199
1.6772021380658524
3.537872051269568
4.69273579928484
2.4708283367160826
3.293913289871832
3.314185571035822
3.9059742956392047
1.288689679196746
2.883812708301987
2.270042831128666
3.714928317221628
1.874132234325586
2.9663120672388543
1.9056407402755207
3.590499365437429
2.79489537775969
2.214679365299138
3.3343670805357433
4.024394894358564
2.5512802148908666
3.3174597878459395
3.7414536421400872
3.9829840212291265
2.9824150138706798
2.8020346763407296
3.841309754315605
4.039345100894018
3.5654082830590497
3.264866590504112
2.965644363501395
3.3865598329912827
1.1533712019814613
2.647714714024184
3.2747667879081845
3.4192632772305354
4.582502423220179
4.299428421989859
3.3099297503881995
2.989079644221299
2.8838266038938065
3.545042701805932
3.4291367900273877
3.867481817492808
2.9260679286903053
3.95534380553902
4.099334482816544
2.1231884758458572
2.3547426789461032
2.0948853572857717
4.402484319455563
4.066209444908557
4.02632733146803
3.5754279341998205
4.276503672739051
2.5581867995018794
2.3393217903354833
4.0386159978522125
2.935768563850393
2.6797404355576173
3.81005397771277
3.233546941363717
2.303341374800446
3.225194880849506
2.8707577239163045
2.1979145050315694
2.6079137372876504
3.8577505069807394
3.0048698676292696
2.756350801672595
2.942718688206059
3.5874591777248237
3.325569239806494
2.876098332452065
2.9295031627162267
1.2302534935446159
1.5210126499446948
1.5655599045189486
1.8820173906856277
2.0861830591583854
3.4409986681235964
2.7027066233964407
2.4109219996737763
2.2521916119357233
3.8559664421378606
2.396828117813096
2.802302940781441
3.322612655326617
3.8237981620241284
2.6486530039843768
1.7719135421024665
3.015124286691501
3.8414609452003483
3.5619165423033583
2.138068058522463
3.429524284771125
2.3359938663315436
3.2040345063026936
3.0286538263389002
4.585419818875614
2.8227544362207437
3.112538758370907
2.6964613202036842
3.53593529863628
4.0375262054789
1.3917723585155424
2.6761446664027218
4.126762199148768
2.9487091395313967
3.6832700007565804
2.7452939698039973
2.4206531876887234
4.098643963557339
3.4985734319585844
2.6415190405399644
4.232689941244597
4.040717832102563
3.842745649349752
2.6151983795201086
3.1492022996726052
2.1780776171297385
3.8000117772730255
3.336239393535323
1.6326934421241703
4.722632160376797
3.481134110197344
1.779406491913235
2.5172799908254606
3.3056327110109205
3.613313374711544
2.6094539085528416
2.9921802150906864
1.5616383373397786
3.5754381972844453
2.9104460851035294
2.8837559858882544
3.3877982597223344
1.37585366027233
3.775378830350383
2.4825712273521163
3.631359962188531
1.6467260335910565
1.6625142721723711
4.0296502400370215
3.970375242988723
2.7375460134108107
3.7331577773328277
2.1431825399389566
3.6983618799516598
2.6431363287063525
3.620317527716871
3.3069197088299913
2.432997386642589
4.546293282672189
3.7131844776624474
1.6162986587925303
3.8924733806721057
3.9998607553726284
4.188683689479827
3.226729476827582
2.6821750602012133
2.4873012053529924
2.905066893282625
3.8349175622041716
4.472386567634351
2.620079675863687
4.088615412822593
4.519393401454754
2.854534943916465
2.9713764203178004
3.4224067791261694
2.9621824667678576
2.7013966724373386
2.6527997122144864
2.909023716745409
2.4802439239041387
2.2462939257021515
3.7627971693415847
4.4041688457686305
3.1000535219231726
3.374199446129681
3.0790637035700947
4.220353895551216
3.3503121389172237
3.0925104320846697
4.11890352629583
3.269604254331655
3.9626725632837085
2.898780738172541
3.9123475844218905
2.708682029581528
4.0202948621333805
3.0386232683276675
3.7970682704069763
3.7062744071575273
4.353082649903605
3.170466416709179
2.209179477570331
3.7261735905171216
2.906780126815728
2.8028332343507794
3.37860326972206
3.6447526803710057
4.517976130522303
2.5786917487272194
3.38143311115945
3.5937239928608635
1.4329958941156304
3.7585811038664403
3.567653423447807
4.210742174984338
3.0136063342946273
3.9077821765860015
3.826839540472912
3.509966764572146
4.201367526291032
3.461356395573475
2.3346187786385553
1.9966585448437557
2.919584427237235
1.5881604446984112
4.309512155062165
2.897980444109653
3.7138886839304597
3.3799511039911407
3.613760923653183
2.5402587027042958
2.4421099700727007
3.469622060856237
3.609858715038986
3.640550144457895
3.4306823325646807
3.1148754790016353
2.5219226373576875
2.964112257315247
3.4563361337613014
3.1421693073609696
3.298892559661869
2.914246559375164
2.79162382406362
4.611273457061151
4.177605202473352
4.247989817180037
2.4541138141701455
3.9569469966614337
3.4494275481553847
2.098509779946995
2.30861853916622
2.7579065040835715
3.316242250039249
3.1612458871656592
2.6506148575749284
3.6829479639866105
4.406088342637702
2.7516105252902725
2.2943672125503354
3.20217049602902
1.3815845162060714
2.8131145873408285
1.6656835514260284
3.514189195336587
3.5319707111535292
3.171250767425766
3.487291252059887
3.870519911505576
2.5072507552318615
2.3633492003053176
3.0731678869182155
2.5114753912393515
3.8024611252221274
2.220968404746075
2.127458061811663
3.267602391228428
3.4495676980995325
2.96967162457358
4.2864250273832045
2.7882343036196504
3.051163358930712
2.742767088352867
3.4822923886873354
3.27136257237415
4.694676060937311
3.535026172423303
3.1659516976603927
3.105195975474068
2.968311301315068
2.9754904135718765
3.2209454060185405
2.9271342731704504
3.441447006059158
2.785621716909419
3.6027493715991645
1.68721139965332
4.195257608322572
4.680680289698118
3.9358497161116115
2.48581488516324
4.4231167668525915
3.08326501472385
3.489704339707958
2.8871099451963858
4.087068730791284
4.7055195267929815
3.529964274320228
1.9040272414178157
2.529981142789335
4.153146198756184
3.153000542469612
2.927509860596799
4.072035596071475
3.759464183250678
4.185908950923354
3.1003696384184964
3.862428951151909
3.8681365123054174
3.845998532782541
2.7931230462519565
2.8794305322433362
4.046074373210597
3.7604497387300073
3.365002658167578
4.272439629247781
3.9531025534300737
2.895861630513416
3.2962162382647393
2.689740947635742
2.7092899630797236
3.0851007783461535
3.120104115513541
3.765961765742133
2.4694306606199072
2.3771864917300296
3.255155125405596
4.781892100381371
2.6375841709618686
1.8604018519606706
1.0839004969581199
2.8455032098410293
3.4401828776948524
3.798767312209816
3.7966910551151614
3.4584196223056707
2.4200042047809163
4.063438513589108
4.04822544885781
2.5240268226003875
1.525884864702681
1.8665755537800224
3.563740204945185
2.3606830049940615
4.122447024913204
2.005119886866806
3.5471856182022496
2.9563591187393055
4.277629838974114
3.897722398650466
3.7821664938374147
3.627806418603161
3.433789542866325
3.3708119913341403
2.250328540108831
3.320311869647463
2.475185539960498
2.8996170096566636
2.921610477456079
3.1976421572834783
3.702514521953927
3.5752201308345914
2.199926630092112
3.156598389605728
1.9275357346687323
2.5588154782431363
3.6682220948374864
1.2093044771784505
3.9759118151635877
4.209335283392914
3.7906303697558124
3.8775768201583367
3.3637277363697318
3.790987025502519
3.9915411406024375
3.0555701564095075
2.707810011532868
2.636554833846039
0.8138908285200284
4.160592694114655
2.712169922258776
2.558383966290281
3.9765179224435507
2.7990914284843877
4.27318257314763
4.449725200282348
2.9416577579939767
1.4407066404796922
3.2320342823904347
3.7398065943209757
0.7796622364404794
2.3697459291866116
2.161953072485009
1.904476549557239
3.871974781826215
1.3608325669300898
4.073391911112244
2.404354967829295
1.6244995707055065
2.4966378517434458
3.4048081775823267
3.2004340150184207
2.3294593070545724
0.8474874223643969
3.589676887852549
3.6854446668581224
3.976339285306445
1.6309686178708058
0.3310369649953181
4.649799890631154
4.26610046295175
4.272152327432635
3.6757013681936073
2.0547827267515424
0.2644317872900782
1.9636190598207919
2.544518698775137
4.553477051053768
3.618445415537097
3.0689571868524
2.7333533920351143
3.7698320322873276
0.962279237226452
2.297198133137245
2.4049067147614855
4.242934778607587
1.3583812802134538
1.6892144940239113
3.5158953092015204
2.702288837197587
4.143089624578469
0.9582516706520073
0.24650206134229072
4.41328747884096
1.8516504679963002
4.4304761811793725
0.7393926999292321
2.8448288034193827
2.884884694069725
3.5258172575434292
2.9894085976404425
0.7636873894796053
3.3620298587202986
4.249850981794055
3.316801681617483
3.4996585661952566
2.980102640238071
3.1505025326177667
2.9033017291061927
3.3579985546343205
1.695845848551707
1.1736881275079587
3.9108285815230275
4.194057979446053
3.688212603510385
2.9789977342161693
3.85391891111543
1.5787527794856302
1.7567276995371648
3.163249523302433
4.322075289574399
3.970937171414619
2.205120395700967
3.8108250753218518
2.7048319699258383
2.625044691588634
2.6005015114595516
1.9952845094990883
2.1721618247190455
4.702711003930638
3.276199819095062
4.423635830226616
3.2645063814379682
2.491050942945424
1.8657355841997831
2.5824689243946355
1.2194420392981113
1.5873468228636534
2.357877434287195
3.9198610774708094
2.1918958505421413
2.975766387281133
2.507947419090032
2.359156346207883
2.9658312627786088
3.437890788856716
2.281720626181073
4.3719193865986705
1.9114401811285382
2.9449135770717505
3.4444732676017
3.566623585242564
3.243708690207457
3.3274161408439418
2.0444966718784547
1.851799808708452
3.247406353335575
1.9730088627248745
3.529726310398258
3.8023609818763426
3.0486630068033
0.25123456123702803
3.9660800501598907
3.6698200604093514
0.8895373892950197
0.7615571887597695
4.436897261584486
3.71208081032963
4.134611229966349
4.228872341548483
3.9316606549204125
0.8858710392247429
3.8358991891035643
2.613612708042487
3.4526803337851573
2.6647447619059554
5.453217325362041
2.0239664833917352
1.9938190350678942
3.8304964911503157
1.9004715870528652
3.949290224164363
3.8404663453425347
3.9987477485595826
3.9737569383160243
1.6807480030178985
1.8449458593275012
3.3775750125916977
3.1517433375325705
2.135481676806276
2.1024987078758217
2.101339616416681
1.762996265162339
1.5636014706877002
4.2451732811725
2.1143208042911588
3.666142209778643
-0.05248449207116554
1.0274775980273716
3.303869434033993
4.356510798733316
1.259173561444264
3.5531656486206113
3.0559893348323404
2.256344396933253
0.15046760508819226
2.045103855940597
4.355772020741927
1.080783593452156
3.180891902673661
3.5978754923226286
3.019642016221842
2.5914753440325673
3.994357947156456
1.2717678953501472
0.663782906586093
3.9808579976952077
1.8933358109064895
4.387170517529467
2.886523711714964
1.7185988091154096
3.290955606849242
1.902557086042723
2.152119218417333
1.8126819557197331
1.9967382117071202
2.946829406453613
2.939615510590338
2.935197783239326
1.5284055683621118
2.746610277285401
2.0390904255711058
4.387763411096559
4.073275824132005
3.750110724890399
3.04258786770094
0.3788898586101953
3.7505806243181765
1.4593207208359358
3.3374205403288433
3.67344714432943
4.268452430715027
4.478546087406226
3.471855543404234
2.7477570278076513
1.1914439412885498
4.099318135903993
4.202289235546763
2.5895618918344456
2.264890160701077
3.440192529704843
2.3033730678249387
2.60308706978944
3.264780881782706
2.7404106229955123
1.4675244116651271
2.7887278325108844
1.5030111887930544
4.835176582387605
1.9072557404601542
1.04875494258824
0.6182609133292218
4.584053217440539
4.00257160791378
4.26076256572494
4.8263921303637325
2.5605700244983876
4.614946383547566
4.64334901771206
4.0543986926360125
4.29663451729176
3.80428900425728
1.9824318926116917
3.2675762312664975
4.312301660401053
3.130264012204055
1.9591733935294804
1.741414974458021
3.0795360404113223
0.9725915887940512
2.0226500458680445
4.199670424163973
2.7734496601023815
1.5777156550135905
3.063367322631697
1.5981030581212612
1.904592799325136
1.0262927742239787
1.5463575828669196
2.4672740836717155
1.7890112785012087
0.955990814173192
2.169206044600799
1.2732194991717227
0.8565412682688841
2.035052162377164
