3.6304686549015264
3.868910913063726
4.17204765264121
3.7827074992376546
2.387156617098533
2.326994524044225
4.135850715989872
2.41560519498908
2.4412784006833848
2.391348268334545
2.3411616917576517
4.5977035465561595
1.0363111317707283
3.2997078656204915
2.1246601472737794
2.316143059143634
3.6603127178692416
3.4769265725526095
3.6975746652008903
2.239580557922598
2.4175200778468846
1.0353259071234713
4.186348499124565
3.9979206906580016
2.4583860219802256
3.0249613537596227
2.45391087598916
3.1925652056794878
1.2899204307379806
3.2989714309946265
2.0484586647315384
3.3689326441303167
1.3207239468319
3.6409550164265747
2.9207726279970654
1.0914729479805738
0.8686556760242516
2.1488961972452354
3.298983934030447
0.8471337350526087
2.230229219141413
3.351533087777326
3.733865761627568
0.6303866032365217
1.7693804461860312
0.8297635465791979
0.7852336512768843
1.007171747649581
3.474559779402426
1.74833426509535
1.3299162592279807
1.7527147346482006
0.9262720600714618
0.7448291157056932
2.810094643772148
-0.14874251281447676
3.8272679922755533
1.0271898697695403
2.285748575034945
1.9269628705239643
4.644719382149855
0.024557160833002134
3.022009199981204
1.0371858269263876
2.911179988879081
0.9711004994804455
0.4482905695171073
2.532859285189827
-0.24014037533158789
2.4484353106274863
2.1459362941369196
3.8614653749864316
0.5104761489721188
2.6589506325348333
2.2151429044185655
0.17261491535362689
0.7524833014650152
-0.08802269383908806
3.2013008104781164
2.820267874314963
-0.24979658123540532
1.5364448490009424
1.1841700542348519
0.6651359586622518
1.3271518170987604
1.894053407708047
2.6923181843658037
4.129410896670504
3.189091305460507
2.887845431413115
0.4883011583174259
3.8171467417429423
0.372266814444802
3.643366623771332
2.2101461749474693
1.9735642676340028
2.891505968081483
3.768082193701262
3.175695935557735
1.7632396701005622
0.04562070841856597
1.7854258130048215
2.9027523654897815
3.226854913460158
2.3548070880466754
1.8623179586880232
0.06484730487869933
0.9981751469609315
0.7873074405474692
2.0167284812484123
2.0929385955766997
2.7355715249443886
2.5175017593538844
2.35488070836223
-0.4215007768977164
-0.34683416182496224
3.710130891808256
0.9791843442692536
0.04757511665199882
0.9121652334739756
0.9298957870488498
0.5488631258585788
1.385531465788075
1.485933306765165
0.7904645456088455
4.745827922326706
1.205442099548263
2.8048532218867046
4.5592371775221405
4.049783172221914
3.571769371170796
2.495690484998484
3.461437224351684
3.508124247337613
2.749449379317853
3.7897698937717283
4.4023686436402825
2.8570679698320793
2.249053453776219
4.11944319236496
4.607480775376432
4.014953405135868
2.2673141531312107
3.0890680487798416
2.1759083311850076
2.6606469232542036
3.4258962383716165
3.5303141391786217
2.6478482088907023
1.1932983406847795
2.626407353746482
2.5361433428381366
3.790618920042006
3.2426988922624727
2.8932870267552016
2.9202630780227703
0.3892957587737846
1.1959880250513868
3.7949543926787133
1.1811309900050775
4.669390104268047
3.1910871214071954
1.1396513049528652
3.32214202038461
3.781582426584422
3.477420368616977
3.0383819674772443
3.384447285872325
3.859586952934605
2.7617237574187805
2.2577379972312897
1.022353731413052
3.7395790711015686
3.3027673553705625
3.383852077833679
3.3510993168654153
3.1998223698287007
3.7112902031904005
0.9755872618148969
0.3133643452126836
0.3031174986420893
2.4153374193163737
3.372924615115079
0.9843560203947592
1.9715322635933281
0.04978110502990635
-0.01774018955138129
0.6946878186761711
1.3222275785337232
0.7852939272244588
3.1317268487407035
3.042727578854336
2.8320544123009768
2.5788786026677295
2.534232270277763
2.831852104116399
2.5839619883274625
0.6777890843890579
0.16914880762262258
1.6441843370150655
0.8359661988936304
0.6113643717859745
1.8932639528315545
0.615893690208192
0.6143354842627833
1.1735882918267573
3.5889117791474714
-0.08170943777539424
2.6220724499326487
1.3952718824662094
0.9564410335458782
1.0606416515376498
1.0170663510794464
1.6074628469417933
2.1494132393098635
1.100893020023448
2.1706918807757845
1.9582525375611375
2.941485370198473
1.237828549765372
0.6241564541493696
-0.27141447136047586
0.41071273087643295
1.2280734377601745
0.14247515178540476
0.05527582167628192
1.7766723858314413
1.4414849016331002
0.3851773914362833
0.4773971741883766
-0.19770328678898835
0.20631290801450214
2.317936846539019
2.0239897450132096
2.172398349482785
2.730410431330819
0.008555295917352879
0.002432853730502893
0.2576303929895573
-0.14724874335439259
2.2699228208839615
-0.4887336607917125
0.36492344009605354
0.20363855851295481
1.9218897048790713
0.5621528038163814
2.0448732840474277
1.3776889369396947
0.32005040945974333
0.42453611074161773
2.7799192165866233
3.9046324359418314
2.2220225749948206
3.5268231711280382
1.5556835173272288
3.672555782444516
1.7308945443117583
3.4426541681473823
2.6119022191920362
-0.2553290330972758
3.998797101437324
2.5512698579152797
2.5701899702683644
4.309500159930613
3.1320408719048825
2.4328506416707727
2.03323212800903
3.4017136158260994
2.057004867770778
4.3401693671352515
3.0786079149390924
2.666316020871053
1.2274492605587315
3.4574549782287534
4.232515102137409
4.388106888834552
0.9648242921079571
0.23857204240373847
3.5987747413777837
2.234255222328605
0.8865201253960613
1.7859492945329638
2.9419935869477767
3.0578699473557513
3.0072327641639567
3.8430524238983628
2.4895321158621164
3.4956830378034303
3.972087181304575
1.388484028851359
3.808484695456926
1.6636446523987711
2.7505166595042456
4.096363615609848
0.18081577097825813
1.3374940151167136
1.7404199457194462
3.3867801434782687
3.3374307402077936
2.9615791001411833
4.783412779879991
2.645336688731532
3.2524594144394965
4.312068241417894
1.3448384460168223
2.9028591438193656
3.940765313637548
2.0002828447041905
3.6602491779342365
2.707844761080068
3.063979407482768
0.6686642834753838
2.8692515963222727
3.239234142319125
2.9254942788707634
3.644977843702928
3.153715716816855
3.9467060599126627
0.017125300528894993
0.25383175575537337
3.8819345685287105
2.489087785575463
3.771221103364704
1.9627710770734892
3.6131017142640176
0.4705344160008272
3.4580191047029927
3.356831785009347
2.5416638048342106
3.690010875967943
4.207348741223983
3.226402272588996
4.22126962612969
3.8737356768310693
3.303124614723072
1.0472246877424294
3.8791640041506383
3.3460107586389918
1.519468306971607
1.4281739502883362
3.2378978082802807
4.338190110410983
4.2356577500852035
1.3268142320895153
2.588571555446742
1.067184750913808
3.047643183219517
1.3388364361292495
2.0692197379734014
0.40008281338951884
2.0682612286987254
3.5873544609549954
2.5211115116829523
3.522598597946636
2.73131100410017
0.3604211745064551
0.7944759045002046
4.005078637050494
0.6116778669397169
3.1205942425540885
3.9578783205839376
3.4836166581024846
2.3777913793822067
3.187265420406051
3.724354642282296
0.35148346107693246
2.586711441339529
2.9297002105887606
3.200470275464118
4.322821137577689
3.344308683583719
3.6699174091389626
0.8534205600849438
3.1821255924710417
2.1921170223927917
3.8391523400558967
2.488903898468567
0.5044773465144574
2.763143201799225
1.8944773777260622
3.428802839551759
3.574428810815362
3.190348544290706
1.2067216363566327
3.2073635789606625
3.115597168307153
4.152961490555836
2.076922576228694
2.694530248706737
1.6727954511871534
3.575154307023327
1.734539627457844
0.8686505513434506
1.6218742744156989
3.340435290306506
0.9960250861010234
1.4414366237026393
4.551279780280803
2.792749085866343
2.187955455517572
2.0529324004273084
1.226317067762351
2.2369366304962353
2.516440793430841
3.5639424296536166
3.3352591480634852
0.6084911739812127
2.5221979501961793
3.008643552349872
2.3441528781504912
3.0829266212549515
4.206306274581962
2.4752486488582526
4.0485585637211745
0.574930701626728
2.5665278113933603
0.5435950957900526
4.37678525921342
3.104105166521731
3.3369960710956006
3.4783174733413422
1.5913630817012816
3.8783767171042705
1.6151779056428357
3.402409565976256
1.993951635379052
0.05972654681149919
4.538478370888689
2.7125550603727464
2.2573610273459312
1.6872931023169815
4.2992553308463455
0.720627250949492
2.9132115133034486
1.4373791178174407
3.430274792783622
2.734548287097163
4.439590559598375
3.0001917631808834
3.0610501886100776
3.1692054839203694
2.523884804554953
0.0007313848021856528
2.174981822441035
2.4534007500389023
0.15981359011909751
1.846918321740558
2.476683887904923
0.5015700037219795
1.600101174560566
3.3708209593042144
3.741558080132524
0.8357016198467111
0.3686196408444215
4.279105671497447
2.675942510513758
2.315004648103142
3.5785705489170025
0.9139169850070901
3.3938832729165105
1.036881070577664
0.3249434519102445
-0.2889297524256878
3.116114444992069
3.3060567518916555
3.228508543734899
1.9824055655024995
3.780928638997939
3.298794503992624
0.7834941599130882
2.151262732613931
1.7346549477788655
3.1531131990147343
3.9216653552562497
1.699984732111195
2.9184907028384566
0.9966274473622618
0.9151623524308479
3.4295051673732657
0.6413902610354332
3.357979537119161
2.998386544392406
2.4323878814928372
0.4523394867620372
3.569572401418485
1.370048513352097
2.465085933479224
3.477836271385043
2.7850926291201437
4.274474544579864
3.439148930812258
4.032494981178643
2.944685543573221
2.7931240898272534
1.3576309313651338
3.050700946903593
0.287481107598807
2.6577890305157403
1.157509033699292
3.99495335477007
3.0030015124874097
3.2597994643264174
1.970696833276163
3.384355642002215
1.7907402326865416
3.8201441140017325
2.298659680888089
1.9963261164428516
2.751300688195713
0.4024382974140743
1.7446991282786908
2.0877800163254316
2.943263209897516
1.4957308021748967
3.20625054616188
1.3389676222175155
1.881625390576498
2.738096706417957
1.1574548087391339
2.356280906678723
0.5438918674440962
2.8274816610510043
4.014664000512702
1.8408891233290605
3.27618646412097
2.347676043415296
2.9104616142218136
1.0815553965385103
3.160370670444353
0.7924568381656538
1.162331334324111
0.28534189732902865
1.3567799013711903
1.5588853515733723
1.4480843634533187
2.733588080777727e-05
2.453318801839059
2.342746392631492
0.8564751168347069
2.280756434771008
3.2383111284946455
1.5454253906264748
3.1142846891041023
3.6775365335710797
3.6209289579645323
4.159673285361038
0.3487855988045068
2.345773895445762
2.993851928579897
3.645889768947621
3.316338119693651
3.1373407091904406
3.006447121978484
2.7606713299572943
2.049452582507338
3.4498101963842576
3.220486066526996
1.9168113420962969
4.054349013933972
2.61076110556151
4.181099769441676
1.7599824976768959
1.7818216992050413
1.2791017071230293
1.74547480185212
1.903943457858831
4.056617895715883
3.662675642519277
0.7118146688903986
2.610079820065651
3.181557100110483
2.5012530445197028
1.6209500066022695
2.892958924889495
3.644210955281545
3.1553524014980003
3.9915325225269385
2.768655690388454
2.830017706034396
1.3765069852919445
1.6477096385521395
3.34798581694916
1.956937504942096
2.249484773465334
1.2693748240756428
2.742144554539762
1.5743471576341461
4.1916868797297155
1.420482432240053
1.3779501226235804
2.1944792799361217
2.592476872431576
3.452967890539863
2.5599924152511617
0.937924534124877
3.5143624098516577
3.8705231026562865
0.3425222322018015
2.644692927461667
4.3297084937168355
3.2935144175727906
1.275243514613111
3.5128807687342034
2.7966696228627725
2.2384567031694025
2.4018508800227227
2.168942207602838
2.0552559866848745
3.856621059585515
4.054611233764665
4.241383380276741
3.457628727204451
2.7773938901098854
1.9737409760785884
3.692642145394421
3.339983965487473
2.490938936254456
0.85673733859771
2.3985138596592277
3.4713570916855137
1.7993967842762078
2.24985994124861
0.9572926359482665
4.165127179339381
2.1025578437352057
3.6664240451546
2.280903683886845
1.9205898799302403
2.911597504044246
0.8865002918164839
2.908988052612995
4.3550113048523595
3.904726066049385
3.493439302324311
2.990682301384611
2.772954291512557
3.278612699742464
3.102504442358919
3.0894147929283546
2.871786677611973
2.0387638178541305
3.222869099905755
3.117317366665481
1.3191467826941954
3.385340237945898
4.157001461974604
3.2473666923487916
3.752116672292659
3.734091502267472
2.4125227910276124
2.455264107724612
3.8048473482785763
1.3298569394341937
1.7560137243943785
1.9545255659523906
3.7022106567056445
3.6825896004816854
3.238256265537413
2.8700035760209976
1.3066986563174618
2.263224588816895
2.6429580904272094
2.6101055789734335
2.8961026674467516
4.253393467280334
2.5606694915860864
3.617915681570844
4.003502138016837
3.8923957842847123
2.0822044851164363
3.6111482013731324
3.827297221895223
3.042779985993522
4.382440803491724
3.547913115344259
2.208762936398852
2.8523140729818395
3.6238818801726183
2.9464010450586
2.1349042391200004
3.1222542270523257
3.3375759943116483
3.118615216881459
1.313120293176967
1.6183824265028375
2.6814685357586
1.3350942560415842
2.9307455543155108
2.0560557463545335
3.8138187380726296
3.311741671633046
3.465081243712073
4.22783087374497
3.0317470574595555
2.7067577782817684
2.8258285871702036
2.7563808247020862
3.45219233330663
0.949485848619865
3.8073648461967924
2.2778585410646914
2.9739606410294512
3.4585437466189575
4.226625778745995
3.8327328951987747
1.1658699875332863
2.6767846034037204
2.845692187162808
3.8010579816824133
3.2108238226726864
4.075437545912664
1.8515334374539398
2.5163567375963867
2.2675393022212758
3.0361085857400427
2.610224188899681
3.6718320857005384
3.9596490350741425
3.3583372145288575
4.1653795859419676
4.12125346643171
2.99474964129572
3.598698814169341
2.3127929788045356
3.8283780789541595
2.6355127025905256
2.9166274112241375
3.8975789158112675
3.7933745997037436
3.312802629229453
2.0383822990765603
1.2373791949343873
3.959310568915501
0.8555005350591498
3.88383038557937
3.766681393960129
3.424210204354087
4.14671322593578
1.7089930633004116
3.562019100134243
4.0598406862222385
2.656436506952497
3.237486434496275
3.386310146254475
3.8981721578595416
2.354159135025201
2.6213826165484497
2.3697928608513497
3.702110509790031
1.7733580006996073
2.971129542500025
2.0100454799866965
3.4361236142389187
2.916302076821791
1.1474590252732781
3.377815789053858
4.051943860350806
2.5030530200641574
3.3313544354485467
3.384724932004227
3.9105711577370093
2.582094952895463
3.0143868273788836
3.315137182314425
3.85140460489067
3.311392957577263
3.369782654355242
3.199034771180694
3.952130468710543
1.1461632684640684
2.383786255942941
3.4305813140530486
3.1539532584130785
4.18113022010354
4.449673585239898
3.1559798039643536
2.378156293403907
2.8747804186623003
3.630351673100359
3.176533432675174
3.693120498013018
2.774056082496076
3.9496683219118305
4.048184295695638
1.697980675864604
2.321258629538545
2.5466158630289053
3.9680135211737473
4.056339004127587
3.9795965193487897
2.9774460350616483
3.9680552192931344
2.6856026132046034
2.9115246833054433
3.8712540799971698
2.586781386933651
2.4335967003027306
3.430490538983883
3.29632581444812
1.5301814761265145
3.408195132148796
2.454422074769081
2.3925898935024237
2.8405065567705767
3.7132389763093476
2.2224448730763067
3.2894945616802413
2.867276674622091
3.099125554149505
3.0860800944830276
2.6129448877834256
2.393228152284676
0.7917635880068568
1.2136836475672854
1.397850549701036
2.468715543313088
2.127794329306921
2.8765489885600664
2.426564714347121
2.308402084027358
2.4020061555748753
3.8621551438691224
1.7492839026791716
2.4075694861898413
3.0827475291193416
3.9923984605956706
2.789344950013301
1.6994633574601667
2.3993905577690566
3.7452358850115526
3.58812113874385
1.6358333271278211
3.4727399072966785
2.346164539113118
3.5468999659053355
3.479472808679634
4.154184180908474
2.9873826933179193
3.0083060779487703
2.450131023760914
3.549451235371662
4.100264054184363
1.4237488893165358
2.3790287015242266
3.982325206294454
3.1750611542202773
3.5158465361756535
2.47285531871523
2.219243318569654
3.8380574065503668
3.668453151726471
3.2109314100436404
3.897351532529424
3.9650568404180584
3.6002743503108263
2.515762976454795
2.891666193034456
1.580729823975533
4.079311554675863
3.557193824465366
1.2656463161874372
4.338911249973959
3.629579423896719
1.8780100329975236
2.599931373959517
3.4295264831464105
3.688771895518687
2.477930606907453
2.9595003194008016
1.100042061114187
2.980644420747929
2.763619238477517
2.961138061324045
3.2345452577376084
1.7403683660378495
3.5646358641103104
2.407580146584121
3.6351980182099393
1.7525720296650114
1.3039509537635376
3.825334880375346
3.6854469007916357
3.1293123927208155
3.7858390404215085
2.243099606911242
3.4388634490451153
2.6046752764650676
3.4615835296640607
3.2843848028825295
2.6480046547763076
3.9607978006804996
3.7509833559249244
1.886631422776336
3.5928387221798364
3.7604145747962283
3.893243660161721
3.268354851715779
2.26035818349459
2.288324787277525
2.805082524189046
3.5136786835561447
4.297105702135168
2.6331637166144604
3.979870974261849
4.250015354823738
2.507043037020849
2.286141330611017
3.359123298049779
3.2825717790811484
2.4290893140351884
2.512381107046003
3.2182494069912906
2.7356559716083515
2.2852878513669768
3.416423329703742
4.260626746649494
2.584624743768843
3.386549324931618
3.530520856333164
3.612143395769351
3.525238353947061
3.0207730997040594
3.778018716927141
3.047544041848667
3.679335836061034
2.861875051748538
3.9805274072268793
1.809350818548367
3.9264587824048447
3.051990430651335
3.382449300552522
3.4569667625272036
3.7607691693697243
3.1392357505099304
2.160239307751511
3.4205722061505806
3.4358936748435838
2.8136251753361337
2.9672917666803587
3.2450475419447913
3.9326112196022858
1.9346801571096872
3.586953665878826
3.6014900529506244
1.770067696591621
3.8542086081877156
3.3154775428342447
4.019381096601162
3.4808313078003636
4.0991937636196445
3.5976176521978127
3.313239847661625
4.099869599620193
3.05884630570848
2.2333680411400074
1.499582885643724
2.9798012243049987
1.459934420815924
3.876585051498026
2.9676525949718946
3.44019805251015
3.236178728582415
3.326444863143482
2.1772900806336177
2.116082414807153
3.7107104824114265
3.8735168819638313
3.1626174622588215
3.4021309073679014
2.8534199818883303
2.64692541566003
2.7267449342917383
3.1332197773460053
3.1035840561989443
3.4566654590859542
2.327037085608983
3.2921360752232425
4.416782954486852
3.9281675377076164
4.285546617068732
2.6702875041014194
3.699711452210274
3.340847093552501
2.1463456340104354
2.311108469663697
2.7718899300751456
3.2284712754804095
2.718055921081794
2.621714622340947
3.2493033365156156
4.293133816643964
2.757980141262565
2.8970424108862884
3.3248878283147008
1.680944125023026
2.7963744121171987
1.9110471151253248
3.9578391459282445
3.607754211113673
2.501450089015235
3.195596702250144
4.047320717658905
2.5509129258916037
2.3009453925667676
2.697518533365352
2.417680560167209
3.6142940850897753
2.4546893291909684
1.8643331246943076
2.999399686645002
3.5086661715473104
2.256600305295234
4.1358562167641635
3.0031314240992244
3.1685968888071194
3.0607314518749265
2.811830426279751
3.1981389777918787
4.603547298215831
3.395690789902949
3.023353580898499
3.054169679195395
2.9643783255039864
2.542696149399565
3.209766789705361
2.553987106288412
3.4041723712006196
2.5309617536895996
3.424486343055226
1.6423081557758687
3.556969427458666
4.505260807790043
3.359026972714536
2.769224374891869
4.2582739725831456
3.4957243206257242
3.4622556907517312
3.28677454235811
3.8683021926884456
4.584553871579228
3.6229735227584516
2.34510967013225
2.6393213236511452
3.818519143937069
3.148464606270524
2.4096714387931875
3.6631849112636603
3.6016694685201154
3.940833258953341
3.1126277190850726
3.5995087601409304
3.7874345584822415
3.407741191906757
2.5694347400400632
2.932296279508913
3.86088840549767
3.567793172000509
3.485305915625801
4.214153274094463
3.8182959596760426
2.9868299037008996
3.2880913467734096
2.9867275386196113
2.9073751719817538
2.7472573777147895
2.6458502805062976
3.4341754043547987
2.431205111374584
2.8508210874698854
3.0773544090036684
4.553669606581275
2.65400366142189
1.8948730794343949
1.154612032759505
2.9597017598102204
2.9178837532309037
3.523779266994027
3.5114307761165735
3.2506760116794
2.4997934487211673
3.6176208351338217
3.688179580361596
2.1339278014354517
1.4955838966805557
2.6097736196266834
3.5512669680966544
2.593601447396739
3.913649956780369
2.4519437925793564
3.5999687104670386
2.6140697512485582
3.9988395816962043
3.571643584150761
3.4610639699564754
3.2567533926549856
3.2580598310921602
2.8978344193556795
2.236786154116997
3.62732651874086
2.3512546970745434
2.422238977074373
2.7113448545253083
3.252301141692751
3.447716034707597
3.5763914233747687
2.4081462015886075
3.1979002322247383
2.1957937282283457
2.9550932000925756
3.357481704957622
1.228099258761708
4.474632377566923
4.052556210976015
3.7782101154727927
3.8208318362055222
3.098128828741898
3.277516654880637
4.0925929761893975
3.217549399725364
2.7979343894162385
2.578514799238289
0.8630415287608424
4.041732965827528
2.5990188249259134
2.2413500584146138
4.044129879404632
2.5123312335104124
3.8314505459090196
3.9910881847670776
2.466766765543286
1.3360276541919083
2.9602396120177903
3.5772565579632074
1.063232380493955
2.2603125432944924
1.9385804038708474
1.5837708292451493
3.0873657789472424
1.4179370462899212
3.7096737196651213
2.4790168186966524
1.7552871328186093
2.338810970696478
3.5987408449361364
3.2463788647051834
2.1746085525217533
0.9966627108004715
3.260018058991971
3.663758003674158
3.443062488781306
0.364065720319846
-0.1218117542070179
4.37508027544182
3.78691181114627
4.216345992077219
3.5159562222589367
2.2352120150306667
0.5003148248802252
1.9297887818371
1.8994084926892092
3.1770298764574267
3.34281966792323
2.0157581382897503
2.6353484708317154
3.603630385800243
0.5440413416663872
2.067775018470538
2.5059518333908923
3.981107935223554
1.0889486437407874
1.4680147025836399
3.4873077580140013
2.184193079371571
3.7273975018970136
1.0011806660640903
0.3898811111535842
4.214413632536845
1.9943589326184807
4.0751269945075395
1.196926617192673
2.623245534861989
2.7744840768215746
3.1416205993285833
2.46114766220984
1.061567730747058
2.9974422146007944
4.2946401415774655
3.4234003488032583
3.6670890897480852
2.7898860900849742
3.021531852224404
2.1420562929894245
3.1441162947651278
1.8487343890661236
0.7898092446877607
3.925390682169071
4.1100621837271865
3.643184628449803
2.898796229242471
3.520321758351664
1.2689755803423228
1.5415772343973742
2.671820848869436
4.224543238033192
3.8026219855914665
1.7026241360287981
3.763957652043703
2.617480105434921
2.618351437817973
2.8521669525891125
2.380114526489991
1.8798223073006812
4.657136491363312
2.923003937321757
4.1470357736862224
3.473046399078131
2.3991593191233993
2.3199430631188074
2.4069492121808924
0.9662273243355544
1.2336163377154814
1.987289856119331
4.111039994697899
2.350863148352876
2.4745886422978502
2.220894363411207
2.4528170455368477
2.574282807867096
3.50088131446252
2.215973045881828
3.9948348685844377
1.6194152513949995
3.102123492231356
3.6160202664084897
3.658244826470585
3.147747814893597
3.313093308907749
1.7597387656358985
1.2114089283805511
2.9010958445054618
1.6446602901866934
2.9901651760100862
3.81117769264989
2.561933459770554
0.6304577953586343
3.549432591610355
3.314900063732229
0.7762670564407426
0.942116369263599
4.028566797327027
3.2442678108016816
3.5972475236120696
4.390971163293439
3.6563401234717294
0.9403470909844633
3.580395112287749
2.336376341118565
3.4883001952890744
2.446901031313906
4.304846190752326
1.9264420007679492
2.015687693952982
3.5067009121797743
2.338245291153178
4.11716873884044
3.7020429061757665
3.4898493520805896
4.0719157722817085
1.412926412789357
1.7312341529057247
3.1196030226385405
1.8820080612565149
1.7791247635270535
1.936237209025413
2.223166165373773
1.6983516219928296
1.2049047131034263
3.9161883423197015
2.0763448670406417
3.381719188354362
0.0434901940958326
0.6985755411331931
3.2847904499073706
4.09207137715965
0.8031136374264851
3.4749770854827746
2.8521176777653343
1.2893938504704012
0.1604317628239848
1.879065291269352
4.149723229995966
0.9246779112289201
3.1146997520717186
3.4090453010807313
2.474520353942293
2.4761958140812133
4.17202890173479
1.1729181764273362
0.5216795363838993
3.938856269578779
1.814274888119115
4.173902090782046
2.658968741494284
1.5208998375014433
3.3008604542416835
2.3172632875610724
2.0737865532738056
1.9430699009205232
1.9426764501203369
2.685995595227735
3.0907200356050124
2.934788268170766
1.1050396914762664
2.6708520207571502
1.9749160194456419
4.0591710156301755
3.7766181201440467
3.5344532462650147
3.085652027234563
0.6874093173630031
3.404748576573839
1.1271746445186468
3.515024314120041
3.456897481464946
4.113477069462767
4.12440356192966
3.521598041056933
2.65404045280303
0.8398215739761516
3.973611249979903
4.42110608973559
2.251429793676045
1.4735130207822151
2.992654643278415
2.2699236499637547
3.471183103641117
2.9855548607273037
2.530023274256308
1.203733905246743
2.55398136580499
2.302410360186637
4.632822903441114
1.432465822621926
0.9948621052930204
0.5444551319544157
4.1187647463474395
4.0973477586064355
4.036988251138081
4.481537435953809
2.8516710628968625
4.342324323089668
4.374481552300676
3.834495670939693
3.4394758021403185
3.3697257696936753
1.6016265131226957
2.6617293299164047
3.1040841190386983
2.7468469663342843
2.4344373875528813
1.5346432225149031
3.1031186403437006
0.293085074997041
2.1941174097120975
3.9713340228804626
2.6047731519196824
1.4506374298388152
2.9495175069590642
1.128901660678043
2.0683270159698752
1.165303080686023
1.8353663153257003
2.375207281432949
1.6927551929064089
1.128639660997993
1.943188352171803
1.4231060899624732
0.9667215616768736
2.0947961931816104
