3.5503361311101784
4.172827769780337
4.5348958910053305
4.286021562140799
2.4423110775701633
2.5335366836041335
4.1446255912818835
3.0244843689654033
3.241392808323674
2.125454098916146
2.125454098916146
4.89784980883554
0.8941068124129208
3.2305411339123324
2.8658229523511793
1.9872375837516016
3.594854868359283
3.7986833190456277
3.045469764726369
1.6860332767797424
2.578268626566355
0.6775850371342074
4.3845491791847255
4.392842516788452
2.2870051576507215
3.6221629325349567
2.4267869906666326
4.063624242711804
0.9989506555984153
3.7190586280897557
2.435469824772852
3.5164445138690086
1.6830334458838685
3.8544036570468467
3.3072619890122654
0.31442151955156916
0.6652952917346315
2.1431718841642398
3.6502647310901506
0.9476770675457473
2.9246130314968557
3.786637411486136
3.8658725265817893
0.7015841334763344
1.84304859082178
0.7610053267943595
0.6215587472044932
1.15963402533826
4.25198288353011
1.8801210251657645
0.6049642219230535
2.6476407826360755
0.644332948117686
0.3784964485720623
1.9958793248635711
0.02813635680495885
4.240555503062518
0.9861358555949806
2.533714583356772
1.9394552258091453
5.0
0.0839582915534951
3.278515354337314
0.9546010929750226
3.2789845647886415
0.8960168957266195
0.0
3.1914851263806487
0.03429636539517489
2.4846400508811226
2.7068113905997944
4.269974949869137
0.7102304419122261
3.070173032928845
1.638207692545243
0.0
0.5935466668051568
0.018880239559263323
3.539847581685639
2.9758966106866165
0.060117936102726865
0.741998014284547
0.9830657918172214
1.1344886328155628
1.1284851618292233
2.088233826398267
3.134860823402395
4.313179438914693
3.5105793369804488
2.8557484457979174
0.9488744229909587
4.367803522526412
1.092727359685945
3.7801392805647
1.2179717859794836
1.4015937193444836
2.8939292133208565
3.4664757046068826
2.9738927438886034
1.8427970110765681
0.09511193510558247
0.9722930540167765
2.926168412412323
3.1154588347955574
2.4742645884509766
1.9257893288988344
0.0
1.9262466910836142
1.287527211251791
2.2950788285522563
2.228231278700861
2.8703737982113284
2.943708795962534
2.9392404783846198
0.035264209916928024
0.0
4.026793985526945
0.8103093611527301
0.0
0.5862982502782241
1.3457733432187817
0.3648812059447213
1.0553338067987834
0.728177588217295
0.0
5.0
1.1838620655856058
3.563004171755722
4.886553029045271
4.128376848696501
3.803125787549804
3.2445296762326277
3.664754118634513
3.3941049133784116
3.2736771064175945
4.029074938842755
4.885121687132269
3.2249941011708074
1.8426428225532905
4.342003610424575
4.887850685237984
4.028252619410658
2.669297301574037
3.56703037027392
1.8534286299149745
2.2865254927347953
3.665382503275631
3.3558169803076625
2.354996314773448
0.7337311658413865
3.4115937402430605
3.01866482519039
3.7664100993105674
3.516647177653037
2.977228686497709
3.7750993489598077
0.5897515533044633
1.1137815224529213
3.9710201968106356
1.0259367816802878
4.940373695642604
3.7295126948525903
1.1332646533423745
3.6095554582846217
4.041390312495299
3.820461885106222
3.0021066991329417
3.892361476752007
4.099633718911917
2.726465174002767
2.8848252960465226
0.8642659745515173
3.297133702402599
3.6875654300735707
3.4967492409273193
3.2962245989578665
3.3524944689066682
3.4571915009062577
0.4662550148832434
0.0881849687738816
0.0881849687738816
2.651035552176874
2.9363963352120215
0.9745937493465098
2.4104216688671705
0.0
0.0
0.7864136345381931
1.1524086340229038
0.35533152686377534
3.1116705121317922
3.3883931901300564
2.6544269369501503
3.150155791099059
3.200749029781171
3.198607634990558
2.697423629997863
0.6078406547042343
0.15355489275284384
2.2530747015817245
0.682836335260463
0.8039143951482055
1.1867828107736056
0.4834089881231076
0.18897555451522585
1.1424258708427812
3.718965932181512
0.058723714464441024
3.0238089064782243
1.1261621795425194
0.635156673786681
1.0000871494466397
0.6841898006544351
2.2436575643979975
2.0159103041680533
1.1426407794508116
1.9220968202011601
2.4216071804708115
3.330465129518008
1.1703089264396285
0.4983680746595649
0.160229483065911
0.4119423536634299
1.9351952794793896
0.0
0.04767907189954457
2.379942553299869
1.8999208660221543
0.16743848952754448
0.6592169512216133
0.0
0.0014683681662712722
2.7808381385936323
2.0449856283420806
1.7507566205622673
1.9694640930432241
0.03436477159604845
0.17367758146974843
0.05687501175086407
0.0
1.7826970154660997
0.0
0.0
0.018046287095579316
2.569391465828133
0.35496165340930386
2.604082275898616
1.7769760630216878
0.21769315274841627
0.1434151271087325
3.0738544037335904
4.193712203380613
2.1460008179407932
3.714115347318856
1.4302518881849275
3.7801892512816613
1.5995949238434317
3.462413904044093
2.5904711561776748
0.027208077638440464
4.287948237489278
2.628735622671002
2.74156250582682
4.399353753675567
3.0453388961730337
2.1309341010734775
1.5392775308335924
3.4680940828431854
1.8235914853188895
4.601615765925898
3.2974815687433217
1.8501100236446817
0.66755068960902
3.91578589866882
4.412105375388115
4.901597172058066
0.6153178179911984
0.11586554404509286
3.983214945278797
2.0188494134262718
0.8451075818257241
1.8482951409908401
3.046770804763054
2.9407863961725313
2.9586866136529224
3.95068032869367
2.6466949689404378
3.526431585163043
4.238888531730868
1.5336560425452026
3.9958910124777196
1.2274863824071343
2.4592875728010424
4.515314100996708
0.13751803026757692
1.0772656994222363
1.643365895791594
3.5336235935789144
3.0799187964691495
3.5443832353788705
5.0
3.0392878035588478
3.500647091427813
4.31665250930737
0.7737668212315993
3.0867362704460297
3.600449503545617
2.524370048846587
3.922566972042254
2.7376269247328358
2.721210016001077
0.8919004451172983
2.93207553398449
3.2559847337108248
2.693817853896708
3.8401565121678254
3.2262007068137053
3.730605331721078
0.0
0.016645712859330253
3.7323600230193708
2.3476839086378485
3.8085138374348677
2.1900913344920427
3.618291079572498
0.6263380339124085
3.7294300014864374
3.018917427601166
2.953077459832592
3.3557543495747404
4.862932610538647
3.6428827301848017
4.338092937203963
4.025480873467956
2.7677728485730233
1.1854839563241413
4.038871277624116
3.7557814465842263
1.087548713465929
1.1239745454502215
3.487839366023106
4.5087164138844145
4.265857733414938
1.037919677661801
2.0274476794704173
1.308712500161067
3.0451184823713993
1.2672485609018338
1.5375854407580256
0.5162961400198816
2.316036140454008
4.127242601934364
2.550251302452039
3.7873023763483875
2.8593422535213686
0.4299053987469419
1.1494602070896391
4.220748501654049
0.3080766301705111
2.840548734748041
4.196451450485964
3.7278635729430687
2.670949640398672
3.5393908778231147
3.773386726033424
0.5396909292362384
2.62077924928247
3.0809622122675044
3.346408603939953
4.419720919737813
3.0723274663327778
4.4147503481065575
0.7025837254437031
3.070439420851053
1.9305972529691453
3.8508721635483902
2.294033833114522
0.33015717364814723
2.8512355709310753
2.0663958181445894
3.793669446751529
3.7782391984194614
2.697973728474264
1.4091440581995798
3.3039452825895954
2.8863956901385213
4.132258369451932
1.482975023679309
2.7765949543882416
1.4460548883878452
3.6674990734393167
1.9356841695410347
0.5222409183426562
1.5321484183880765
3.313753924952605
0.737023093287557
1.0063358365812087
4.955980973884742
2.773818586679573
2.0520164742663107
1.8602841021158185
1.0165920558973003
1.8053216064845632
2.4879336051158925
3.949487359528627
3.5334103774711383
0.5482570994127958
2.416202175267852
3.180433047122346
2.065321148520876
3.086718621889532
4.454427144615661
2.398860301430999
4.357960847868403
0.27475678655310176
1.936149837887521
0.10539735496738079
4.289771295284313
3.268701941952232
3.695852047995634
3.751157846369691
1.4952158014891568
4.249859712055704
1.6438505045449814
2.843134106828901
1.364119881843214
0.21836315423167996
4.945210583137199
2.6649881217888036
2.1957951659701975
0.6282714730784278
4.879817939135124
0.4891790703493344
2.8455648121346178
1.1349392707511798
3.1826873201100523
2.337684900519891
4.906300206690922
2.891513208490503
3.6320105964781475
3.2857280906627127
2.9177387610724104
0.1063184921526048
2.321743572322962
2.3658357736091675
0.13494077928211823
1.6653262651523861
2.5706223851557817
0.6689089888382034
1.6631536681923103
3.484011366431149
3.9664822296689244
0.8468474735367773
0.2364801517392312
4.596705518215613
2.37394658786331
1.5383695164508522
4.029331643937848
0.4364193726405867
3.4775116524441083
1.2090819905252435
0.652933062142905
0.34337851212804704
2.8549178324750226
3.442068010108696
3.601403345825266
2.0662744153484933
4.129522800301174
3.9380454322120273
1.0527838030934475
2.5160065997117735
1.7036731750117022
3.069960321699969
4.416299547771046
2.246077228499389
2.7183208676985333
0.8510853351996337
0.6218830866233169
3.7860224541215546
0.7803227660888439
3.124086174496475
3.060676954257845
2.6126800381011206
0.0
3.7440628669624094
1.4524475997057769
2.734712209366596
3.770846553524699
3.0103361296915447
4.84667678091716
3.5165995381313606
3.9771935049789975
3.1334249477067266
3.0642962005063947
1.8944305395780665
3.5599588013091514
0.5940530332210869
2.363611822809905
1.3214917165654914
4.316766726281727
3.0057170914297258
3.4273576723324157
1.4095436694914873
3.7066276188548124
1.6502140445354563
3.948313153716408
2.5630413342515856
2.1553873058641724
2.9897477955463483
0.024992269501844966
1.1294670418138821
2.724658343638287
3.4793016341315175
1.2327146619735005
2.9431014697412476
1.1340907872867092
1.9238943896149143
2.5728044665780865
1.3579538463737082
3.5316042043227167
0.4891117769763209
2.861913395308064
4.183381939757382
1.7565309247055452
2.095810995768641
2.455414307904942
2.9226121831319984
0.8796386445424211
3.6319265357478336
1.4664428449121054
0.8574185606580746
0.9328934188859801
1.152841394897485
1.8492732185902598
0.876595652202111
0.25346274756987697
2.3878600137831336
2.686540444040926
0.7358062700666146
2.4925707826796963
3.836274131331765
1.569643318594041
3.4324361887911747
4.203445129981836
3.7561845095809963
4.3415796737074555
0.7015481042035638
2.307255380590153
2.9120034570387148
3.455040509535634
3.1284908527079054
2.8393660949822843
3.1242593476592555
3.437897769355349
1.90748814275703
3.6143226212499204
3.435485192114
1.740071643335821
4.262543838789732
2.88385878296149
4.379792663652173
1.5130243750015273
2.2786449327287337
1.3743690460925175
1.9483987550660253
1.8572689823750874
4.103181543797921
3.8595679288956104
0.7778066294505974
3.1632198957754882
2.5268751354708274
2.4046984622683043
0.6534391591258402
3.169847644122116
3.6714182309606436
3.3126142289380667
4.079647478292446
3.1132762978470154
3.1244015891361943
1.6292234049266288
1.963979697291554
3.4535375765765233
1.9641802258691325
2.3815442624204666
1.9028093213927963
2.9868303930109548
1.1984085978704502
4.491609073424774
1.2028877208862303
1.959702353241994
2.1482632190879256
3.2854943665231793
3.6713224347288747
2.3121860645057266
1.5892939289812276
3.9444359177213135
4.210316798892002
0.3692115946362753
2.6074746784482237
4.532870109341291
3.2597183098283016
1.0640587354776487
3.251372960071863
3.0974217094168828
2.1510024911782253
2.6983486945345168
2.7647319373011348
1.7817779847502653
4.155251959942259
4.361490748871985
4.886918373724651
3.4749974146414675
2.4475669516774223
2.3879090418739106
4.022854883041897
3.8777297012796126
2.865218460861926
0.7494646765649868
2.575952935676945
3.8769355950057647
1.383474656292229
3.049061499285091
0.9742127069303992
4.862885062411118
2.3249315277599423
3.8458338455614007
2.2781934951394502
1.3090770643344962
3.050740048987377
1.176309416416255
3.2415827434542885
4.429340406664588
3.880574901250024
3.642600842611235
2.9237246467858937
3.00439053119452
3.260166075900733
3.4366337007956376
3.2894094895276575
3.678260287263265
1.923906464880687
3.0057660430273234
3.0646909452835667
1.4826323176545544
3.3888069326293278
4.202342542653439
4.351450679355138
3.620309972490102
4.005041831155984
1.9227582474835283
1.9344975261806763
4.594304200854336
1.8282301798889415
1.7825283246914538
1.844886337140053
3.87248087849384
3.69044633529443
3.0472945125910473
2.796325775066575
1.0998927718738019
1.8827631089320178
2.397755865645818
2.0850230869417654
2.9488791868308493
4.814555405933691
1.2175487707650183
3.6975512242471766
3.8098799055896886
4.2615586000258014
1.9784493412120367
3.5662762180016134
4.036708178426503
2.8550070497443096
4.928671224402642
3.835522250736783
1.1376195568803187
2.635962245390897
3.6993266071306183
3.2472943098701226
1.4029052448104533
3.1336163066467697
2.9765250180512774
2.8011237089398238
1.1633076323828817
1.6142125750751055
2.6478569809006816
1.4766698183706377
2.591002493335226
2.168942828036971
3.7810840330193027
3.2165815543426266
3.4722593797806436
4.8285818831420535
3.09869542076507
2.6765665159310568
2.7309632841351976
2.919821406417469
3.448294836430284
1.01867701291643
3.719438457901744
1.9989922224709025
3.1786549626181904
3.9578799561467752
4.407332230963366
3.510374601578784
1.1448543032643892
2.970509393568728
2.6863527183916283
3.8044043096756757
3.4054726189783766
4.077974583300224
1.7238262205891908
2.375202674278888
2.734236168275352
3.3259100546488836
2.6563371114057723
3.6706668080924882
4.019356291867894
3.2540223728260207
3.894273719428029
3.662544026708215
2.657471025428922
3.3626648495022717
1.9614062701984203
3.8616113230902807
2.8251896442591358
3.018168651436233
3.948396798031215
3.642902709367015
3.060950042617283
2.314355052662589
1.9304911235650275
4.3428436150379515
0.34866030442755847
4.104269717408228
4.098751147668864
3.2982853103198364
4.914304083442739
1.4743650319853616
3.7347218756055605
4.660255436489077
2.422031701968087
3.0822743855201984
3.3490138655638866
4.24384236063554
1.4203302852115556
2.705962439716999
2.146005127246334
3.674350522976755
1.5590469394888555
2.994751059479596
1.630350428988132
3.4664042650403504
3.027017073034367
1.8170637508679128
3.355508531710918
4.091096192260484
2.630574138686856
3.282443627633682
4.0311167113127615
4.018729138675034
2.8071548234992405
2.868750605563342
4.029342188559227
4.075615607936079
3.65185042302173
3.6915438465623893
2.8713201369449775
3.487131572069787
1.0661302155778078
2.337242479552554
3.100641149430591
3.195929399502109
4.595292278804567
4.523327786501376
2.988533234480711
2.8266116107030292
2.8572774268179426
3.6340126549333536
3.240276526089728
3.592976458288487
2.774383235564834
3.9611719688659375
4.019134658880677
1.6744359859192066
2.2270714328515044
1.714427321951467
4.29287837021978
3.980289860084372
4.01046758022723
3.4241436350006387
4.132979057430268
2.7197460520188947
2.1402724758672793
3.942620543331077
2.604229025341919
2.240315621640047
4.10640417098338
3.01067130324459
2.1144691005940204
3.2061196044440474
2.572647877757799
2.0304055288315173
2.508348599647841
3.8624504288083035
3.0997920147697102
2.858067428763427
2.930628664968296
3.449173393301838
3.067923269816305
2.568847541384204
2.549409545897509
0.935702463216241
1.3748280454030812
1.1385413759300156
1.641748450729224
1.8876471646305073
3.343283260991221
2.9217788385769277
2.002461116250365
2.0630197628528544
4.017123083043102
2.3984948738616456
2.984123508851396
3.03321355890446
3.9749156055605064
2.479880595188901
1.590410203826094
2.8156113525916053
3.9097664509259342
3.461599985198358
1.833541450103641
3.3140016819841898
2.2822324753232888
3.2051148219350827
3.0064934478349956
4.836549141030485
2.5745783018870974
3.050099573970622
2.904566339201887
3.5029483719067223
4.028663583508983
0.9525822180173118
2.5858791208774754
4.050958185353727
3.100813732941111
3.6882758317752966
2.9846921733316165
2.5954616742182908
3.8388408393965734
3.9245670967366677
2.415457258610104
4.382383897945868
4.0307664035956785
3.881561208703354
2.2630053974194335
3.0295682999509284
1.621268967282874
4.044869396806615
3.2671528877866143
1.392610448748274
4.786296149068543
3.394850329950046
1.5205972067169133
2.30264087023968
3.3001863509548137
3.366655764161389
2.537596271301022
2.570567820957089
1.2799377821283837
3.4838179214313474
2.842644088242663
2.6964073226846748
3.0488660640144674
1.2896799305681137
3.912789883839917
2.4570841238304633
3.675509850010577
1.6689664441076455
1.449542533881531
3.8631579325392797
3.7012804518780245
2.8638026289960923
3.687735239737095
2.091264789460282
3.579801374263997
2.5494638215379073
3.502775600729012
3.2761585040003753
2.527440199455401
4.630149113286818
3.6565877074938617
1.8651462570832038
3.839284917611538
3.4496999357078035
4.026933490593605
3.2542633038958364
2.5465045140734075
2.586499595468431
2.6044237665701315
3.8750181211406796
4.348640345049131
2.692802140692671
4.019659327199422
4.481246085391434
2.744467543608028
2.6143322923380854
3.587399465805368
3.3013800144737733
2.337594705810668
2.51396581843753
3.018958818927211
2.4021917259353245
2.2179110092450065
3.6656908235621097
4.10042600215429
2.9677651745553826
3.352993949446163
3.3047546103838554
3.606354071320138
3.42131907999992
3.0269068736358378
3.99406402283742
3.1614955032720653
3.9782997484138383
2.714714821343115
4.071833368040872
2.3867688542742105
4.032851202286909
2.980222158984037
3.703520383701541
3.749827109600976
4.2309645402054255
3.1778458448747706
2.168284250316514
3.4265121075900606
3.277776496092046
2.657435069477674
3.0393671749703683
3.431297244156582
4.480593784916748
2.560008589242515
3.375915592119882
3.7580826690777744
1.7194923919424445
3.8809660788773996
3.253971016633045
4.15090508541153
3.136242861712863
3.807392147416417
3.5058244378082284
3.41789633798947
4.081678566306234
2.967652921495386
2.308610462937817
1.729661057558233
2.83800503118231
1.586740017078812
3.868206952370273
3.032825323550502
3.699048270854263
3.4019681898279
3.600527606709937
2.343426621973249
2.1798962132325483
3.4418279527882216
3.6926795094560765
3.5312202863259943
3.5283123295888474
2.8551409561666006
2.3951733838487934
2.733017100525852
3.364921918373115
3.1046593032603624
3.4236037375915283
2.9043911069786654
3.0649290735630474
4.5344186316207535
3.9003674564651183
4.361732557728404
2.5752099496184284
3.937390610006286
3.2850940217908438
1.98393773408152
2.100713841844549
2.5151995557160385
3.3415477865821392
3.022784033369123
2.486777168956829
3.5236525540908445
4.471346590683451
2.7073358547409283
2.6403156087068185
3.112472123380795
1.5586382559296839
2.9161297267574415
1.7884740154700447
3.7675942508451774
3.6098816507925156
2.9398557310372375
3.302632082620412
4.092265327077959
2.427102504349504
2.4693780587189416
2.789812869012686
2.420847379503078
3.7509078445890873
2.469902556526014
2.268534396266964
2.9958440211922506
3.591512846837583
2.94527798053591
4.310775656869048
2.751061029470928
3.01468811180143
2.916443573605231
3.2133278685077924
3.1338159090042215
4.94707041137149
3.4954026892187593
3.087216362196953
3.3207293400351707
2.9343495865902716
2.7714898996125448
3.463923060692929
2.8605371371922583
3.385916857672532
2.794058695863227
3.196465024953615
1.526964477553996
3.748607890345659
4.677025783345413
3.83029411855808
2.3088044411609383
4.327466036309741
3.3620099073482077
3.319717507377149
2.93181252296528
3.9685981614201387
4.9180496772356905
3.8028687842251006
2.3016939100517186
2.3741605142750584
3.6540098135331114
3.187055408879395
2.66362261658384
3.973525433617467
3.498413005895044
4.164568265280391
3.171677485219478
3.856274881819904
3.861397528017711
3.918080685278449
2.84790303700088
2.988499948588329
3.8884462361019576
3.651362748557088
3.0897067110806544
4.229088845178469
3.9067052467578494
2.8741912075056133
3.12609442605946
2.9276861342910747
2.842908712302277
3.123662772842625
3.0513374407477114
3.667642904831955
2.441134743048198
2.444180465078227
3.160590488842317
4.870834082430164
2.706202433147876
1.8144260972542172
1.3005926732586097
2.7558462138259356
3.428773119751928
3.7310476242841384
3.7946828946311477
3.5323853450447302
2.529212362455927
4.21613240225444
3.89726352960505
2.077782560849541
1.6374414098096857
1.8701976671966687
3.5361218612005763
2.2035428261817787
3.7791251530317123
1.9776454366773812
3.342417478689282
2.9071752333104763
4.234316485615173
3.827330828424567
3.8714497234322316
3.367394533772514
3.24102809398408
3.205329757567365
2.454803174238763
3.373652153996864
2.513773027821393
2.7632601063679214
2.777629907842189
2.994612503341961
3.6674606557175453
3.5404656371556857
2.0676814385771625
3.3249566569502633
1.5651013529227007
2.8893466263514016
3.5237121387972135
1.1319878977988447
4.909200916742354
4.16253503564083
3.6274726679879743
3.6306713829404167
3.0493536158594985
3.6064527286504555
3.976116508882023
2.952574542590268
2.6793299896403333
2.544782959740936
0.8857797132866985
4.041116711806616
2.686439701473449
2.2603297992126974
4.04194966791211
2.502939486296337
4.130592911368194
4.291582117200134
2.6149869069473963
1.438833892277036
3.0759535291251163
3.8067842653374537
0.4278716985452329
2.4701804512184946
1.9201405827003244
2.285602524580927
3.5881856181893417
1.6555994268976386
4.1385402834037315
2.5938614216004576
1.1006484033584103
2.2967770853640195
3.4577830173064426
3.2379896241460466
2.2709751680922503
0.8166443637987246
3.53354378234342
3.601545603161293
3.8450123428882437
1.3581333431413665
0.01656378708203654
4.7827797596868376
4.045426672225165
4.130839611285599
3.6659810658063803
1.816538290250552
0.04536509290744295
2.0641549368379692
2.1257345339737856
4.097650801047766
3.4513996179976796
2.901178760865597
2.4657797741456227
3.3897304884304322
0.7372377948173758
2.0898872011699394
2.3130424235686027
3.993089635246162
1.102155796780571
2.0066403725107342
3.5908738263869315
2.356812890995175
4.0621834766365295
0.646150752193237
0.15945166441508718
4.420789156328473
1.584157668934064
4.252959535923743
0.42501197555009274
2.648886421296857
2.744157060696275
3.541983384593231
2.635064085172866
0.615084961209539
3.1787470281058354
4.766714004480479
3.3862140372301575
3.4204268453885227
2.81901961093157
2.8376708981619725
2.5952313558298257
3.215159641727488
1.3593245004522903
1.230514996394053
3.9696692285303614
4.45681852573248
3.697426113494074
2.862946818620715
3.6726083492719406
1.3922079826235274
1.3281573472510795
2.773223900314532
4.538912390999759
3.92347153373746
1.5924015545387578
3.6646276967752227
2.5216241514658364
2.625954197194572
2.4373276282736915
1.7339416639569896
1.9372709399597001
4.52398050398603
2.9097199770513447
4.3344049108802265
3.277037557537202
2.698695581065067
1.9752882717852058
2.356122681619305
0.8214241539604599
1.572518253826158
1.991577380372381
4.061074631814559
2.038635002514983
2.8997424422695337
2.4882358256492254
2.5023284562935943
2.960228948483282
3.169433219532327
2.262061628693062
4.329552483119322
1.8562038885308834
2.9535555694194207
3.5216167977200223
3.997474075818004
2.9237029867388857
3.1072098091490314
1.7017863607184838
1.8617173584416236
2.8442066866806677
1.7190222927485141
3.4106831280928676
3.8764690030131135
2.8363344974100686
0.0
4.040093682405186
3.5487071842618167
0.7046634423952005
0.587750935319578
4.39725512798177
3.458930382761438
3.883046588900373
4.366512949607008
3.696027971041177
0.7003747879729731
3.6894754951389412
2.0428651961377753
3.657637434749149
2.5713946200615894
4.94217193537432
1.692662445096592
1.8851986574473711
3.559751637402183
1.7305615612112932
4.044873953424607
3.6761067470073794
3.7866224125410914
3.7293765772481775
1.4689487058425899
1.5703355499757343
3.1838766513820005
2.8612862678781745
2.0190785405675262
1.9571157452138568
2.2171116044231747
1.5309801677674675
1.1225140043244712
3.887980257770809
1.6932111985508866
3.446055812873987
0.0
0.8940183624028046
3.3103906095509803
4.116445019704527
0.8312251403436752
3.523789960529122
3.0144434330180863
1.7903573101230554
0.0006279252504475252
1.8450598074111255
4.44649568353948
1.0390263369881323
2.946049486241618
3.700750815478628
2.7709966376579924
2.508758718246038
4.105284285142728
0.8364511204121348
0.32979438718420795
4.110474492754545
2.1557023736023186
4.403999892740862
2.7306146448838513
1.881014803314753
3.3396387246847565
1.8285760842387617
1.9731833042900844
1.8895944885821105
1.667986437788393
2.863664052074567
2.6041258522659145
2.893068781601251
1.1919798837997968
2.7618442787083195
2.0995875588078334
4.262621275415632
4.337068838169805
3.5778440012358184
3.3343327937451397
0.4535068212462221
3.5838740773177973
1.3256927692851939
3.601603437248192
3.5492700344189716
4.545309560075829
4.434184649864433
3.5618171738351103
2.96041044431188
1.185293096038703
4.1912916073623245
4.289342947206049
2.33379771099374
1.7083978647265505
3.394992599797791
2.272085494803439
2.8664197808153355
3.0245495423957696
2.48218984146194
1.226563347172962
2.3990893185480573
1.7494950148124486
4.720816403925049
1.6466353822539839
1.1209717647397044
0.2999004099783509
4.318479369537841
4.2089693546526465
4.047913511481547
5.0
2.59093172472312
4.6463971814111815
4.679505918020708
3.81268345915766
4.103558484504556
3.799005243954791
1.6276027682096021
3.1233940430302045
4.042717156647107
3.095068232716578
1.6757691816206712
1.3869357953745256
3.028164888634725
0.5560551758585062
1.9599980935915111
4.417714427682529
2.7286277834439128
1.2908547780019042
2.531093878766516
1.2734251713618692
1.783039469496405
0.642122377671293
1.6304123846617573
2.1495200975091633
1.4762162121971416
0.739961526966816
1.7923941322554109
1.2263817587240933
0.6163716369387293
1.964707440211881
