3.541832726331794
4.117986531973079
4.592313290352434
3.967284183519448
2.6917474461495967
2.688866875430561
4.203502386222571
3.329339207802459
3.37736142786186
2.339710648607335
2.339710648607335
4.894921724022375
1.1137886168732773
2.926123022131444
3.2109695680020316
2.0942943105042033
3.526918651022976
3.8058297359677375
2.9207672667070756
1.269719918772937
2.737421718590804
0.7871622436600276
4.444208796408649
4.066051299067345
2.384795437537546
3.7252055906581685
2.1415561401143535
3.9300800250340266
1.1943404513860276
3.8051156508929687
2.626608205622169
3.45658122254515
1.8687749135486964
3.7951422372443204
3.147238847466504
0.3595504912295677
0.7809253457506529
2.4088114589566114
3.6639468209324235
1.1350105572628397
3.0844396083296495
3.7786643504434654
3.9079980190162456
0.8357425421589433
1.983731692008961
0.8207088658990624
0.6031874861304587
1.2721421999295401
4.249517330538048
2.1989369563318277
0.8779472779368849
2.8208848143657566
0.7361439863239383
0.505572380885841
1.9366243541015713
0.018701741320491294
4.0491305408367655
1.1008212786973992
2.541620241740512
2.0170884493019745
5.88340507665391
0.04585630674757546
2.920445878436901
1.0281134872042017
3.181234791665796
0.8457732209203819
-0.16977060989183812
3.1063690576089673
-0.13338063439041647
2.48954821960527
2.545320105534964
4.1132985438157235
0.6318142162663509
3.0371614542050676
1.6780549728930048
-0.02749403499522174
0.5993729650707511
-0.03253442563904585
3.624360277676688
3.074447669631839
0.03179880702376714
0.9691316791797231
1.002548430012327
1.1562276731231282
1.1853308916767524
2.136810418438637
3.1195821448033474
3.777644101364478
3.544408504932335
2.6192009320597727
0.9707816533372124
4.403197321868323
1.17100763682393
3.8297641310368036
1.0891102324926631
1.3976531750783323
2.7202270916971187
3.3861564807139946
3.020724697106198
1.9095816018404133
0.06625708481970882
1.1206326952756989
3.017031785350815
2.698504421087417
2.1539963623170184
1.9619229484971168
-0.242086176647053
2.1490188664710566
1.374372837417976
2.3830055420258827
2.4017950884742074
2.587205823004064
3.1616833983168906
3.07200788738003
-0.048138251474687976
-0.04612486706963814
4.015811928695459
0.48772195982500577
-0.11074317923554666
0.7405699675925916
1.4883388400073638
0.44242532835177606
1.0821124055740867
0.805494880561616
0.041694592242507156
5.321419250055458
1.434869364031858
3.643932462799963
4.908857383362628
4.113819420319423
3.908862395995431
3.3646122893128716
3.7120908192753603
3.3527047873731703
3.239288381646748
4.065835763572153
4.875169511179955
3.299789089367726
2.0186542484339594
4.3247612308093135
4.882277872728258
3.9713940941287778
2.883789432579386
3.7234363174445253
1.8324438415143494
2.342290701362465
3.576157921521242
3.1719756708529925
2.418472082264989
0.8959941744727811
3.819830885771969
3.2014127187526835
3.7520363622583215
3.6117270998818203
3.0260240906512905
3.739961790956503
0.6111745050544606
1.2296941886753636
3.9245598083117716
1.178638231689984
4.98737311407122
3.5942386681784892
1.3002227450631452
3.7130259210842844
4.045793798148891
4.036397582843506
2.6459965278315867
3.766862870705072
3.7425400027147226
2.7258627026463706
3.091440998653379
0.9866286899937204
2.9545714091557223
3.709151027714155
3.4736352110369104
3.256468514082197
3.2849421869350017
3.253358215805264
0.4914255505687546
0.1138967322455553
0.1138967322455553
2.7930449847500523
2.7497357525500963
1.038013117835714
2.559530978405773
-0.2680102487224918
-0.09835313063655882
0.9063655105129165
1.2191164609822085
0.42481456861783506
3.1045341508820705
3.325667749419587
2.4404446996898557
3.1826120096415096
3.2470051924039858
3.2166032434287537
2.638623612225347
0.6947936880100052
0.16687353101660207
2.399936436682948
0.8034714330365524
0.8897024452975195
0.9062874741182636
0.5685608167874996
0.19426933643910793
1.3014501953538282
3.7017670286744497
-0.014198766461646528
3.121040773555782
1.2538081589382521
0.6993622953175027
1.1041221735569877
0.7697989200527378
2.40654416848294
1.930603594872597
1.351773584055696
1.8849488449071572
2.408357503794983
3.3987380349510072
1.186303896284251
0.6684015690364227
0.13807946854240427
0.4978819980765383
2.12753701297585
-0.07171659010351661
-0.0646518388586177
2.4193668564716138
1.9653655719174772
0.17140869809427706
0.731691412247077
-0.2044330817305866
-0.053022597164877894
2.889015065219702
2.005911630691392
1.6465555748800451
1.9216528925303233
-0.04301780793076482
0.18047378169169015
0.10242383346973583
-0.34014106986300163
1.432460208706896
-0.1979397167595458
-0.131906149252897
-0.010156815268352659
2.512541893262945
0.4009543264930677
2.6541335174029115
1.7854376704823416
0.19201488005848333
0.10167717013205824
2.941406276292394
4.241981006818326
2.216942276971407
3.7142158962827363
1.4068576546512759
3.7538215318355626
1.7079575997896121
3.4368595561086686
2.6418303637655143
0.03559588988773754
4.407927679489269
2.7105347719194004
2.7148543498919366
4.456341505539031
3.088576352160368
1.9478122415048382
1.673618045519211
3.387979086833356
1.7744622835082815
4.527228259587471
2.998947035633204
1.5427416088577264
0.5750496822515778
4.073422063539169
4.501981909012446
4.83347126865527
0.6567501754638716
0.13430767954980105
3.944153294234301
2.0043864893987635
0.9198943987933159
1.7434094237328068
2.8956719903865356
2.973212947140988
3.012747829540986
3.892299709921886
2.614082311401562
3.353410184433029
4.245247307488038
1.6132036447374603
3.750505008970828
1.2071366711624698
2.473050572384386
4.6779568274314425
0.054022472195145
1.1248197205757915
1.603069314410023
3.670809079691102
2.620110339997842
3.566157140054976
5.186328341218186
2.995271912680929
3.4592582995746284
4.3455810702179996
0.703789770942322
3.0760193480100693
3.5099455105214794
2.6861987731850476
3.884321191429221
2.6288732149488077
2.742770767600776
0.9456490323599578
2.9610072409938404
3.223966325201328
2.651955124623054
3.862967019488611
3.130699528471416
3.622900904293214
-0.07456269546799454
0.026240275985696115
3.661279563722223
2.1950887943593127
3.9207479958609657
2.0639389361306097
3.4904406965857167
0.705317707006273
3.859335134607443
2.8062484524738007
2.7436358453967653
3.127234411257083
4.761195673425895
3.6909175091297044
4.38615820328217
3.7969062670369897
2.631079409366807
1.31910011813342
4.166418078581154
3.831989306920269
0.9964645652681838
1.1642048654809347
3.542204653902896
4.542784376062992
4.311689603974548
1.1406475384549069
1.806102801959213
1.224026440587176
3.076105296668686
1.2002787715032088
1.4609485261988837
0.623016655920015
2.3834423002959397
4.030333708136782
2.5831289852369164
3.822055502769077
2.9770660516418275
0.5074507822019445
1.0473913990723815
4.015067640234266
0.36634149265666593
2.444261276844827
4.210991944119009
3.7821723965063097
2.6763288359634743
3.308580615156865
3.7461353325548927
0.6641703641204177
2.702524927122992
2.897660952558386
3.3572648364235462
4.376670041028978
3.0664464707513943
4.530292763839785
0.7357974201824256
2.84652544108884
1.897720942427389
3.560333877731612
2.3040262960003464
0.39564087522390423
2.854184703344986
2.1917506183445585
3.8759738978149247
3.7123193326362287
2.576092348748757
1.4859777579482127
3.2761363216491883
2.78802574764096
4.256558843765543
1.5151961596008388
2.8335670525748906
1.4185599732365226
3.5873271275057625
2.0282902752633483
0.5858752548518744
1.6132271186247475
3.286753527699318
0.7681807612703668
1.1435919845464166
4.9551738318889775
2.679164395456736
2.032247690148573
1.8433465287610318
0.9524334213036862
1.8225028970622947
2.4377689322234435
3.9685264183358413
3.633434459404059
0.4341851311115299
2.3876006668395586
3.1641090957928757
1.9733231538026335
3.1546999521834387
4.383471598275561
2.4502432332573587
4.400442755747729
0.22977576238581499
1.9587362155458408
0.0885843541708411
4.160324478951056
3.343980427601437
3.689430824438663
3.4930396534316497
1.4472127552115381
4.220601828584558
1.8359955518066506
2.778157251400712
1.3979332172676298
0.27722777760691564
4.912324486080529
2.467694000288253
2.30131442315985
0.6982197016828628
4.809838168157395
0.5903193517123864
2.962129756086169
1.2277346938973643
3.11696563630664
2.26172710442418
4.864874953664442
3.0182310310558513
3.8140412874693705
3.399794911088831
2.9910561808627953
0.04434631773648334
2.4362372489953277
2.441798507404714
0.16716482184117787
1.7995486693431335
2.661371878645822
0.7044582072006023
1.7844527875587826
3.5398670439879893
3.98877447053437
0.9584231388202209
0.24841468769957054
4.593492932320119
2.3225135182536345
1.5300796481453194
4.0397394696614395
0.5231880388700407
3.43062035538348
1.1972247450714324
0.7613825988274474
0.43090141483896893
2.7755452886946284
3.557501416973718
3.6042976917434313
2.1035743456175595
4.2285322124497124
4.020744330254155
1.0410925611741266
2.5921944798184935
1.8228809343576078
3.0383953266478336
4.40308433832689
2.1093367169472277
2.6653352693779055
0.9663976493002799
0.7715122920495947
3.6872444401859585
0.9273590314661373
3.09557524846433
2.8617878960676
2.6109622433414437
-0.0982545289157386
3.800892343314503
1.5229059847558197
2.729407670273641
3.7793343630395597
2.8104521270159832
4.7750286350173
3.6067526434695907
3.842615597383082
3.2023144457683035
3.1222970624335904
2.0685501619277566
3.5909089723882452
0.7171151527263095
2.3681051004119613
1.4401170505460126
4.36479594479572
3.137857924045715
3.330344735053286
1.3226650269944855
3.7659733731645133
1.7818612286941686
3.9088399032507493
2.5397197048043303
2.0778837622397344
3.080344414647991
0.11077636258310974
1.2007020839863625
2.6242807922603166
3.7540275075919585
1.247310546887535
3.006609458366535
1.1825259872262013
2.0758198213682295
2.251014140961022
1.4475389599509594
3.582273536518489
0.6705290195276667
2.8744775046884996
4.1904728220646135
1.8882582426209567
1.8500736267083688
2.443969144405896
2.803504816229104
0.909746852958607
3.4735999494812226
1.4361740528349571
0.9714613056489938
0.9381233256870711
1.152020218376876
1.8648743294683232
0.9610895094261913
0.35901661454890466
2.6034089335437436
2.6699115138885716
0.9479937536796079
2.4573969389952506
4.100094549514578
1.6111784969656586
3.5858522311470598
4.155884366218562
3.69033821736768
4.2011842987150665
0.6158491685537015
2.4190517423055606
3.0047727240497366
3.4734483376178886
3.209280310332156
2.896282006102034
2.724077893489781
3.525372969820385
1.7437012605394013
3.7562788043155013
3.4660762120735313
1.814403958754129
3.9752185223596417
2.717867008198171
4.340047593064558
1.3696394774348626
2.332796269924687
1.4916888518040725
2.208179238969814
1.9195696009188072
4.138778685331337
3.8757025981748523
0.9229841552854694
3.3986844398204443
2.5751647202930528
2.352601904965635
0.7281461126756223
3.1606287077200257
3.6343628664252936
3.406304512791742
4.165630374999978
2.9137160647151106
3.19700326263472
1.76577485067512
2.0595178927861593
3.1078560194537186
1.9635145705377308
2.372283937811531
2.055245817798955
3.025176638623936
1.3475307982276075
4.363599304010391
1.3188523280165132
1.7947231964242274
2.0561241222475086
3.435889856397072
3.895657812602021
2.4309379543283853
1.2103770603994395
3.982342302424362
4.314683911133313
0.4314446717269149
2.5398448567110297
4.549813336950457
3.3645766307387444
1.1319996443816844
3.3032305860912423
3.1278296053864487
2.1424705704443756
2.7713769891206006
3.18338122472249
1.7539579408016728
4.143846663703906
4.147830118985421
4.781178040115945
3.4801303960814263
2.4553558438071317
2.430687303852208
4.055615988830782
3.929119780739601
2.9349382070880896
0.926888048553403
2.5966139472026004
3.9020873966474294
1.4712426791995394
3.0654970910528103
0.876778175031939
4.730569233532798
2.4800733719339156
3.828049358737367
2.1983391137212163
1.4458733463006208
3.082061004691271
1.3640930848120671
3.3788927481933744
4.539203364200704
3.9327360842721344
3.725853845611887
2.7616588690675012
3.0442763668321717
3.2535581236597633
3.5543495348803926
3.505174803408723
3.664747838879663
2.007967577999475
2.9838793514977784
3.019440265440906
1.4857585476293362
3.3011623624564166
4.265090076601121
4.533804059791322
3.6973668229772088
4.11478883564698
2.1079152520849362
1.8379176506035773
4.57776124248004
2.024749117650753
1.938221868640957
1.950759578267375
3.9085478121291573
3.841420202694586
3.208529717446945
2.7503263599248573
1.0996617878407182
1.744117719046228
2.363567307798448
2.0301127924456956
2.9983265760051463
4.724170961943389
1.2838117002912561
3.7321613950865054
3.93060314326501
4.2836707388869275
2.051279581280941
3.592737604105645
4.076174990383283
2.844884260086042
4.877554633958161
3.7416780839964208
1.0876615183388072
2.6659613039254797
3.655628792876559
3.2666278120727448
1.3636822367790966
3.050897703884452
2.947453968733406
2.5679354442288105
1.233132704085527
1.7139269142726299
2.6664008134483232
1.8796207925421022
2.5537309553110905
2.310957333788119
3.7876083959066094
3.0521777526777107
3.572717039632547
4.73127945215959
3.234150071921947
2.7160699646905364
2.962177219119509
2.8939334758761497
3.4543581225532396
0.9074600759469789
3.8136049976855713
2.059452104369779
3.081596843084288
3.4263533878273282
4.493383740594613
3.3733257978578646
1.1853095245632197
2.8996267629374284
2.822522679898986
3.6238164272263855
3.4060728958253694
4.151343162373186
1.7783443034561923
2.437078483869824
2.928261127325406
3.43489167059143
2.820866436067675
3.716687315361183
4.105725171021412
3.2336440423707256
3.7629949230706394
3.7069530479904724
2.5879111375748334
3.37799180846336
1.9511485312664725
3.985337614165452
2.7047866373549905
2.9047588994850333
3.9547474358652117
3.668735239829317
3.133607752983959
2.3488096554127527
1.7590177649629979
4.450832278757998
0.38528719282457047
4.141408008809092
4.059212812321444
3.2861609567193177
4.8598270952601546
1.5780012168186346
3.748353640774331
4.578213803427877
2.338764272875677
3.1562297055412056
3.40108117468907
4.17454035800524
1.1282886515157635
2.8281616280855832
2.1425510052321837
3.8497898977201235
1.7529408211344801
2.9479504675866632
1.794150715345225
3.437485059150264
2.872749980007624
1.9788175976624078
3.415772278662752
4.142154194300067
2.6981154880774945
3.4274439595480555
3.984996960272113
3.980122552929682
2.7605228049916573
2.9184750438797895
3.9033809198197957
4.037566051299672
3.5476796048401713
3.486558028427451
2.8294875391940923
3.1906407239487393
1.2655570817599884
2.422003697646719
3.1217207811263137
3.260190724498907
4.515385848875297
4.4555707372721365
3.101769946322408
2.920228785568378
2.6566913654384017
3.5341006073414434
3.3451658866474574
3.7833699953767113
2.739781581280237
4.050372003950519
4.023972986448177
1.8614822603356558
2.264295446465608
1.7669223912558643
4.468879328093481
4.0878498480547805
4.095881183176594
3.375724594686858
4.240957201918251
2.603530129350009
2.2028851651762924
4.005129491361409
2.7410279547572856
2.4107041149767543
4.075581801637817
3.036096697016424
2.3361935211022473
3.107238315498426
2.7215755641066277
1.8713978856126943
2.409745206817604
3.966445126123883
3.3847536170367736
2.729117591602444
2.9251486969715454
3.567983915937532
3.1245855654252424
2.602886345704178
2.7227571731053963
0.7423154887691528
1.8030302576703807
1.2996614218990175
1.5989099015103658
1.9733548090050625
3.3501231110735663
2.8795149137904605
1.702277240221063
2.1552452939050806
3.8752533011062624
2.5746752520787943
3.0288875458958753
3.1807174542383727
3.969941093274455
2.4072085139440897
1.8322777719431276
3.059302806115044
3.8701421144831336
3.3803972244408946
2.0320658669837908
3.385062174797012
2.312784455689565
3.085676413013287
2.8486459980343692
4.745326056923425
2.65558136167947
3.0657286111859072
2.9294092077278844
3.569677580959958
4.105855165337909
1.091998876857117
2.7042175822098713
4.019252217975943
3.000439096269032
3.7775548000760573
3.036852145322218
2.5441553272861483
3.9463126932908867
3.845650704342649
2.3608612400374938
4.416903627239318
4.0492851725625325
3.9048660863208067
2.326189475582444
2.989687078299445
1.8729745987090993
4.10806908432378
3.3557503742393155
1.5084694952125925
4.743021845209549
3.4300554388232527
1.5554191960810417
2.347618744938222
3.264662744764994
3.3744484737357983
2.5932841033430414
2.730774650813263
1.3228956173334012
3.543155635423213
2.8908956432550337
2.7472480148539855
3.140887231693153
1.293392701861917
3.8636447371005787
2.5315665149255064
3.659279665105343
1.8583319808965388
1.45393971188175
3.932599295416294
3.7586742177047263
2.698045028317642
3.6145628184841794
2.0634035899902177
3.6618561565109964
2.6119439875008563
3.6297629566721827
3.3563719226903057
2.3908584958582093
4.733768076469271
3.723213181709987
1.5862890775782645
3.9598094045718213
3.587694249208017
4.141746281888468
3.259642076623548
2.5640610101535177
2.549947767303431
2.6217212157228236
3.9500086953796174
4.398484126139962
2.733232086260065
4.100181352583952
4.448150208414539
2.6400639353218303
2.6729512742862784
3.628125376399421
3.2902828610572463
2.3993964926539793
2.472739567848869
2.653139133685505
2.363941800110746
2.1744532484614236
3.632788120713693
4.014524873986316
3.025425118661955
3.2013872956004317
2.9572840299684113
3.7126739485218874
3.312391134738748
3.063871010239744
4.060644248704316
3.1121194611941174
3.9938026792269685
2.753949466727228
4.061145177344647
2.4852077435431976
4.064487933783143
2.984191031726649
3.6919414961920527
3.725915613583707
4.348221372620658
3.0356732932994746
2.122932478026497
3.6125245246066147
3.180722843233111
2.6413061820741515
3.1176451088007635
3.4231845164455805
4.55576235508202
2.633916641191112
3.2748858647566816
3.614677440883691
1.6038269426800635
3.8908496895482756
3.384714926272487
3.992682584254867
3.0323820620649737
3.884035776372169
3.577536008133901
3.592659698529319
4.114253430334008
3.1254115200449437
2.341314225112244
1.6359125976944071
2.866972647422349
1.614188180433377
3.902880787696061
2.9580519223778055
3.467689083074692
3.248276396560433
3.6290484195792967
2.2600746205222837
2.138804699309853
3.287805011364936
3.7166833388465594
3.515581497860138
3.5166157261981343
2.8910716693866956
2.4096790292791646
2.817710424825437
3.277105602919894
3.0824621031238433
3.364721588937684
2.9121089619263714
2.8491004625528937
4.547760942114653
3.994025555319981
4.456233156124046
2.4396849543421
3.9738270262048765
3.273098683818718
1.8927350405308516
2.1398851889014985
2.5619407339575595
3.36477060336067
3.074505052727348
2.511565240382332
3.4673010373823434
4.4357457150645825
2.7585947615066946
2.47113474388018
3.092573090248626
1.4241662746768426
2.862689886143171
1.7799924220170933
3.6274843555355876
3.369651425077654
3.028603081546402
3.329789824096787
4.104521898690601
2.460699057844945
2.4417030674734352
2.766483752864163
2.3460052679769046
3.818203289826897
2.4803431912258684
2.493319999421372
3.0688362589929916
3.618404999312494
3.1326907874593193
4.340996513300363
2.714333865816501
2.947245556297874
2.9155810957135078
3.2058815360111
3.168299004525691
4.8306162099644485
3.5276707552623616
3.025765832003593
3.4079924890464586
3.0650568046539437
2.826644541644008
3.2313348287470536
2.9070937076907146
3.4078763143109914
2.7928743395558584
3.3689663035452124
1.5846012603901212
3.8342377845615694
4.581136305483186
3.8130854618945342
2.3114618947741814
4.259613842286141
3.3484178418633093
3.3717038370141523
2.8228431154947966
3.9103552699097275
4.9373440136407645
3.915960167682064
2.478985823861537
2.243883250351809
3.754599430131014
3.099192387400665
2.650703224000466
3.993236487932963
3.662684103501519
4.1814913727913225
3.1229271296944443
3.8713028459632515
3.8842871839602626
3.925720612343868
2.9528254148277124
2.769190792254898
3.8647434937009333
3.707523614997978
3.0557149953603666
4.051163512946156
3.8461303676201375
2.7772708754345476
3.1015156086087803
2.7048131930984436
2.7595966188631085
3.0145529887554012
3.0639851909128506
3.7882801888970263
2.4646681773754455
2.319115275709729
3.157746363842538
4.778443099867529
2.6348923557927026
1.7992779200133295
1.3290363098503555
2.7480530316721943
3.42955998959345
3.6898721925075986
3.6263380807330794
3.4636086177587995
2.3919567392076413
4.016545433270711
4.056905899524828
2.1847236885713723
1.3025077636067977
1.7285852335984533
3.3546398919214973
2.2481215549978977
3.918781700314277
1.9298725042686495
3.4420926437281807
2.9463519970066034
4.260175127104558
3.9015975546929234
3.917827913128047
3.337174377078373
3.2968478151554326
3.296758829872612
2.437414858279684
3.3627950005065212
2.627845328410208
2.9312488042711653
2.891380579298472
3.0119657188965316
3.6398314804109653
3.449973728507958
2.0993239326604893
3.2460348876873777
1.5432684587621797
2.644126729522979
3.6021397511617668
1.1454387281032208
4.9279249354042065
4.231347439090914
3.679015756896069
3.524811657988364
3.0912322515607826
3.7095210615797036
4.121352033462889
2.7738662721995873
2.6127723963680065
2.4834966147912905
0.8724433932751339
4.01114532002523
2.719146623271792
2.263663695917428
4.015124061798412
2.6062393005253934
4.13566616141059
4.350096539846659
2.8022635565307414
1.4292124981168168
3.1043563144989736
3.8417505845045206
0.4417748749651782
2.5635378763518695
2.034720936356825
2.318120843388657
3.634145247655418
1.5590636238367352
4.124273385736251
2.501259355538007
1.146073966859726
2.32704510484176
3.2621839630569323
2.9892669120963173
2.0427279340749926
0.8557662489994708
3.7394762191993234
3.410237947462962
3.9535288941138145
1.4748018159551837
0.034413979177260856
4.741504163627052
4.054633399304878
4.264100130911286
3.6447639509523775
1.6904918428203999
0.09329699605571484
2.1401049954685476
2.210861841099245
4.19178920290911
3.4073445901711743
2.8880623276915784
2.486709214899639
3.5230753807874944
0.78187782445994
2.0897347647093767
2.126382453033802
3.844166083519605
1.2259074224766646
2.0140597633566717
3.6164877959044457
2.2735589036317716
4.073929457352843
0.741931051377863
0.02005414933062255
4.441485282983681
1.7414747480660449
4.284445853771896
0.4886675369829483
2.6390853610303306
2.7047726654149837
3.768526931692028
2.6794265994311584
0.7893065884578174
3.206592411646273
4.510039867180078
3.4996672036706453
3.305416475098351
2.833324599823401
2.858098089263173
2.653227049613074
3.276022380034405
1.4223195832757494
1.0500176877434182
3.9826900704174797
4.354335472974045
3.6296987782479686
2.8242750964459535
3.745651710320942
1.4402877223823705
1.3528162844226532
2.8158746655373044
4.251410982324883
4.04058605283463
1.8005775628283889
3.7700171738630512
2.5459676619426777
2.8726369219249097
2.2548803472110652
1.792039905686206
1.9983955254477923
4.630630739446419
3.0004872578371096
4.318645932347829
3.224894747987694
2.8912037371392376
2.028899079060052
2.318677205954293
0.8644381017866678
1.6545384408931536
2.1103266190410306
3.893017992970755
2.0118301186605425
2.9298365484000453
2.4735850089419724
2.3964941381559957
2.9461346092789515
3.2120944868095194
2.205640432867609
4.392993983113831
1.8664548621628914
3.043183569395362
3.5178251358799386
3.47484563650978
2.763186300024401
3.095169917416584
1.7762646345470738
1.9498391889184425
2.9491283866178524
1.8832209447000867
3.398635383546573
4.011107789745578
2.6181657113300094
0.010719551221979984
3.982216547079391
3.565241710118924
0.7065630503130169
0.4816357483071183
4.3370638668455666
3.537847135630386
4.06412426159465
4.151608932116995
3.7059117917576607
0.7814065233539846
3.7615779994066454
2.212611197584362
3.722250039453188
2.77200333998106
4.8284706075463095
1.7840896172890677
1.9169489837328424
3.588332633088923
1.8056781673917612
4.033462598254385
3.6334985725789704
3.7919398773030597
3.7337668394246872
1.515860548532574
1.6613521036351795
3.113789698309086
2.9707212244580656
1.9397813917927795
2.0554346133729045
2.0453505361764055
1.507299857226302
1.20332835171512
3.9956241768555056
1.712802372567909
3.4898270860765788
-0.23789491310178867
1.0362159573889738
3.1111301496188766
4.318314904792892
0.9445421880547347
3.538361528582996
3.03814573822933
1.8092762207234632
-0.06895279445580549
1.8683571082927237
4.287759545979837
1.1293123089548942
2.957201381972949
3.7512683862914855
2.871296672586247
2.2794908236537186
3.948273328710872
1.0045598082265759
0.4383743687763282
3.8556143365783573
2.041310399624102
4.416582061446311
2.7763985137677114
1.890309975238054
3.371856677162853
1.8150713119089392
1.9066646549814603
1.741207437873145
1.7083974270696825
2.6685547366189617
2.4692038493389337
2.726179056084227
1.3332879653081005
2.7345713977785877
2.044556811337305
4.2649404850028905
4.097807925321911
3.6886409977792862
3.1926619980849953
0.44927207992295415
3.661189803225538
1.357442891394152
3.542180168296868
3.5583791553394484
4.374491889968674
4.368777030847449
3.3416203403774
2.731461757839453
1.1317519245134111
4.257985702718306
4.016884473281545
2.3603500120097536
1.814199785829727
3.382678650911936
2.237277608201513
2.5050782972384606
2.9491528857975613
2.568941205464368
1.5128064270596493
2.4669748030013974
1.7438886213899902
4.78444894461324
1.7957538744098738
1.1102844517490702
0.37218585240725055
4.323030884502597
4.3587506262802105
4.058173447809725
5.07437189468809
2.482466375091045
4.676788110419153
4.715326285624
3.846044288016211
4.299246232883606
3.734819941742545
1.5846731755704937
3.151029585927473
4.037797462132408
3.0630723887008457
1.7577318048807786
1.541371068840185
2.9875272980610905
0.6284438303050539
1.879214164921784
4.361567433229542
2.677953986480791
1.3887973909375066
2.611856079436471
1.2523710189486987
1.830216185905451
0.6728654194194288
1.480263168417883
2.258863825986065
1.5430585214257793
0.8864583964139978
1.8495444780276546
1.1492244514025618
0.6883817723801382
2.1538337091918063
