3.786081384749432
4.0499500520641725
4.399907879734711
4.049781709902854
2.5478390442512233
2.6354480870435926
4.181019490178123
2.7306969421988545
2.8818251071355134
2.543928188542314
2.543928188542314
4.9017609898287
1.008816957437816
3.1833178463008838
2.567546870154065
2.5681469794064324
3.7606246195822988
3.7086102986435896
3.6795992356958656
2.240614573761706
2.703719099545148
0.9696615810895453
4.386429989220829
4.137874843407305
1.8910144070576105
3.413851273667293
2.427749084544153
3.899464214892824
1.169486118939075
3.6393315135158066
1.7901429177870907
3.3878660452553713
1.4896947035769803
3.7366537321272646
3.2715200474343376
1.061848336842957
0.826754959108444
2.0317152129735967
3.397128382987179
1.0869075893382445
2.4093122946465084
3.674944255029508
3.8228590709549573
0.9157473787146864
1.933312543750508
1.1046723947183499
1.0749242217527084
1.3065760197902017
3.6848535837022856
1.102195722862254
0.845246510204364
1.860520876162401
0.9373885238315904
0.8195912335898012
2.6758630524237845
-0.21388556746105136
4.343135181537056
1.1699614360496668
2.6076912264445418
2.181806766570974
5.493074133118428
-0.028644457286831848
2.724237491563264
0.8393836800953189
3.2628437029053043
1.4556534113564727
0.1817100219028398
2.384506465244152
0.015380504369119752
2.472656540742537
2.316321722940938
3.995607360931466
0.6507324825096004
3.110321110381211
1.7840174020866013
0.09630800764696845
1.0027712053405407
-0.02519205057260754
3.6359549490506464
2.8453209800285992
0.09912727549600797
0.9704866140460209
0.9302225163773241
1.0159859513075493
1.4226640484794157
1.80975548054696
2.770711023419263
4.006492073115465
3.35671097523717
2.654476422758853
0.21008263138101713
4.44258949831139
0.5144830179884612
3.712615523018455
1.7513041519776977
1.4439616652583998
2.522765242967909
3.8278155820053095
3.364219496383321
1.3964422604174431
-0.05055101609891599
1.3672623807028708
2.678986151408662
3.345405970064754
2.368186529313228
1.4632303842545888
0.07226155820744085
1.1714028729316497
1.4576595989992094
2.1049070864968296
1.4762780699581222
2.399017587224906
1.9733996638905382
2.306518029363867
-0.18834654001259166
-0.21074366848446813
4.060443898459537
0.9039308068779115
-0.07827865002011292
0.821459555037134
0.9837318742510175
0.44887698808713816
1.3107918088076755
1.6139032005774774
0.25736503327412885
5.1212601275836285
1.1838657014477456
3.3046218582100733
4.860154902219506
4.280545557407313
3.7331942705113437
2.9013492004697548
3.8290138149880772
3.673592661021004
3.233120370275745
3.9665712835692823
4.885434728819721
2.8429174525930585
2.529127958314343
4.382216119371165
4.887478121601129
4.167900988978337
2.3896258149086367
3.3191874573932645
2.3336595992305305
2.9359152185451465
3.9445033062070407
3.5165939613547628
2.893564045376094
1.0565537328969836
2.855999834591229
2.8129272610254943
3.821169688020785
3.4065850659652006
2.998099534174234
3.2459866728655995
0.9655125291982558
1.13045903996746
4.00402246414097
0.9140671830302058
4.94051584529833
3.5193469223461116
1.0814553260556505
3.492054740660422
4.005279159598565
3.80706346492687
2.933623786932874
3.4415723635006557
3.9492523340077326
2.4280352345005816
2.5557026774772775
0.8823315325072056
3.4827094889530748
3.5996117549389006
3.7307286578285566
3.354228060866524
3.169539591920375
3.719317995268464
1.1052543032703288
0.058838293232903016
0.058838293232903016
2.6648918565941853
3.342488759303125
1.168489030965516
1.6987705767292192
-0.11212666728149712
-0.1875546861875521
0.7984337820443135
1.2229788285614913
0.9569477967574138
3.264034267151455
2.9513181629697116
2.503796208118049
2.6706935911969514
2.5733777012393584
2.6730987523162226
2.6827049526722146
0.8789545482843324
0.31353896402983716
1.8911184300456063
1.1212073517031347
1.1360171150014335
1.6173789390808406
0.7881991016501613
0.62678548473863
1.1639804953505801
3.9461004047162507
-0.07886385580933597
2.5477946518824024
0.930742417726544
0.9272013372508856
1.2537998691488625
0.8477611111953363
2.111234182971588
1.7143581289883802
1.0453921442077214
2.11743896551338
2.5190507520772054
3.1575299538249575
1.3427579841461932
0.5496715423677707
-0.09405955760373663
0.22272717036592526
1.1303552446846923
0.06750308054356546
0.2896940860040993
1.7844289360802663
1.1496675419632294
0.12284026294520389
0.18238824787571817
-0.18359928452930374
-0.0913137803536812
2.3709290322863956
1.726497569178456
2.4585150074062256
2.59310778437267
-0.13238589191725536
-0.1060356080264726
0.009049638244816638
0.11954410648915159
2.076206135408246
-0.05256675912111097
0.15640480378015775
-0.09273793859190205
1.8683317768313583
0.5620197000466232
2.3626751993866484
1.4908614396769484
0.3913499156665705
0.16517406367121845
3.0720979564769357
4.07939989280068
1.9151879954899047
3.6084980542280145
0.9174132694189976
3.637875006012887
1.9979365063675512
3.485716918449143
2.7368079254167914
-0.05993929906650264
4.282599729958196
2.632800959691489
2.890162009201521
4.3865758059386515
3.3480603410624075
2.376628173322255
1.9113351217500214
3.4749698295032982
2.018661420191403
4.723517603840257
3.554220888146373
2.863063372932594
1.0587542076806966
3.6397919135800687
4.430896149719102
4.89416818841708
0.8508244407065431
0.2499831997523576
3.7337452136533504
2.520397872267982
1.1445015895658863
1.56364905286287
2.745793008129827
3.34065524755091
3.244916549785382
3.905997765387506
2.908919737627049
4.034351320835359
4.203753492890343
1.1641040195793786
3.992997227005817
2.0338264998251216
2.796942424281616
4.389969734402637
0.23661942878456133
1.2873043787221161
2.067276844649338
3.492591921725541
3.157808700143255
3.3261295783106477
5.030007836236926
2.9155065713574024
3.5603518489926906
4.50001190783871
0.9131030263487774
3.0777193129329565
3.9560704657479673
2.015983316428882
3.754983363562109
3.059059776741727
3.1181124765625046
0.673275159639561
3.202865586555625
3.465601224452009
3.0751497508747687
3.941479466736467
3.504831538496035
3.839459396186482
-0.1829994175781926
0.06061398705781551
3.810870708631732
2.575802988834432
3.8663393279118563
1.6679664231597298
3.979414836269545
0.005746404595790455
3.8398589813384576
3.160633601994276
2.406749725968844
3.1748132238916926
4.864203408976082
3.5990406761408473
4.353903267812623
4.136209658355195
3.396545168466876
1.4888579164090054
4.107347263611002
3.835760946241401
1.4076647821949781
1.2757451411183678
3.517291741319305
4.541435950772398
4.423915965662911
1.0701138969524036
2.839253025755498
1.156251077074684
3.117473640598696
1.3831625662444353
1.356883695342916
0.5249729644436454
1.9459057052533866
4.017329857548956
2.7622565464772904
3.756514401763934
3.023195549814439
0.04260144262667831
1.3181869320314523
4.041074496480549
0.40658012588051884
3.1019522841424245
4.183458433896028
3.619628460781248
2.3693185054742085
3.0752464320466664
3.6922375125804803
0.553149324752408
2.7932795165146485
3.2298913338407185
3.158341572633185
4.430707474000309
3.3517955383006526
3.919003752507757
0.7405701616711764
3.6150916491218443
2.4707877127618336
3.947501639574615
2.70476438279614
0.48133989065928917
3.042095477165262
1.9159763489144734
3.8167232015386188
4.160152279232044
3.0934538959159963
1.6805614165824
3.7945290747785276
3.2931724868435555
4.113599569807102
1.9033960270132435
2.650495002278569
1.3079591276693905
3.5897052135718543
1.7637303872093972
0.806624729856074
1.7432400770562464
3.5960623529637634
0.9349131135802602
1.2246064348695502
4.960809027007178
2.905339061415528
2.0133039322787734
2.3842993088025417
1.2506031195883485
1.9638096288363536
2.760405580599319
4.221192220795464
3.691724123576113
0.46804495519446165
2.4003326501283184
3.050864021065721
2.1781832733424147
3.3731354594868015
4.552570937761237
2.7752221796878147
4.41115793045055
0.297466122776211
2.2266722205623375
0.22360171989731592
4.294349896422489
3.589470349562531
3.786533895616141
3.268234362807721
1.4625596554183766
4.0690073315387565
1.9166665658075686
3.423685913204047
2.0502803064535855
0.03622385581229404
4.957101293262246
2.5653899624144345
2.679812791737024
1.2090147702470593
4.879282721570438
1.220618342797375
2.9946999681607163
1.1448848271492769
3.5238734574858186
2.784730498903365
4.892434655707241
3.0750616253316765
3.479912834369563
3.3317707772806444
2.3788148945371472
-0.05114829843709101
1.755434270645877
2.605330469355264
0.3152779453595511
1.5594874743828506
2.5720043741390977
0.6891911732204972
1.579300981964082
3.44857777878051
3.854027040385269
0.7055980582854677
0.2691838646697442
4.575688034513599
2.7096618856292527
1.7104144233450058
3.838608988045577
0.6543114979806579
3.727524043106689
1.6022212494912371
0.5545398176583602
-0.041377516944848036
3.4554236911055534
3.3339919681847747
3.4224091709397126
2.100793271022313
4.006471792867378
3.8499083495241897
0.8823420273298646
2.1278292144679916
1.796216522469693
3.504639279660815
4.365268002149675
1.9348076365328901
2.842307715116205
0.968539901832616
0.7979141557896949
3.7004601016774736
0.6893114471782753
3.5612976089330624
3.2472020181621217
2.5585881255507226
0.06663465497589138
3.460696110299669
1.2527670857053423
2.5614051487951914
3.71768380455308
2.4836496791173146
4.8301346260384594
3.6452774137884547
4.3132763689105875
3.1004504264302253
2.9555611391033234
0.946978794071001
3.694019153486226
0.4300675144561059
2.666020121455373
1.159787836839309
4.244568486381601
3.013959660272653
3.1395846369400853
1.7684171368642656
3.713633159034807
1.4826976219444643
3.923926656957755
2.7519016843430557
2.1168848544324566
2.876883725066317
0.07720460240537586
1.245287242782228
1.424202681483902
3.186623565893217
1.550584635119732
3.1084536089338557
1.2075073480913177
1.6754393857977345
2.6136541443254733
0.7699734036072017
2.951850732210772
0.4166942122776054
2.8212891536248743
4.246258749221136
1.9246170007261933
2.8331521326084963
2.3265552611765776
3.0927508273572077
1.3110922540098362
3.5168790748306775
0.8343194550658919
1.1196637317658262
1.0446077460195151
0.9365376202074729
1.7788010034693724
0.9486889669160221
0.07333136254101236
2.912465046284763
2.0905875739611877
0.6377649977608564
2.4226037490903773
3.605578873939804
0.8249780776913371
3.305087326107873
3.7203063030456778
3.7103685243962397
4.1933206653768345
0.5644637213401134
2.4330358147478433
3.2039330694545414
3.598165150166006
3.302369774072344
3.2949958236586103
2.8251938509358463
3.1768216923395722
1.972148527838732
3.723008406652394
3.225370577395893
1.8195909333393927
4.171729610520394
2.9668690578920063
3.997532074914591
1.6926241945303393
2.1779671168337837
1.24101655775311
1.806526733867186
1.6346170704134573
4.071038060556496
3.945169217446216
0.6369194020994002
2.8960393554716863
2.817489531272076
2.525606603119217
1.3758829288283434
2.982949840097105
3.810739828681768
2.6438935486645883
4.10677585807437
2.8228716137448786
3.006478268101579
0.8154874466139188
1.3144758962248315
3.402866115109006
1.7074402468520513
2.6739919068896953
1.4059949260234306
3.0246957597925204
1.353847781696587
4.314201871855351
1.2711026249115833
1.5066174562174983
2.0276836490998273
3.032539442372259
3.4259447231906353
2.757585086948199
1.5312282040590781
4.003793984153937
4.014128071233934
0.2394832180327513
2.356695213699292
4.5394482751604155
2.9703008371224358
1.247789996030138
3.2014466298561834
3.1128729897007914
2.3070794546000486
2.4551560743162804
2.0816991695532514
1.9621830613009146
4.1269698349543695
4.11195597356155
4.902217805556296
3.804515235275731
2.760384544690076
1.9983323560329755
4.1086438037408595
3.734509571629862
2.6318037548517226
0.6513790425643156
2.3101793119821257
3.7692208100146147
1.7287013011111605
2.6962048374522927
0.9403090336813169
4.875496304990186
2.0239017865385365
4.0215245151021435
2.1662344291017974
2.2209078751550586
2.6883679233364792
1.371443383792911
2.0059346548058827
4.421756514032486
3.717183002443502
3.3546318553944148
2.7988078412850608
3.123262067035544
3.361286727372083
3.365879310351478
2.8249286158549833
3.3672755873968145
1.5336680556300863
3.172891871585518
3.0165345779066848
1.1182610639911617
2.848430304763028
4.210143128480803
3.7744457009108534
3.6137077433603806
3.910381368504759
1.601024646904476
2.3122516233185526
4.345141570543582
1.5493310223855672
1.4903289008500331
1.855884827692869
3.852650091686536
3.8582060820737882
2.7385228739219465
3.035301479763296
1.119655863916949
2.1777076713041805
2.1879826819991846
2.6793910928252767
2.8403326427923674
4.7863062730135155
1.546902101063392
3.6764937949203325
4.051884156497447
4.202775771625927
1.8460875419819458
3.5612180522817733
4.001987943144462
3.166008731643791
4.944698422353223
4.119997538054989
2.3581883731774895
2.9486967218361113
3.4960596785503086
2.280213550228544
2.1215601138881017
3.0537538355186054
2.9620802759759397
3.187902302453798
0.9252836554900559
1.4315294534695497
2.4738753823098283
1.4801882428365745
2.4929796445364825
1.9972183393643204
3.860886779593136
3.371317575944896
3.690953647994434
4.810002134946188
2.7904498636200574
2.9042480689937276
2.4405709060605836
2.6946397833355724
3.2079508854121497
1.450817865934113
3.7133493795601864
2.611577201858872
3.3332076647490347
4.4277911445100315
4.334929385860926
3.797832981867543
0.7139436432256177
2.667726936628443
2.2850754577695027
3.814633870416069
3.33437408804309
4.2201604812883655
1.8031402172767002
2.5430156879855503
2.5900717968056397
3.0512622703483134
2.6204876919947577
3.6679450046788076
3.953497382147822
3.3258552264018335
4.168646368539809
3.8674861326945558
3.0340623056661298
3.086449861803063
2.3290060278172677
3.8860454343619755
2.7323465928913193
2.96040504805624
4.036902402511652
3.6526407283804008
3.1775279656661053
2.0765089066711284
2.1454187444361827
3.9974116296038287
0.9624453944078852
3.7643695765552168
3.805827721971681
3.290575070543206
4.925051656160955
1.650491642335878
3.7960952210502277
4.169929322566459
2.8027929148298374
3.0080295797588446
3.28516532628478
4.058355819088634
1.6442726348041679
2.523945208974182
2.326737558200606
3.6813115565179513
1.6677917427772422
3.230530683874672
2.073814357836661
3.4517476030127363
2.9642797290291996
1.3911035622535022
3.410237104396684
4.071806260556842
2.753131305883446
2.8716630022554743
3.730392009781957
4.042323388666809
2.807170152442868
3.1133930851724787
3.535900859643822
3.8027659426480143
3.643858146694336
3.557347078755806
3.237803936451384
4.020062519798852
0.9330890162212513
2.0915532826450787
3.3179161375016224
3.202134155274939
4.550379015167595
4.712652986695092
3.095882255591324
1.751444095473302
2.960443281564395
3.627276371732249
3.125455583566078
3.7092890973765056
2.7819698141412545
4.198174168272029
4.107379170835969
1.6381495039152818
2.559801834759057
2.281379906370528
4.093279229974197
4.219670643199979
3.9598488481670935
2.9522979644340475
4.131784305360595
2.67816286424928
3.030580376901377
3.8972716440729145
2.447928235035891
1.9514809759511693
3.7992528282169578
3.3403922828262815
1.553433923719442
2.9258138867971035
2.5451844501403538
2.5398978790801086
2.699564474393647
4.0406657808387045
2.582973385388723
3.044171521926937
2.663322488102198
3.1835894275695
2.9875857909458783
2.3220956840601175
1.8758481345344404
0.7443308567565095
1.4498465022193234
1.2611057061406954
2.709706197213421
2.5506473577944138
2.9163750273873537
2.6547028014245337
2.3088757267954834
2.2554136215346765
3.5343931124913586
1.2260137712407002
2.8218798404523944
2.583255852263719
3.912180210058889
2.7034713746314787
1.596279091532128
2.5610608599916618
3.7920812740152976
3.31182914163279
1.057563986732697
3.254750077485182
2.433252098491485
3.551884583893252
3.29271074625697
4.82042084244371
2.985381933148742
2.9854585491170167
2.8767018915643896
3.530873154767495
4.023233605761153
1.025706324637095
2.9341551661500236
4.006170384264138
3.465103077629664
3.5234062733730664
2.5348606978258013
2.2980633251144087
3.738462579129138
4.0407305833204425
3.2155419724978276
4.29047039781563
4.028499733133938
3.7479027706948433
2.137928347498685
3.12419967728636
1.1745852173445894
3.9541667420909943
3.461200014765382
1.8736892159192942
4.731767093109983
3.3873093580557847
1.9006257340212156
2.693517637196169
3.2574550201970207
3.692840542836572
2.589070053781566
2.726817472311423
1.1888747793082932
2.8466169284840226
2.8616488993723252
2.5246915468568463
3.0512731782823166
1.7734254842253558
3.6014549219795264
2.483496419659288
3.832406746963524
1.2804136090904792
1.0734836701785562
3.8778149739209895
3.650670641710733
3.0597795796178286
3.639907668341595
1.9760285828935875
3.5599627036940693
2.723897928001865
3.4313507458217214
3.324349591573752
2.6207881889271083
4.530873277469778
3.6690994024022303
1.8746480699505068
3.781231434158793
3.405311561082556
3.9151926694688464
3.532592750086503
2.4805891386904535
2.445577202851297
2.7305199383576935
3.806659356287249
4.332897118946951
2.8810965857070188
3.8979768499635656
4.4140423206325945
2.639178518823361
2.1356307596202364
3.605617104520834
3.405365425696616
2.338735547493027
2.376779691287393
2.9643697786408727
2.743227046108118
1.8924225592069956
3.427061222777246
4.116875191385862
2.7399674012040607
3.516668874312256
3.623815208583563
3.742673250736431
3.6080389551410073
2.9877048102256265
3.9672639583166647
2.988526553722807
3.7996181775400957
2.6754778758388906
4.159481606467752
1.9291381046502498
4.027895163044885
2.9889035354751354
3.576289623053562
3.669912908543051
4.145359494083605
3.1109093002718606
2.3104601289777738
3.2863807745553824
3.597591847214878
2.7299692643204954
3.001964996951337
3.3631117365043424
4.304066321501828
1.9173287084640092
3.5544012349186596
3.6554872143870782
1.7554495864383353
3.9188728455189463
3.2546971681519925
3.987339080751337
3.401615205917674
3.938594732649394
3.6395933722871736
3.428224615017833
4.151780819038693
2.885891822786118
2.202317908156344
1.5958737862400736
2.850008313715185
1.5157744752514657
3.9186843704529815
3.2078582444681474
3.5783561273752498
3.6545320920367055
3.524222333928791
2.4539577156813324
2.08553447897209
3.8012544745729415
3.6762862983910947
3.4859770196071147
3.483736692596582
2.649254648123606
2.3590593829479025
2.6554132497781233
3.48741703886412
3.28556132520164
3.468737935582459
2.618658270959625
3.0818010274021828
4.513953088428723
3.9909352267913207
4.367801390460848
2.699589674332192
3.836433427190116
3.3113966210119554
1.8666619092541645
2.302176517133415
2.5760040022162234
3.281148058385391
2.805214082471782
2.8198660198126064
3.4706979369591875
4.467969367231744
2.806939886074947
2.821726158844666
3.3503625684416787
1.670115027982121
3.1003692270165097
1.9392202474315412
3.8214249285824065
3.9397857913617647
2.768823617362852
3.3068371622489647
4.256629923808822
2.529149707873723
2.461254839931627
3.28642210888334
2.3019374938663355
3.681168082496088
2.4496191377738765
2.013354854508894
2.9537234163911568
3.639194379318815
2.3815602759691576
4.319099236406446
2.7134593967315603
3.219637654590017
3.12192361817065
3.1654049336797176
3.143748577555036
4.939317199848041
3.349169350698928
3.01937963892315
3.1154036533407354
2.9738874775370676
2.678603183225985
3.5080688216033704
2.764963424043089
3.2805298324390866
2.8644712371562915
3.2154375811525537
1.5068422378276627
3.738564617220766
4.809249434382009
3.6308249871755973
2.631506741182728
4.251860704309895
3.4719499952628987
3.1032737999863866
3.3726078707041354
3.9934702387851204
4.9084721377827005
3.7065055460920626
2.2057122012128514
2.5807199354438004
3.8764169936049933
3.1855382046755527
2.4575122436720656
3.9062295120146033
3.5161393520375026
4.125779843597428
3.271503231800209
3.7695289549924333
3.809725829505719
3.5405487703300387
2.9432612073542033
2.973108416241715
3.7327352212922293
3.6619789814384505
3.0178848530843045
4.398221911759249
3.8388005339681723
2.9073181889757422
3.1033015094828262
3.2871717365824
2.947353871344806
3.020485605750752
2.985566620254851
3.636401685824851
2.551295047450561
2.8862317387341023
3.1498935529149237
4.97079580898027
2.7063109281415003
1.9369979557132937
1.571209528658731
2.832696862782696
3.3959671362814956
3.7464820956607494
3.668898694865819
3.538679683586914
2.597188223943237
4.3416863744394725
3.7415305075531156
1.878250932800968
1.5967211330731659
2.6272175059159673
3.579270393980814
2.2294321752855777
3.9459015046775865
2.6536054795653876
3.2300489182740875
2.7844384285900756
4.294833737587362
3.830655872093756
3.6987236506730707
3.364218270150101
3.3236299823098787
3.0777073500305367
2.4576763445633962
3.6011472593066114
2.5481071112525666
2.691184994690057
2.759117180772926
3.151927150244854
3.6035587315684414
3.6791898977539472
2.4461813220588984
3.3784194145724347
1.4480598220643102
3.2023052954288596
3.444173380888668
1.2232667946204825
5.0163152151189205
3.9895248772877765
3.5378123823812566
3.8052890681083658
3.0491054874832497
3.5236020655628395
4.066821845281382
3.024767385094965
2.731365364509275
2.4820297601747456
0.9058778652930521
3.9615242109729594
2.7660988592029843
1.815131449230416
4.054816018417316
2.1598035259015824
4.048041741705196
3.9965590743086516
2.5520134012930282
1.6197648717371274
3.18546117579051
3.8824914331966647
0.9473903013998801
2.190507471908362
1.5865851976503849
1.8982910559785702
3.5691512167448054
1.7159514383868921
3.8942664562278098
3.0449741699735147
1.0281646678039142
2.1498647473882273
3.554057118703979
3.3090945485611383
2.368341344677335
1.1260990964981805
3.339288995755638
3.634159235160024
3.7345234078547933
0.6709100861053359
0.08956713777880987
4.812105498083406
3.9070154672461865
4.069556788007036
3.610925924944054
1.8641649586170304
0.3021248807283752
1.8788896035700238
1.8877462430763772
3.9122934115635304
3.3600383727805494
2.16054207175783
2.556165892730269
3.6955021449941996
0.47875780251162725
2.128358734561275
2.5790798519371028
3.9702776767968637
1.12980955072203
1.9809343266605794
3.5362580337486365
1.872354866634311
3.914695747981153
0.5791473709792947
0.18814177934466025
4.400463003589795
1.6982114658284009
4.266888494786382
0.8499611003401477
2.828505269738653
2.8200109669269957
2.9424407970501423
2.6755729642665114
0.46548643794778366
3.1692621132131227
4.922534591161726
3.4326448874067688
3.6818379575886166
2.5184677536107682
2.6056789377784324
2.3951653923895555
2.993173683434135
1.7189194471338358
1.2691088152481727
4.017544428758718
4.697980570816155
3.828005573250945
2.865505225290255
3.6693748486811146
1.028236436065225
1.6048169337585194
2.320372940822907
4.714729212893507
3.8736340801425784
1.2680168609499938
3.5896278311061143
2.824956191750801
2.5090578740337652
2.7156110402137608
2.135765564312394
1.8346385820382456
4.5088425831219645
2.8859239438853774
4.327405062705072
3.300117821924879
2.393475962225525
2.0375796050031156
2.223157933084098
0.5579131881658932
1.1989909138311785
1.8732509690327253
4.201831646285987
2.292704444631536
2.563027479893315
2.225359395633992
2.4587171399749868
3.2393679546219976
3.084152555459411
2.4224878303524098
4.203356909066951
2.048586449556096
3.1086800419006093
3.6523923630100517
4.202182955813152
3.2478220668712496
3.2774209818317126
1.39690217813509
1.3346927377065954
2.8540355452878683
1.658232553348633
3.066016109716195
3.8415007281572007
2.775340994364591
0.5685098170698866
3.6596374186170952
3.526016548509093
0.90892831378136
0.5814723132023674
4.453391615516447
3.333622835749925
3.666975045848583
4.442767064276827
3.6149329965813934
0.9700970908504574
3.6171140517429596
1.9660635496753973
3.725370305048314
2.3886931927653667
4.94416848857578
2.0276167498348756
1.7969414817408453
3.5877934742253115
2.322388321396796
4.128938229013674
3.817531169589899
3.650652236973253
3.8897899560496794
1.5357517491707076
1.4996163083900602
3.0760655921920983
2.374931779783815
1.9257160915474718
1.9585747703897032
2.301880183324809
1.8681640751706001
1.0619847014364923
3.8380736356315563
1.9427835446322708
3.32456205520923
0.033666167687942394
0.9071087768576853
3.3585380186864247
4.1207577879275075
0.676546922052998
3.5086967622622507
3.0269325760099055
0.9265389954362573
0.09009918030259856
1.7218802436533296
4.532077407079875
1.0084469412049484
2.977833112999362
3.6586960341633206
2.662412871708544
2.8160107496157782
4.347184798470527
1.1821964659725226
0.4270442303383146
4.042887301970097
2.0498384754463452
4.405771679269282
2.6807184088594895
1.8825298999720972
3.337548270007947
2.2508772033758775
2.1861658343330395
2.160491774139445
1.4089455749165691
3.0908257957553222
3.0928424825034466
2.7919456508700677
0.8768438400332212
3.282885581767441
2.0829585747022255
4.302104374854954
3.773567522903891
3.7387787773374197
3.324271502326886
0.6638253894919193
3.584035121514582
1.2412409793125474
3.3355363765499484
3.5548150804017227
4.602090446232841
4.442528307414589
3.685375798726922
2.9017740427286935
1.117348407557492
4.140643217492219
4.4976175807960885
2.2998832754550205
1.1854139746613765
3.238090469199824
2.4008447437884493
3.170707380884292
2.928291882531767
2.5396529548895193
1.1723206019507146
2.448068946363098
2.011115139530333
4.65269546892795
1.1368248564245609
1.0603568785857544
0.34752626134636033
4.216733102728446
4.151552983013101
3.9944016468188512
4.936567982438872
3.063858988858034
4.631693677175392
4.674035221250977
3.8102116559055177
3.574562056757355
3.276446628749991
1.7874449234019907
2.8619951203475984
3.7443292007845668
2.8476743907902837
1.7742644559864087
1.5886477932673277
2.9171064384440126
0.34127508237555704
2.1373276068561045
4.546199983256027
2.729543583999917
1.4946750409244136
2.703674315477914
1.0356371080343902
1.8964364986649387
1.0677274486501305
2.1212794410788516
2.267958650537667
1.5858057987551732
0.6157910346008486
1.6632977113551246
1.3131180799619249
0.7441227904305596
1.8945559475627758
