3.775047626762519
4.046466961486428
4.441959769417637
4.3024207823150435
3.141249492933029
3.007772573607526
4.232953302923975
3.270118374097355
2.913929054643842
2.5179821522444863
2.5179821522444863
4.896431360337883
0.8677888627054893
3.2485975099121847
3.0255968942327707
2.245922862103378
3.8604901217918277
3.6381067170276937
3.459729912128325
1.492707646384802
3.0726965358598415
0.7592185575040356
4.496175805196377
4.435522636787231
2.4682722971474655
3.499572857030871
2.0677350955985867
3.6609272809564333
1.208254486594055
3.671189580797347
2.419473879758585
3.4498233188335528
2.247276030976601
3.7103025989283873
3.2270348314017747
0.4627603310997239
0.7350920833748242
2.6214916143905542
3.4581319503077994
1.0214621851059613
2.954364195876253
3.530689503285065
3.7947915820709115
0.6049656605892944
1.9443424158289355
0.9089253083033038
0.438905615348987
1.2466540408195579
3.779836391270071
1.9138660496342235
0.7056833340235871
2.5871990440934427
0.636679958257262
0.5524248916883758
2.3551966956650228
0.005470467224982123
4.212928179781167
1.119452842258064
2.5452270548453955
1.904740525940686
5.0
0.0
3.047035801616919
0.9939055935889636
2.992971015945437
0.7073581840666856
0.0
3.205478539121228
0.0
2.5449914405189142
2.2967577289019845
4.365693448497287
0.6870391026733573
3.0807675683577154
1.6474177982847396
0.02294420325081692
0.6046890757264842
0.0
3.762813974972336
3.30911575266082
0.14205444912492116
0.9310911134186144
0.8424574659250235
0.9704435462328798
1.133896307072047
2.128825578268974
3.1231504025760417
4.347272815211739
3.411522398639783
3.177486558666282
0.5881619658170232
4.367240911570144
0.7735177896032406
3.7947247150428405
1.6664778419863753
1.4618486805974955
2.811647878190283
3.688081268637718
3.21439932556681
1.9327074937098923
0.0
1.139148979158663
3.08615494192819
2.775873513122492
2.46371900093994
1.6161490046713292
0.0
1.9550053710694941
1.2822173820350722
2.5349145617938627
2.4098671499509345
2.5840510462744612
3.0832316509111033
2.706540959271835
0.033773139589400536
0.0
4.166449115436611
0.7870154670243013
0.0
0.8091968994272358
1.621012532021667
0.3461229933905736
1.1416465763033168
1.1603351061201446
0.2845466808506609
5.0
1.2103861003406253
3.3515572331814427
4.8879699293994685
4.285286941993339
3.799092320377466
2.879553320711673
3.794832625330412
3.496921291652403
2.9897524705500027
3.9748432364043156
4.870170870401187
3.0711797774133602
2.0999909665007594
4.3033324196395215
4.875260321646707
4.221416368759585
2.7346867474044503
3.529139041043167
2.0559208690094204
2.411224932329543
3.7340871609537603
3.7240755685270566
2.423730904738485
0.9217920026445876
3.5352350183063637
3.237438381533953
3.7853988683953874
3.4038931695384216
3.026960988793605
3.41439434522404
0.39721467961491985
1.2031981897958284
3.9172670758338883
1.0971394121504092
4.98249786991168
3.4189100426449572
1.0148974695744721
3.4806145430274507
4.065213682335558
4.091281856602881
2.9501219774909773
3.4570822239489596
4.29767775979714
2.610847992859875
2.8830737453963176
0.9448220377682626
3.6721679487950754
3.443656584411113
3.4240655201231585
3.309867568552172
3.2221158201927276
3.4116176532130114
0.6294921842820651
0.15580860285285514
0.15580860285285514
2.80395006915806
3.1619745294879715
0.9471493758505796
2.4173981437871292
0.0
0.0
1.0415260319581998
1.3411363465893986
0.46806341187496603
3.0938474145592325
3.1495792745362587
3.086016761652428
2.944707975650439
2.8580780848664853
2.9055792164657896
2.7003766998822423
0.6043377602281632
0.10091225050086994
2.3807324091192443
0.8450796555045708
1.024508203784948
1.3775169470872557
0.6413604514004811
0.3199839800068256
1.2295247262811317
3.7152083876989694
0.0
3.3329988354909768
1.1167718294883686
0.8023684911862725
1.251807896999499
0.8473830023844053
2.4872488534750987
2.3823330331362422
1.4098830708753534
1.8135954247694075
2.1266424144177245
3.421653433765056
1.1495232872820944
0.6164595463573628
0.022774585945733783
0.27130247523464934
1.9194126467892056
0.014345146667879227
0.16750044505436623
2.045376594704284
1.4969913217285375
0.0
0.3687977967624656
0.0
0.0
2.7495235665084836
1.8212800140353176
2.0684928922962778
2.24594449710471
0.0
0.0
0.2469913749326773
0.0
1.7830817147728135
0.0
0.04101260397121198
0.0
2.248853278038589
0.3246484426230305
2.7365799369175656
1.6668225902131626
0.367377425338959
0.05022589626624896
2.9822182165760305
4.113638281964424
2.1303009038458436
3.8579274480741867
1.4475649954186922
3.53999491687813
1.9919699461794709
3.505098917263031
2.7667950552625102
0.03878234411713155
4.420974867353043
2.9567104948806326
2.882149269220254
4.454034269650031
3.207031608731154
2.2217676288307873
1.8791691694610089
3.4681884099275253
1.9494249731031532
4.761596253456472
3.371995913749015
2.039705572522018
0.6650022507358537
3.9655838740940554
4.492676085115343
4.8864325567946745
0.6084577069744848
0.2356625654150344
3.73659031926183
2.275297766265493
1.111255345701502
2.0080524136035907
2.8580380978491897
3.2660062736594577
3.2318168457126086
4.014545781494733
2.682324153038043
3.6544352312968984
4.341676182685956
1.3741102001831047
4.0356715758047175
1.4022535561189935
2.712636345960793
4.496830480435723
0.2652226307512615
1.128497426541231
1.6317785687702377
3.769427193951846
3.0572539926451485
3.3962172741492127
5.0
3.0441691666745756
3.328934528893382
4.522611120130326
0.8553994657786861
2.847561440551112
3.9790301329446516
2.6001635256291857
3.7082928135323217
2.814564845429339
2.996635021311527
0.7215490417419526
2.9739528924378584
3.4662922134641656
2.708386416477645
3.995681814301297
3.2904946517938614
4.061280371473075
0.0
0.03237654673564894
3.9969608619952455
2.1272819211691116
3.9715509816051062
1.8784805296177547
3.71126807815961
0.24998688823569726
4.080196847703168
3.025555387676005
2.5840564536470945
3.366157712166964
4.822039380262205
3.5757119792703707
4.379816676031401
4.114514079320689
2.8987646040733077
1.353748029673107
4.250221557384916
3.797628410060647
1.2909154408774492
1.242714150648987
3.4892895268890003
4.469333369302434
4.350450115984146
1.1449625733527293
2.2975184763940044
1.2926918893439714
3.3524651290487855
1.315512159100714
1.8307011849708568
0.47355653921254603
2.429103046184996
3.8443726821580997
2.630843719570252
3.772160432833151
2.9207200064694314
0.20452919083746313
0.8111805384799036
4.305689331631336
0.5367007994654935
3.116041680639001
4.129752746833845
3.672998793487129
2.7745216003234257
3.219865451397397
3.6861144669557513
0.7154794944751481
2.750609882186926
2.9224081096739853
3.0485196660105602
4.374119084635148
3.4680778399961776
4.160359427706529
0.5857994706804144
2.9971847326857928
2.21810551459516
3.9746603687626427
2.512110117841428
0.34892016641546153
2.8687410285410815
2.0848228329594045
3.7515614047891086
3.729142214436785
2.8734591341254125
1.4831136856422207
3.6000660850262536
3.094921626819933
4.467631638110746
1.5653861170116246
3.0376521326772883
1.2371319947960666
3.7462325578919513
1.8460947435252146
0.6758813037774098
1.7769677639019337
3.4600529826122512
0.7890719279126595
1.324422012409408
5.0
2.5300599540592517
1.9554211143602318
2.188883355397693
0.9802740803328023
1.9684729759206343
2.4831567021142193
4.073860300318963
3.686096345957158
0.46872353296821334
2.4904317608266675
3.155202467124817
1.9491920041406283
3.423096672374766
4.354175063667868
2.646151187160453
4.545932775305155
0.18036084156866483
2.119191597366343
0.17600783070155135
4.4465086203923585
3.3018600466389296
3.7850205528594936
3.564922362128745
1.2642935922849299
4.063238533701843
1.937640306984652
3.163212956811969
1.7750944038644265
0.0427341488649029
4.973303006589835
2.5443188120162477
2.414179205085195
1.1964386121530817
4.865657764531854
0.7330613798835559
3.0900904378089296
1.1738806970597269
3.4401281392587935
2.3885223474938977
4.905013775596548
3.247738566918472
3.5870305938226545
3.4079395861381707
2.9660652111700267
0.0
2.172816499913826
2.534154240827278
0.16554274471139596
1.9740637123464007
2.5021001143318466
0.7591434149065046
1.728443757584519
3.559682129268041
4.020316189166405
0.8936021434661585
0.21652490803740054
4.639770544915877
2.4376630058264164
1.8479818533733594
3.900750050134776
0.5445452313018757
3.4355933609548623
1.4584469616595124
0.7601511362017215
0.3761669717408518
2.9959439624838433
3.561803009262097
3.4505511628665433
2.1595528036352976
4.15528658627314
4.295573627921763
0.8245382334697462
2.598878059496248
1.7982666923439021
3.2219232789744945
4.420952851596174
1.9279268773425686
2.8047409341356806
0.8578453981318086
0.9721028504055775
3.4458895433493355
0.8465136594393465
3.4028660671938704
2.8748837916043906
2.6100876459630102
0.06607822622826465
3.689839838326269
1.2944030206610408
2.63218864625986
3.602830078822824
2.6710639865486216
4.808488369097188
3.4989066722295386
4.104883774717885
3.1083970344127794
2.945900700041606
1.7211971473574303
3.4194294767211533
0.4878627401312281
2.4993797115125185
1.4578430507914684
4.429734915486351
2.9721921847602646
3.0777916842274324
1.4898787644928086
3.751331304765217
1.766593677404395
3.97550326194336
2.516706560346493
2.208174396642776
3.1499010050108156
0.05976739587566815
1.3643842205284615
2.266321142588546
3.76658493649827
1.3995548151434507
3.095805616933551
1.2086751950893069
1.8792839722787393
2.4617982153283338
1.0179274785217993
2.930379286154566
0.7100506505437219
2.794270224879285
4.244667281086202
2.0580718048237197
2.4914682204830365
2.359920812484696
2.818963012807729
1.235318779479372
3.323997721528955
1.3445150029750055
1.2191411265244314
0.8365571655334856
1.314207292763876
1.8796303090151136
1.118434100730597
0.25397237893538804
2.9354979281366633
2.4350435289770376
0.9620838332421018
2.384313028685356
3.97162217992759
1.484467749533171
3.5578005382069344
3.82645181241313
3.6932447251713763
4.533586049496042
0.6337635444982519
2.622831474833757
3.1590538445237764
3.661518848454322
3.2965252641972898
3.0306240946377025
3.1164116484824627
3.2395650911321647
1.9959548871218873
3.898044274621477
3.552001996445541
1.9859615978226417
4.432682731020713
2.576209732265082
4.671410458921813
1.4850032443834218
2.148570634941831
1.5131644627857677
2.2204952203303074
1.7236120346569601
4.23008293736637
3.866673172711498
0.8393024835216005
3.1830666543413253
3.0781773439798004
2.480647769038108
1.013309683949104
3.180550310973314
3.860534893030171
3.674188542593847
4.218197729194881
2.690125348111178
3.12638285210397
1.438378167642285
1.554068618707288
3.0796179372916272
1.6942054367727097
2.4602573412435307
1.8149912587545751
3.372063405508773
1.3902002611771396
4.625608024344161
1.4156487141798175
1.3675540490121714
2.1095892885288743
3.049914015300911
3.853140341815796
2.648067290572599
1.4211609937399539
3.904894698615423
4.146332627757322
0.24290588315856443
2.287757903594266
4.547106205001623
3.498282425179167
1.2586701048667388
3.5063134628432353
3.005871768630649
2.0488681820088326
2.834460200098154
2.934121404770857
1.854374095417076
4.072323715249905
3.962388429572507
4.861538338206185
3.688313270802749
2.6347258482950737
2.2131932240724668
4.142977145480882
3.8837436932732823
2.9479030443215715
0.7308893364878353
2.522220812505087
3.81410940819167
1.7655424091516858
2.832949304130289
0.9534687401051594
4.811392193492986
2.327744209830297
3.8387344592523442
2.0703058678807205
1.9719185574565623
3.0569857281876383
1.314036164869976
3.1308820670565156
4.601960901261045
4.022073666045395
3.762118573681147
3.268761396575333
3.181602338877693
3.454057088327237
3.6357724520096086
3.3693645857939254
3.11304267378775
2.190824458229021
3.4105433213816427
3.220016546743815
1.4732675606062253
3.5636215292942355
4.120476075032522
4.337752149486037
3.914796153103727
3.9434164263926954
2.635344196544236
2.1802766422792823
4.285213010836341
2.025520926852047
2.0343373954399384
1.899095867253103
3.950560558226834
3.834805162287613
3.4430895131312065
2.9583818215569666
1.173442249799323
1.828013313553499
2.365517135833497
2.3378255675199897
2.969843682475301
4.745650116147961
2.0498181012819794
3.7647882176044805
3.951019057712487
4.202252075315422
1.992479363377364
3.9558105596042106
4.104471584024766
3.160470815779676
4.960674514600272
3.959776805526638
1.6162584656948207
2.8497911753189493
3.8763172289640098
2.961790008207946
1.907463961533801
3.2674587279310723
3.4328230529837116
3.307696815747865
0.9588244745237171
1.5799840355336459
3.0186302557992315
1.3404443879325685
3.033788407190479
2.3235379140927686
3.9914913394455427
3.2307307479572396
3.6589695758111533
4.765975697223266
3.15263303467236
2.7252101033107374
3.0106720882884312
2.768466838793416
3.806128475946587
0.8955479990833988
3.9780676852491164
2.2112435861311406
3.4163668702629595
3.4017765428943614
4.4542384518827385
3.8454561847626225
0.7151907100132116
2.578545405557173
3.0122866006382774
3.999681711167569
3.413971066550773
4.384298521679352
1.9004718299835988
2.6077659962866706
2.9996752816585195
3.6810918997035573
2.925544520364036
3.9516256822016276
4.212445958127657
3.2452243629053408
4.058923909693868
4.6462587422319865
2.8865238159651208
3.959369573694002
2.3181398972560645
4.038774575876173
2.508348724593845
2.8794002113742723
3.9659809091868583
3.853106789245957
3.3983335557415986
2.3591415879539364
2.124348316531674
4.395455862021376
0.45874622136294096
4.185398227534681
4.315490883946407
3.4249146200582823
4.871994392482166
1.9494070487193804
3.886237841552714
4.609830324702853
2.5703324002393595
3.3597010863731933
3.772105944236732
4.353857553365665
1.1223984992067573
2.9440136250847475
1.9995176872642668
3.877745456521837
1.8165029909298243
3.1231117849249346
1.910588142813034
3.632555500148034
3.004541188098707
1.7540893241915727
3.609552789121552
4.354570882747933
2.7525616768308483
3.6649971138079147
4.017131280831387
4.135877691383283
2.7095760455522475
3.221539910804691
3.390036733572704
4.141545867814188
3.5409882461641233
3.569979411720614
3.08278438250644
3.7963608237706916
1.1747186786031714
2.353556352663305
3.5286369102390838
3.0370593964981447
4.280981364132395
4.804621219788847
3.262227358275788
2.572768116593836
3.0325527448281955
3.920374585789866
3.3779867009429276
3.787636145482037
3.109200064354728
4.139833210341199
4.236495977489782
1.6900477351028345
2.357129760712163
2.0529817104153887
4.40150105135841
4.1474392155010955
4.063644303971221
3.08839023689118
4.192602801174979
2.9493964050964196
2.8128126596369123
4.03581101403021
2.879497068404455
2.5977429272033215
3.615458526534181
3.4846392422105597
1.9621733763557616
3.483063268741568
2.747323353215429
2.0853742291330883
2.8921661439441673
3.969742709622257
3.3066873841418003
3.1232908430798476
2.9988969479231367
3.4570636227847737
3.570746359146331
2.535958252513802
2.679999170266023
0.5344728294526364
1.2997495646935926
1.1976504170299629
1.8680824614192604
2.2840309620393393
3.359720927951373
2.5658644434493505
2.0830405424317187
2.4429821376866423
4.04061706918018
1.8618774677255567
2.718961425080548
3.129957266859127
4.3126453588569165
2.303147379766018
1.759169244921762
2.965023363972649
3.9038021350068073
3.836611129115238
1.451520446141271
3.584909163369983
2.5033338186400593
3.5071996484206247
3.3945248843823643
4.781985435972392
3.1572101016879843
3.3615870365429865
2.702155002187152
3.6496613880467033
4.252234439937738
0.9760340933951044
2.9165921861696313
4.202126482921476
3.18966124239513
3.8841035816593292
2.941257283985572
2.29371492370126
3.835564210789042
4.329380841682249
2.8526764135622225
4.296251210279142
4.25044515402809
3.6034037868833417
2.436705771438956
2.83076937445949
1.449704452727734
4.599653583524337
3.6277637790848383
1.3659302833734346
4.723775361958691
3.4533430145285218
1.7754225594151345
2.376105195269088
3.7130032522313714
3.728810573607171
2.6044110504699676
3.043209281604189
1.1712751742449763
3.2031691057613445
3.0271119699205267
3.191823538866637
3.264949281921049
1.296067295828899
3.820005873907598
2.5173669714054236
3.805810272141067
1.7603115589268663
1.2715831123640067
3.8812336855115754
3.6985575023149773
2.985989424052911
3.693240962253797
2.0699933856970043
3.6252154848420064
2.544234345362093
3.5907447307291998
3.3869571238105616
2.629519867864901
4.595636411123942
3.775790165886691
1.7391283108023723
3.8109604862933546
3.426460214575436
4.023522135636438
3.2397243341663833
2.6146684078869535
2.4703949685511413
2.9022965206592355
3.932122375072354
4.4065516697352445
2.7249261562906577
3.995412562009336
4.475075854322669
2.435420083840115
2.4513837197992396
3.592465484534217
3.4059542497637247
2.4432009715111755
2.416816274687677
3.0208351685884773
2.5729638783375046
2.376699257242394
3.6957947343519573
4.120586295461167
2.881247288338515
3.365103380955696
3.4896257904902805
3.573845088520721
3.581349695035173
2.9510352418648944
3.978811155012047
3.2554997879448395
4.100181478673577
2.8189720504936497
4.095716714957697
2.14552243472263
3.907841016699721
2.9442961982795604
3.6147304028252814
3.7234605005632284
4.237268768873169
3.240548994443153
2.1482601417978566
3.3544018124025508
3.304609752347603
2.5301494876754314
2.841147874732898
3.2782145137639995
4.391727411263411
2.473177276567058
3.5019765856169807
3.5658942300814696
1.7437759928666958
4.274638462032162
3.249515187973004
3.942538121311352
3.1810549160515373
3.9422626142015362
3.5738191746874657
3.5169127048292532
4.107019142158522
3.106918785725278
2.347726672670974
1.6348730811153525
2.7319897510698334
1.579518945900447
3.6470831694195036
3.003854418028994
3.6236405734683226
3.2340505403689273
3.7926988213326362
2.3746698990160278
2.031548176599814
3.6550952683765496
3.6360628145116722
3.369067101157605
3.482973400565087
2.949683137029937
2.4361293785442877
2.949528898334507
3.275833038937656
3.1675120313626985
3.548967265094441
2.7996970791123568
3.081848941906366
4.631013961955348
4.026218200410953
4.420791423102764
2.561120039182577
3.9521540898465526
3.312834449614429
2.058345382861419
2.2572672005499763
2.667132747682616
3.3859783026354586
3.0235398429008464
2.719816308679662
3.507081742933239
4.518222672288531
2.8616647054812825
2.8324032339359784
3.3326957392186936
1.5295854926342907
3.032582527284597
1.7425900285204259
3.7768801002636616
3.747853292497312
2.9422758357645558
3.217058179060765
4.0979597097272
2.430544127754538
2.3935961784203394
2.5440606331998916
2.361160313642281
3.7231054177612117
2.4220279409044503
2.1114002415574555
2.894000104651391
3.6116699716246368
2.786312184596377
4.2437762194787405
2.7213548093384157
2.893004400373891
3.064683393936563
3.096817419613701
3.3034498169507254
4.978855527389425
3.7182266902741476
2.997182789786117
3.2653616870230744
3.339588366887271
2.803468704344934
3.367517174038917
2.830318820619042
3.3410612613243744
2.873807493440105
3.23855075423812
1.5058799629884314
3.904630926213664
4.758049298273172
3.7889970051983406
2.4132130656523367
4.356153372882994
3.5973798743195013
3.3051907340169473
3.1669074080230297
3.934229372980611
4.979620346896451
3.6968660501001596
2.4859266563113644
2.4339914399254647
3.618239519461455
3.1002205569937127
2.3210898699588336
3.9313223444836263
3.6095294077823405
4.158472074918834
3.200663586661471
3.7299288526425167
3.9125939264011516
3.7551788099876413
2.9949313596646485
2.811294011131417
3.746282611667888
3.720743467297681
3.0524520336429513
4.012774831842926
3.868312164584524
2.873285365560279
3.1567938799656696
2.8514149663599477
2.7828412627190398
3.0771354423972648
2.9361155488222375
3.6612959224109263
2.6974024909649055
2.7122772543811005
3.1849867736623816
4.917927799239792
2.644566474125477
1.8581978378140116
1.2073642131723483
2.784438043850934
3.214480833381189
3.816877651624922
3.6483173821523573
3.4882530630486324
2.607972950492127
4.03110906218192
3.9616408407649795
2.0216323046847195
1.61268019026656
2.1696567799361057
3.509981477527547
2.274322472789323
3.887412912793949
2.0252406635875326
3.1987890903572813
2.7205507243511144
4.219253972520467
3.8769816858842683
4.0083765318374995
3.1931593026452925
3.2629334058537234
3.1210665435338223
2.5244428841188062
3.4510101655841803
2.5896978060780222
2.827742554226263
2.932506828329708
3.1615014609492045
3.6775058895415365
3.633907468687526
2.281357683369678
3.378457991289104
1.4993069744031695
2.93168035742793
3.480691176977289
1.2455807038722932
5.0
4.126453211020341
3.7036198816711243
3.7025268582043447
3.0814350238024355
3.513465092716978
4.044837382932401
3.052016519814175
2.701718019436883
2.798626098256549
0.9101887342775195
4.093950195434723
2.7237782009803135
2.1642676259001385
4.192995932249631
2.5239554394313553
3.9832582045068152
3.9284443215658706
2.6678290599335535
1.401314137884385
3.0884817112400578
3.856433019649658
0.6577165182644018
2.5829487247396097
2.113224335915569
2.233082382010992
3.569090889880031
1.7172893150172692
3.9744844166106477
2.62155867176448
1.142330748316696
2.295221748629161
3.3544375784439078
3.011054416335342
2.346143437207801
0.8410713250942985
3.7614129570136976
3.5312604996487176
3.864848825632195
1.1309335919591712
0.11235457114521896
4.775587840533267
3.8080019918256705
4.199054761394643
3.6374968723294296
1.675908561989723
0.12512281293767646
2.111620219585711
2.0326292259690186
4.074426366826409
3.212455416950484
2.2051995838531164
2.3698781996746954
3.5584326177186165
0.5527755275420967
1.9842998712464146
2.309793961824753
3.925435141946438
1.0913445943608204
1.9590919877764046
3.529016545923647
1.7715217708130746
3.8520183863514896
0.6577975444640183
0.16489784458182388
4.4638433780991
1.6535101032087178
4.141025264874561
0.6066102061595737
2.7245418725268786
2.8242722742540787
3.5711266828844836
2.721081524802991
0.7974668931444535
3.0334453933210677
4.540383704839116
3.4678650232981534
3.3765528373785267
2.6803301401797635
2.779475323605852
2.5711819039860346
3.15122911271589
1.6520463764566182
1.144561224957294
4.222187407532091
4.464537235435778
3.6470940989275045
2.8323538117324114
3.615618283016304
1.4534516053326323
1.5628238677359372
2.744783025115141
4.360139997103368
3.984681177753715
1.6402465518889224
3.6906337497735118
2.6599604673136747
2.7459676381967393
2.4626889795791422
2.0774060993677788
1.9562921482492976
4.602783554278987
3.0613268278369654
4.27382849241451
3.482901580986998
2.7690399235119836
2.0000656170705122
2.162868209366054
0.6829768194070889
1.5163220172212357
1.8042297212197136
3.9819804572819857
2.0122224767361567
2.5861623177271804
2.370576408951135
2.3367907724963866
2.7119887733280885
3.5882948238146968
2.1943069239472246
4.305082397491469
1.9078417361901012
2.9699865261367515
3.64701258916167
3.563546459293435
2.754716798166492
3.2178648146751607
1.6858891782664438
1.8840799937567434
2.7619750452797343
1.856517398785706
2.6880061801514836
3.9869255897899274
2.584573545984001
0.2743453579612174
3.8361934983211734
3.457623839845099
0.4934702850243804
0.5621326472232662
4.506470868934941
3.2649163992362924
3.7589418660021083
4.480531686957073
3.5995711310699727
0.8288441988483806
3.672108494595933
1.9287979553768944
3.654571574326881
2.691535833625516
5.0
1.7758721488830256
1.8745026047858397
3.5696207597116194
2.010682649632103
4.09372773651667
3.700322339699448
3.5747000936899918
3.7862910788511295
1.3428092206441429
1.4479630387335556
2.9945428387631177
2.7407605680138554
2.032397613133157
1.9901616152866746
2.030114131218185
1.6868579475676322
1.0652239726790294
3.9541140666323686
1.6994559148875235
3.4873441164766996
0.0
0.9109885519146994
3.2145060920116046
4.2886606217127445
0.9999424699159158
3.453575699074954
2.920443196995117
1.2303172174818338
0.0
1.7321129289698058
4.045683145774789
0.9462655482447753
2.8501019363131954
3.762237253785792
2.767294077285862
2.305250892419118
4.2821164696893605
1.0543389931579137
0.3138965808219547
4.084059268758069
1.931586033661227
4.475501720274228
2.736423776157751
1.9486623072594904
3.3888749487992706
1.8330467913182042
2.163962470209783
1.9620597198232383
1.7535485195148874
2.8212068339810523
2.6254986612130446
2.8750424821030345
1.2938882897160093
2.925609838924516
2.2060975484008347
4.389052706951639
3.630070582794599
3.7496901525669353
3.420299677532655
0.5072153487273292
3.6562729368761078
1.323866077064225
3.401270965295809
3.6161064724393137
4.434629518767658
4.519340136265947
3.6976322974113183
2.8041646080952
1.0987179595243655
4.315777158060421
4.396369328820847
2.291327351509673
1.7190476421827663
3.4157356786237267
2.2353868471663114
3.089284434956128
2.7494723575127304
2.4949105692710214
1.3653291934873133
2.4788575869428877
1.6766907349370976
4.615321482558291
1.5078320283800375
1.0003787691480506
0.3106775031815596
4.27519369117534
4.200328989258211
3.9430181110168343
5.0
2.4060744120652098
4.661971728606749
4.684869414201054
3.879426596831462
4.190677242604189
3.3306788054580503
1.7761696310394557
2.843559161664545
3.9948740062020898
2.7554049146133233
1.4808133251007627
1.493730257866141
3.0971149963878313
0.5905376907564994
2.04597403802702
4.389144520579181
2.813180352520164
1.305559110604464
2.5149557570769554
1.1513229114017358
1.9895335825688472
0.8404893420017681
1.5700897635360898
2.260368181213317
1.5195351052445512
0.8178714558919404
1.68586010405705
1.1720222179515511
0.7000454447841671
2.1869087841875023
