3.7532318551601325
4.0144693169489996
4.407773067969651
4.028672892750052
2.459196087177369
2.549262110947068
4.199340728142174
2.6131998448772835
2.8332554625865223
2.5318231516535903
2.5318231516535903
4.902174755758132
0.8100362673647954
3.233943483614957
2.423074890946629
2.607500947553966
3.6936824438096902
3.751417776662935
3.674914844096187
2.1406964049161346
2.624692109982525
0.9902879519705001
4.3628216952097025
4.156337341862948
2.352037130342807
3.6823887446224894
2.6362686568670686
3.951419485977034
1.1313319565888618
3.5612489273262744
1.9002960612704447
3.470975688045211
1.2220199373658494
3.7696703291220297
3.099712133481172
0.8865355178174505
0.8624236666887457
2.0742719518248594
3.319054364365737
0.8664674942212924
2.443267769165189
3.5983659677888786
3.8587388891801586
0.828629810534081
1.823225040397241
0.6859117668672896
0.9313507543180899
1.1449201327168312
3.737793576456898
1.6305017855752988
1.3809685585076714
1.7477276510744275
0.8622551332366202
0.6899408179397772
2.9120971006618284
0.0
4.331367352539397
0.9294247439711443
2.355738238237694
2.0641555831960234
5.0
0.0
2.8521089949591607
0.8596157317868895
3.3091380960213934
1.2315687488071099
0.2196931294464628
2.30301772591228
0.002398029750804831
2.4879788146761106
2.2176153773867826
4.25198488204523
0.43266057237197053
2.9490528886181497
2.182918158083776
0.18245564577773532
0.7631476329465903
0.0
3.439769962338038
2.9712555540023047
0.0
1.4217351799004678
0.8668841874360345
0.7592063500710209
1.2892674746225898
1.6819954079427761
2.782381076424479
4.244388584763164
3.4394829674838636
2.506462840374237
0.4970295972901946
4.3196878428127174
0.33573069071187245
3.6683373188599075
2.0416160949016673
2.007233417374767
2.7745839949882543
3.8203903384942333
3.272581796984084
1.2843167781995275
0.038792782248639135
1.7056222026298498
2.927429294323467
3.560003176702284
2.4395461043848767
1.714893624816745
0.01686642214786982
0.9930852232917564
0.7744262808367273
1.8950355960188183
1.9779195081090633
2.5383655467259807
2.348881493075324
2.4076510264486144
0.0
0.0
4.084421899474996
0.8769253941046253
0.04627148113532531
0.8022193289079143
0.7655251359096509
0.4403713766187254
1.3014534746617157
1.2976593029527406
0.44772501084630445
5.0
0.9137072965628406
3.3642251049218386
4.865133482517159
4.196947862525421
3.7145683783866286
2.9019956470580484
3.728189864903375
3.6286921355493806
3.192777710742675
3.96671737632179
4.882582336054594
3.096631140046056
2.579255406552231
4.335670552227027
4.885164634058719
4.132975071568221
2.3229053725558417
3.315305751904021
2.1709206434863075
3.0229527433791263
3.8923121994580443
3.351899908490256
2.9705538796601614
1.020816839508675
3.055143068126047
2.91750294635178
3.852736332904559
3.45433884422465
2.9529951877888383
3.2473412545235094
0.5946478382794611
0.9118457980127905
4.058191188940013
0.9326941492006355
4.953232089780589
3.576995288293653
1.2088814309157057
3.5185376496737693
4.056905918827882
3.844625163465806
2.8393925258758967
3.7294830879976058
3.9444813852109606
2.6841421507601417
2.448350868354809
0.8812224497717684
3.647657903065096
3.6806699676367574
3.7610675511415836
3.343855543420255
3.3393401577682083
3.6912528014345254
0.7803747901473903
0.1951100489444597
0.1951100489444597
2.568577757871595
3.3177397180026977
0.9307132587094769
1.9138216532686165
0.0
0.0
0.5536638341924673
1.0500612079445633
0.6855935065607417
3.1955243276966145
2.9818481416992366
2.3801547593218446
2.7410495351018556
2.720483879638251
2.8465545836497474
2.665128538568548
0.723276930462462
0.10076900390856647
1.621448173218492
0.836909773471441
0.5336885605383772
1.4180578426060473
0.6150417033806983
0.38935175167339775
1.0741471259082616
3.9935823938332975
0.0
2.724051338772134
1.3131492609871263
1.0228577568730222
0.9196244778081395
0.7932443489561924
1.3050977560900252
1.759930600061499
1.0098326691228001
2.115644104804897
1.885053229400043
3.172551500184343
1.2234848289914266
0.6075552194820277
0.0
0.35075629203720116
1.2324131721760372
0.028225439785285467
0.0
1.8123947948425423
1.445686077513817
0.31278587303413996
0.3857426218161981
0.0
0.0
2.3386849160188694
2.0460329600220613
1.9114162185962282
2.7079019410065834
0.0
0.0
0.15042296805952038
0.0
1.755329397770737
0.0
0.2275859528526878
0.10255850186152582
1.8469671557469711
0.46788847501722497
2.4154400472875848
1.1109115780031908
0.21413168875187782
0.205119800764753
2.9986827805397667
3.9781219370337677
1.9818445126593582
3.6302260709713066
1.4051620592812428
3.9616073591883065
1.6863439610151731
3.4571914220713156
2.503196317435356
0.0
4.227037470621336
2.6267483225431274
2.741584829858092
4.405326337452821
3.34209871242373
2.297589555952281
1.8179764356008414
3.369462067042611
2.0239525759173302
4.674589754982307
2.930935273299715
2.5694292407191712
1.1030591502126237
3.568199809674467
4.385526869624455
4.913032389628513
0.76836658174087
0.1371909882242166
3.8090581644564816
2.246921312343333
0.7945579699007217
1.6009300673200597
2.827432792594199
3.19723637753047
3.1717254976094713
3.91796889742296
2.710497008311573
3.950487608935526
4.305043907386727
1.1737470992774606
4.002950848549701
1.680201992221419
2.718312764262464
4.3420038230253635
0.18786174172044223
1.2041639943276872
1.6750579829075187
3.638448514514778
3.120037828888175
3.387455907016629
5.0
2.9826414380882955
3.4803760918532785
4.56068244865433
1.180549330089744
3.1731310138020907
4.014415477613588
2.0602189785955867
3.9481200564242798
3.125581670329873
3.1376450245897916
0.5954722883480317
3.0945551679694923
3.38006933025654
2.8833021362011184
3.8362538811285143
3.36398925311589
3.973044897481226
0.0
0.05673112262182567
3.9335091619913474
2.707052179042398
3.8424471097235555
1.952553741847324
3.938606874311609
0.27694269191386756
3.8397877903499458
3.0578610777389237
2.3196284726638323
3.5426782534196066
4.8461141483208054
3.631889336190505
4.221295439747909
3.968580748462613
3.3846740430148223
1.021538986556572
4.077237052888626
3.7979475317144855
1.4185644829657091
1.2960834158516183
3.5607829846586965
4.5487382973602255
4.497124766071747
1.226740659297353
2.549994058786938
0.9530807683985136
3.008980695192159
1.2959360270373574
1.541274675154889
0.3902632978817442
1.7859654325438346
4.116328289991921
2.7184373347728608
3.7559662259930287
2.9746544847333176
0.39163565847558335
0.9947029639824203
3.9879921017105824
0.5216636783103672
2.8641092730789026
4.186809200255794
3.5153197650217898
2.3314400323657436
3.199823529505207
3.74181395887451
0.34748862202538167
2.645295326021789
3.242059007130103
3.1216554985406333
4.441104131714809
3.4489335557523724
3.929958016520267
0.6738884485087491
3.3751092007703702
2.347621562953144
3.9184271917602596
2.5532987994307463
0.3869265018705752
2.9313101918739797
1.8654181667061165
3.7481829731013816
3.9474922187245642
2.9907734512490416
1.2450368469588495
3.666290664692581
3.2893102136901478
4.182922049720306
2.0160669299573097
2.5880002166678135
1.5704896713413623
3.677931036166025
1.8423781417620653
0.7398044995388462
1.3979326128367005
3.435255363704429
1.0808193041735281
1.2831170594958392
4.980476000185078
2.9845358116077128
2.130200659229211
2.05600023187208
1.5043610399924896
2.1225413750166373
2.593369599707776
4.080803739980513
3.7067973577116007
0.6500449550275755
2.503706934928756
3.099041208414401
2.310849015390871
3.2900725151033603
4.537482731618562
2.5821971936767802
4.441835083203786
0.4601102598437885
2.3833830503329008
0.3518036276853733
4.411087259863158
3.5236168396918757
3.748238209916459
3.44755488449706
1.6537141448916755
4.202365160920516
1.6717013997982662
3.4120151889051353
1.9750640102259354
0.08766832678217806
4.970988200505684
2.599692187897433
2.338776916520567
1.2142112919836743
4.87708561728239
0.7313471477081146
3.0106368862672825
1.2873983473379988
3.5825884951290607
2.7166957416703346
4.917702593840252
3.0762685837442136
3.396038490847123
3.346890635068964
2.5445392475984745
0.0
1.8625419851839293
2.640388884341121
0.12575748183727153
1.6475697966751124
2.631017354733114
0.5962140362964048
1.7100078204811373
3.5146353140696567
3.8570974185208042
0.7681391061934919
0.31040789993138507
4.619164164621047
2.6199068068875233
1.910981952026268
3.8472845839372782
0.8480649784222747
3.6475947566160656
1.05590649077324
0.5866164137772847
0.0
3.378714377318433
3.429555543984053
3.347126405435266
2.0557578245566086
4.054860997485823
3.4928938295716057
0.9779830305468549
2.0304243651653513
1.7324269680618398
3.4726723408746816
4.417041757694175
1.8657666751819848
2.813621379669656
0.892220699747809
0.6078711116013933
3.80432666526357
0.6389361039318748
3.5701298155757613
3.1266219164945053
2.4974362890554636
0.20576362040076557
3.700244762215225
1.3034921785033147
2.558574190336702
3.6700171843205274
2.834374459173552
4.824792061023685
3.5405575034900822
4.264405125437672
3.0534252144848946
2.855587564735707
1.1731769207927512
3.5037536870739627
0.36782154299982306
2.6082530945762503
1.0016547596517276
4.228270890436223
3.278200957617579
3.4057784064677445
1.814301715102391
3.7726591608771516
1.6004969403660052
3.9655579645935823
2.435234115606584
2.017833007467101
2.784308290002122
0.3219911665699451
1.4847288131035272
1.957232609809635
3.3005240095293695
1.5752562434710127
3.3572129281209273
1.1856089364174052
1.9507231010581316
2.6326777792716767
0.8978215866974244
2.9819422612938595
0.37549300458688695
2.9165012082881896
4.202652419932854
1.7603762392541018
2.725895079206527
2.3986314517661658
3.1723095255050646
0.9763066824007121
3.6880022414445337
0.926979839676922
1.2152993855311562
1.0305763649362305
1.1697425132817676
1.5235363957675503
1.2469749709314382
0.17865807417638546
2.531233585901542
2.4974491258377007
0.7232814823065405
2.4562559160719477
3.745557432034407
1.1055973429529447
3.2811498563683195
3.819684292486854
3.8241764511809864
4.25441449833616
0.5230165126261097
2.597133285518919
3.2124643429542408
3.538155693045903
3.3948417193267684
3.285668102469905
2.938594469218091
3.2379917124191087
1.9878363411126188
3.820213467394516
3.3342967911756594
1.956418160529438
4.253878648555918
2.9993126900695
4.1875296457177855
1.6966687772313431
1.9966871082043225
1.2522721269230805
1.7958008448073501
1.655569386792588
4.080208694327589
3.8684680745085913
0.7284493111042432
2.9789165540020157
3.04869883099414
2.378752878665506
1.3922507738415932
3.047219335920854
3.7266832431802106
3.036426995127443
4.135883020704423
2.977577043959143
2.9323880214199685
1.2681223341131211
1.719412054546809
3.5345741939441693
1.9404184632172354
2.3420127385512757
1.4387412603295777
2.8407618089211963
1.365248876917316
4.559246781654246
1.440686496340506
1.699314757098306
2.158761415892257
3.0709581238430284
3.5017246002267575
2.7532281177509725
1.105459134992901
3.9615910738399336
4.045253436748712
0.24900614887644945
2.5382935426261266
4.58184003572559
3.2847286877383697
1.187297966137483
3.4135177187768937
3.2256412448729543
2.3889447044344125
2.451125425092912
2.4245880599418292
2.1128549809613775
4.136350900029516
4.353006547982518
4.883821358438402
3.7153325468317293
2.678437693342457
2.1685300769817264
4.052324790901935
3.9226749546340587
2.6970604289939955
0.7476529532394265
2.3041533693223224
3.7903166705251463
1.6033841264028004
2.6352757864601726
1.081815019963888
4.843778270447886
2.174975904644869
3.963047614280544
2.2927001167247356
1.9412913027961674
3.2064706785587127
0.7948795399763631
2.7164806282768748
4.506301393197535
3.851678685840268
3.6936762093864326
3.085820021449579
3.281446420467031
3.5456523423309037
3.758106137802632
3.0809898150124377
3.394010132043533
1.765007431649246
3.2940680010759857
3.2634132916671943
1.261896559826396
3.3008219154507668
4.280921067926769
3.58517725521975
3.790501751397083
3.8848303066464327
1.9820575194420877
2.5203671540830745
4.380192044413675
1.4654081930105045
1.4613241716650665
1.8222886964688767
3.95558664847091
3.8822018040074253
3.186388687662032
2.8893655401795124
0.8742052199794763
2.2027996050351994
2.4215656555859466
2.4358316209005393
3.2199140397003907
4.771074054886938
2.084860303470517
3.797448809487612
4.175882525883684
4.248532448273058
1.9033855451208215
3.8743862167103718
4.130449038903678
3.22956530427541
4.956637086212238
4.155282561308306
2.1247824692945123
2.956096470339216
3.7278184869734625
2.899321698443001
1.934078520831556
3.2896317787773715
3.229204573183578
3.35947373665804
1.1058931385227035
1.4340616829468908
2.594931907277272
1.5759938954806332
2.7984060333959926
2.0572422857146355
4.030820260469494
3.4097064048396257
3.7942210980350266
4.792244287130568
3.182805402808909
3.0469387646305774
2.8332670045706303
2.7254940114826764
3.5905302454940253
1.2115874994316274
3.879377041723667
2.427673277367494
3.3009790327679136
4.305528372144614
4.297925976087663
3.8573277303755544
0.9859769731707919
2.7093727649193946
2.730496380516307
4.0509355748484195
3.3792656760651285
4.367934592808216
1.9501133337153513
2.597568666478799
2.3091508037092723
3.3443613084320694
2.6383482033367818
3.9059899526881487
4.1903732629939885
3.381466373135723
4.266155564919276
3.886960551119862
3.0232696023744863
3.5193595691062303
2.1807770171679293
4.040267533453708
2.7224935040710214
2.957476607842845
4.1151314088417195
3.795207796389782
3.324566636126142
2.0766575258154623
2.0902655557124463
4.362653738847039
0.48605350696342775
4.110329995036197
4.130233627862763
3.4675595128052334
4.824880200538249
1.6202258739037143
3.9194646057370965
4.2446558738514275
2.821631356892742
3.346535892894832
3.596800331768164
4.407461036718849
2.1419151373728367
2.8123336167932935
2.3262850055922195
3.902051654106999
1.7004769339064056
3.3057702802647064
2.206486504084756
3.621818540936168
2.9981269643502353
1.304860119622452
3.7124838235514277
4.323264051802017
2.7843196159079726
3.37508061386841
3.8452245100306532
4.036002390907461
2.468083869721985
3.2628592954454003
3.685561684047081
4.004987600991175
3.721997930833994
3.654259986537671
3.3062040367446164
4.003261506894563
1.1203979066745289
2.1971710237468676
3.51102616342481
3.2200252676957133
4.515291356308018
4.77077240018708
3.420297150667807
2.255927524611578
3.0285890784820113
3.7791276589605767
3.3565342527700865
3.688142070702141
2.896583308986262
4.225962575101376
4.193666617255212
1.860801088394001
2.468253120914671
2.4768768986496275
4.1845014700625995
4.249853652364839
4.241855381461782
3.1465514392219385
4.176901413202094
2.838608494687162
3.0390572623232766
3.9691072540843733
2.5446399344129373
2.254538253045962
3.9214306747705328
3.413596671132539
1.6682889931748113
3.4284750465688996
2.7336030705202834
2.4627320186309873
2.932661307839483
4.126314977072474
2.878212774290776
3.180165466680421
2.80065855082377
3.151634834470605
3.1647659181592607
2.8013013226579906
2.2853137484941293
0.6301305511631474
1.5302890616594436
1.476515276228823
2.5544280958689534
2.348536045765857
3.2510101445227333
2.6551231172657195
2.329845158921084
2.5600473282107883
3.8878445420532817
1.6414935445736116
2.9831368947022634
3.144700733246042
4.247712050811804
2.802250565532164
1.7162319585989403
2.616871599051552
3.8008910381522494
3.468241451094353
1.4423249649800152
3.579328617883772
2.5282722729942773
3.6291634129555908
3.251574813887607
4.80568976194162
3.2040876179510436
3.2121041608428493
2.9708348879724964
3.6952957656131735
4.091970682569214
1.4988782724563974
2.791908551641133
4.066235520930173
3.500136721992823
3.7216603530739
2.687052986198876
2.4911595546362237
3.923157545259028
4.032245434496934
2.954743461364078
4.328749999824986
4.18303183912517
3.9145594506618364
2.5734081029936435
3.1620070632469117
1.5987075679897345
4.217518081351921
3.6037710092925552
1.6717359663593525
4.73631117589877
3.389123299591005
1.8752001274296983
2.8290369849873267
3.549421992677652
3.826020683657349
2.7443005955984843
2.9508429009879515
1.3183729858779332
3.1331620126066477
2.9418153348312996
2.8188379831776027
3.3089275073799707
1.7552686866566543
3.7947142191424916
2.4301104171312096
3.898564448410383
1.940840497556966
1.301458410842728
3.8145477618846497
3.6059580043791053
3.066230769835655
3.6401050481956547
2.1374054686013535
3.6144673584350295
2.665269641173105
3.605183976211781
3.2791024098317623
2.8866656053338025
4.368193116467739
3.6805510791677003
1.7315703525443675
3.8069150367409064
3.4088884516632243
3.9479509391377805
3.5441217789547297
2.396542114128823
2.347986161780578
2.87024377949698
3.862232844698199
4.375392119679627
2.772338875223828
3.872408360774365
4.397837647229361
2.6832824909171995
2.2394367152900143
3.569637520865638
3.4302252101440347
2.2894810952764937
2.3671794593655298
3.470136897363342
2.9021994657283985
2.0579668294565368
3.4258174048605055
4.247298909722772
2.720367976227478
3.5721635622380736
3.421266196730099
3.6439435808881173
3.671473647710431
3.0369179779142437
3.932270400448501
3.1466418934587024
3.8891853728682255
2.714278267876076
4.1146185996227524
1.6092463168916114
3.939107567557639
3.040607534962393
3.55913148472371
3.708526537173859
3.8181449808783734
3.177674714340262
2.3249719068941195
3.3480260259847663
3.606618296044693
2.7523087352437914
2.77426787651176
3.2791024996491673
4.2918466963267
1.9683609819981749
3.665213152884518
3.7001826003455394
1.6238972193480103
4.006548913237182
3.2505804962862035
3.8715873026990737
3.365568349047913
4.041222382004851
3.6438650061822164
3.3444362778740535
4.1307686317430035
2.9218637325308316
2.2113044213439776
1.6114525328232743
3.0348789066005937
1.3879676510872025
3.601422587835743
3.164883445702025
3.5725075306372256
3.56317396280076
3.582585925533979
2.4931436122703055
2.0686037244208206
3.885884512402307
3.650937331545067
3.487819629858266
3.468098332919344
2.7319851434742377
2.3114924782931405
2.7245856517350093
3.3394539617173704
3.3287540976527046
3.6177014376412986
2.426696111139731
3.238926687344345
4.5278743210548
4.081831977099816
4.405437466191642
2.6744665865789257
3.8481211512725713
3.2734754147968657
1.7760793382504305
2.348654301052905
2.679182564595526
3.030407240975941
2.8039092639425336
2.864425881540712
3.089050826758073
4.4877510159837035
2.897790665693619
2.9134391265853017
3.3017535139090546
1.6250543568043136
3.0499840389972563
1.751055897661817
3.8259587664882178
3.873566741052474
2.6489202162605805
3.118694380986013
4.164900535364828
2.52885474410136
2.5627584081995076
2.5567249261828513
2.3284867342765603
3.717700006722125
2.541475388300067
1.1766216096981834
2.8929311017947947
3.568883904364262
2.0041394038368923
4.311282615852824
2.694067913422688
3.1912681143405726
3.201996348649039
2.9471445402282717
3.20860911961823
4.967306915268116
3.4983055131602194
2.998724694766845
3.1505306484025004
3.104770507936272
2.7094661413064722
3.5039732909494736
2.7234382382998836
3.413034515497386
2.59659223817022
3.2274086328241394
1.4551765840312116
3.779249347357255
4.8849546223702225
3.6306648454323343
2.572823448012211
4.295861056897793
3.4926801247320656
3.101055289773247
3.4412687696083717
3.982351584325735
4.9343110426247785
3.7299409724666486
2.4543429736908946
2.572396551542708
3.8873568501002103
3.3502506240690435
2.4647317168745415
3.702223979769788
3.613741461309073
4.127249829629255
3.2770368468087083
3.766639581160441
3.8704646707608887
3.734125705957271
2.7455417641792215
2.9653164168260195
3.741587575739504
3.7513262315373774
2.9078385285164066
4.380934739257877
3.843514463661303
3.0169472211778485
3.169824076131012
3.0281939317376567
3.01654394296716
2.8959552576701943
2.784788178829589
3.5663468161752627
2.5566998660425666
2.8424744737442973
3.206475345890719
4.993546226479161
2.6541073753058475
2.126679022733188
1.4217020743749407
2.7677697357280193
3.1231411151608475
3.7528823056051293
3.662580095354559
3.5562609558425526
2.5527594973115475
4.1621348578615285
3.8072347529724473
2.1486586765462468
1.6576976658922584
2.7127794745728933
3.6575682891630317
2.256183439228427
3.899717582741448
2.6987119146611507
3.1166429514449066
2.4770230780976528
4.2808399151971495
3.862454339800057
3.830837260510834
3.3910045115884957
3.1958162669176486
3.080556847581664
2.522273897618855
3.560958231438362
2.544320805727682
2.5620482806776232
2.695105583100525
3.131055380599048
3.645548847829274
3.7185332106442557
2.424263405481091
3.3579195955308334
1.453288911440013
3.144440694636173
3.4629241205369565
1.2069904722086031
5.0
3.8966676602513024
3.6030071448404657
3.8753329837172865
3.2468128364627864
3.4283125589515704
4.155107689994394
3.2223039467491903
2.81508276856352
2.482168917597291
0.8871735947907302
4.008655696308751
2.782698472465733
2.139923438495856
4.0586507094033495
2.492318740035871
3.7700930647126167
3.9175221332390127
2.441146548948848
1.6386221190374348
3.16101797337713
3.885240301801624
0.7566446173264607
2.1263937090010154
1.8908308391828639
2.0046311383231314
3.2110768395249254
1.604672174749214
4.01855940966279
2.9492103070623514
1.2808335938922104
2.281729859260735
3.4509167003596284
3.2318992791098653
2.3834538656003526
0.971290155447142
3.3106935948239835
3.6323436738689976
3.7135110960517546
0.3076077782976432
0.0
4.784641341534294
3.8582364370511746
4.087323241380191
3.6573320742531292
1.9584867159198547
0.3475226217322289
1.7534196436913385
1.7947158628548037
3.803971476332195
3.429859424538293
2.2895027456922596
2.4631111559425394
3.598603034481706
0.42164812934046214
1.9797409805731148
2.539808200144715
3.996550058261634
1.17767816568582
1.8078167885354537
3.5914959418371426
2.0806558417517396
3.9639421695507435
0.850010854501055
0.2496665644364482
4.459127201987673
1.9844511154034334
4.1981849436823175
0.8505885001407298
2.8172113204257654
2.8847845557740444
3.345318138429392
2.5371370256565013
0.8460588592646099
3.1586883883246086
4.955808869216157
3.496145162089779
3.6529541282523406
2.7414670650394184
2.8577402375346663
2.5090969128865526
3.1346612725053644
1.8687099066503619
1.0644911684293072
4.037261239756098
4.541503517894372
3.7907992064338165
2.905900920878481
3.661811862238804
1.1041219324528262
1.439728940563188
2.536334549053147
4.66403012056717
3.943414207687023
1.458564939033443
3.6435878100099908
2.4677603979525164
2.5568187319571853
2.5072795681214624
2.091309401177724
1.904802134164835
4.5253568621830045
2.8832358397929516
4.294755162565392
3.3887083441291717
2.466099126611529
2.210972349977628
2.2624531333268747
0.7898498715794409
1.1637103736421741
1.869247874601668
4.138995598655561
2.539669344778754
2.694420336114333
2.265288636341502
2.6199179880459544
3.013881289376516
3.1734378406022046
2.432198812027038
4.24093212103003
1.7678582685275037
3.029195483560854
3.675233532995107
3.949025749369455
3.1463256171774345
3.3825589465803167
1.624023188199211
1.2639644687968614
2.85176331382421
1.4576015790190864
2.813708245944734
3.927890306293377
2.624791056505633
0.4066293923505713
3.7088914616004827
3.458926645524511
0.7826868695639737
0.8944966289318996
4.594291711191745
3.2254740592837328
3.645600541131408
4.461155636907811
3.6367330614069795
1.0075163684820714
3.635696822884415
2.0375813960422766
3.325295729240108
2.307584768569753
4.953696875802888
2.0521646819155643
1.7493049426983935
3.597605495745026
2.4403142645707154
4.120482574536648
3.8749692476093136
3.6054694048316245
3.9774385012324194
1.4373630483418198
1.3885169298648092
2.90426759564916
1.6831080074418745
1.6113097797623732
1.9447641585899005
2.105939688606994
1.9176775404440454
1.0818533855576726
3.828634645844823
1.7118880922133295
3.39854384182918
0.0
0.7733968897910257
3.3117125669588647
4.150178893812982
0.6248107812700399
3.5357608064840926
3.055711384445625
0.9345611953037887
0.04755790286152273
1.7411629650533866
4.56699858298616
0.9518100599067951
3.0404289076711732
3.617303771842198
2.416238850046459
2.642776210881226
4.401540112936729
1.0872520349209784
0.3696227545364712
4.127033225552643
1.9927428236243374
4.463762800863958
2.684869800008445
1.705920107472008
3.344454208730867
2.1903136644719234
2.171085594941318
2.2960409064960414
1.7524690236560074
3.201794164799563
3.0296230034328255
2.8385774511846087
1.0329697848341697
3.0616033641524814
2.0635456197852173
4.344276175859222
3.9103956459888662
3.728443957481713
3.3786963811127997
0.6916641407664388
3.5237090677878973
1.2547094180034906
3.551094633622278
3.5744619113496503
4.5222237595535235
4.428447652710703
3.7291127269901567
2.8436344414110026
0.9787984122366806
4.186065658778529
4.547109389146171
2.3000698059948546
1.368449574559368
3.2694751847188117
2.3943104543905216
3.3001332495487814
2.9980554675034634
2.6645447076719924
1.1840276948038673
2.2522438208879416
2.231316290258053
4.644463127271323
1.7087169965411482
1.0957778027133225
0.405154770224315
4.285164207274829
4.119035089615484
4.013538690463462
4.993966141388334
3.0638364278712364
4.663589862305041
4.641062114044863
3.863494098651061
3.663031946414109
3.323634837895601
1.7287032798036046
2.9813046989876293
4.0949165294814796
2.9258921974674577
2.138410889071406
1.491664353716529
3.0522655741393345
0.1882412294369109
2.1018514703859674
4.5476645402834945
2.766582255633682
1.342769819966363
2.68565072392295
1.1198671402824933
1.9055097478093108
0.9806129039481659
1.8282443612912251
2.3099071824501047
1.6523836708505728
0.9640009307601973
1.8777897828771293
1.4217026518939866
0.9924696512312048
1.8681720694334905
