2.7755143466454832
4.684450080361678
3.805342137628473
4.652108237513214
2.1120098149529856
2.994734387110711
3.9708112067898114
1.959463540364653
2.7687794992632413
1.7686495583904138
1.7686495583904138
5.136632313253966
0.7072128275200296
4.155356494999117
2.277843536519585
1.7409877928794124
4.016026675049044
3.181202368697039
2.873831872911671
0.8651235120979308
2.425778153321704
0.42085238967462857
4.6227352483213
4.292402201439847
0.9812595143946554
3.3354023244297606
0.573696030689705
1.8914273729882543
0.6349372026070261
3.22659471154505
3.2646980779739825
3.960293381519958
1.724610792960953
4.29492911836329
2.9675906151573175
0.2700728017528826
1.2519543803637472
2.9920076202310404
3.0153074698721296
0.5497293364974398
3.8626710641216864
2.8696804544613346
3.306668195572716
0.608105918090712
1.9191919109117617
0.5102296022023447
0.46357482585264265
0.5953670370723714
4.133733260861115
1.427952960007885
0.5982933564413857
1.4408641132264517
0.5638736383874727
0.3245403980319592
1.8581483442191864
0.09567566772494995
4.212723718347858
1.2786441547917304
4.319547234413259
0.9259709620920216
4.998931230191552
0.044869392808231545
3.430622744082728
0.6665634118108192
3.920886400928685
0.7079523464102708
0.21099726556855902
3.6878274695417663
0.04979705841465343
3.667420660218074
2.571101214613863
3.5595916847935283
0.243006671562906
3.501326872563654
2.944307834877644
0.14563201191873443
0.18974945182169822
-0.02633813574840449
4.016968415252961
4.202653937431876
0.2335349207458135
0.9090980315311539
2.1836354233342616
0.579823170187729
0.5414895787138247
1.9494255087863106
3.343352406087367
3.6837194790180043
4.044928108851787
1.1456348234748504
1.6717855706818385
3.424201238630088
1.388248151540533
3.9309059166845937
0.7929405768150914
2.9196531687210703
4.0087831594849845
3.0666075583833963
1.552282495086895
2.621212503732944
-0.0403885785820739
1.1473517084777392
2.896147497066013
2.246073622795125
2.0290053855475376
2.828338135059553
-0.05152372579907549
2.2233824851538087
1.524551338062757
3.556678671011351
4.2158276811874416
3.0090570334416364
2.5554452606386358
3.2220510435357514
-0.0027032103695372456
-0.018309798302859726
3.666667526745659
0.7221592588097696
0.2674695076175091
0.7240090574180469
1.5607850872994158
0.5107545952127488
0.2874661828531613
0.2292427782761548
-0.010958171875380174
4.44591471909605
0.5750086992634911
2.2980463795399295
4.132491444356573
2.8285387604291423
3.5593254786383355
2.1321324349537623
3.8853535075258936
3.6260382156894466
3.337067823972278
3.8630755982232783
4.9566494536780885
2.01878338110816
1.8997714042170433
4.497763430980287
4.817594064417812
3.972553746011914
2.8880793513501626
4.4715602572835085
2.0710931222593985
2.12427565285281
3.029827495372564
3.1156203622013567
1.7348399165238888
0.776130820064652
2.0029250510573453
1.7038745120107848
3.359989296142197
3.1067401065949447
3.6605203148214702
4.153313196204795
0.3653377340761539
1.6797600867619558
4.2041099888005276
0.824819132586228
5.111274720509584
2.162899642125313
0.7956343986550891
3.091973794849458
3.9095494999196783
4.318866357425147
3.7132404273948953
2.5860512600908088
3.800268969552878
4.061879746541823
1.7240632061584105
0.6790684279586987
3.798402197413539
3.5691088914914864
2.9499712419217197
3.4983301303437626
3.92591987249332
2.746858216022383
0.2917360380194305
0.18737549268795828
0.18737549268795828
2.5663968891535314
1.4044569604863657
0.8752240473628028
1.2459192429562078
0.04235568870012241
0.0720356752483049
0.5732685968437599
1.2746128901608662
0.19975945180671761
3.7721078056474506
3.4608069070292107
1.3496388455681192
2.5002023636040853
3.5071141778831167
3.0719149538024966
3.4647335563262027
0.7755043872695842
-0.09383640181523756
2.948022728202117
0.643585244093658
1.1408997230298326
0.5691360400362706
1.012054236165497
0.4105665911798084
0.7654002981672372
3.9346674905116115
0.029845335980157373
2.2349031966892445
1.9027323770501354
0.6205432529300996
0.6647742838392521
0.7062136158938337
1.6852947521101793
1.8052067474868574
1.5723505654923322
0.7768636245587341
2.7262892243996415
3.559738685152157
1.322721255950829
0.2226329925224544
-0.06673126388770356
0.7749224188609407
2.7463563710915624
0.09758473488792152
0.17354977561035678
2.5044258748295603
2.631037085875093
0.07430993280292508
1.857264698845234
0.10496302769870614
0.03322108282684422
3.5638110786943034
3.7070183747348153
3.4092556249676695
2.840270789753391
0.11606684182142857
0.07702419298916574
0.4918164884518088
-0.0010332489082189866
2.1110556526919577
-0.08059315113314636
0.12546263932924795
0.015112189553192046
3.2965224462683285
0.3295997572065641
2.6617487808080758
2.294926968840934
-0.12978544827584937
0.01867186147310118
3.242608417560521
4.670127857405441
2.8218460228883
3.0473988250577073
0.9432736664523356
4.518930013415305
0.4078039289542206
4.150909224808101
2.851528317306266
-0.005225830517732177
4.45552589019558
3.875351384632748
3.973124613542742
4.310630985821113
1.376396296740909
1.3923739902953063
1.7743996225345589
2.470489084854459
1.9491662437720736
4.641739217502198
3.3026883663677826
0.49463034851059895
2.041617804972783
4.273886881404592
4.039340132070322
4.735963107412834
0.22985985177097312
0.19951405426807156
2.1410610216449095
2.370689380903091
0.23899710431340448
2.149986957597541
3.9109886053459575
3.0512935093949882
4.232634092463493
3.7510001105176567
1.7745940096198733
3.459401630984942
3.0463230593350703
0.5591268670736032
3.630661496209034
0.8667601831746712
2.6131693093487556
4.163483933473345
0.22653906133449464
0.6708490094716799
1.7774304714006375
3.1984571916567375
2.834635601283366
3.3025732229276015
4.670627291023027
3.486898814627324
1.4434885710043455
4.231289914837723
2.5656952706768514
3.5114891801651424
3.873322672545244
2.7876549000255344
4.474214689093198
3.6519557414332495
1.8552041180572978
0.5091931422896128
1.1807937260453745
2.595225383142697
2.845852307352058
4.153052019214705
2.3080943669387235
3.321833869062987
0.46094375923106057
0.21986331063060938
3.1870297864747683
2.5155540144842954
3.7674226178091077
2.839411304983151
4.3348466743689045
0.39959299954721406
2.933578014626851
3.9739157257135167
4.018984874547299
3.5629275511757577
5.130500598618025
3.9313162231990266
3.9295554039871803
3.5356272360843715
3.5604852626443506
1.5151845434760913
3.753867594358465
2.591348733574622
0.3883785619567188
0.3933815343810867
3.910251886389007
4.593621578557159
4.228894724661625
2.9075317170757113
2.0228847044682903
0.46247553749858294
2.8806720540157995
0.228585179857685
2.758305203474607
0.2820472601296897
2.497952358303267
3.627901903029634
0.5326249860070691
4.011232650483345
2.896604355541524
0.21479496845346713
1.7912701911629112
4.509348009345883
0.451174083479855
3.746571822615069
4.529313817447317
3.9119024168939185
1.7790034922395206
3.404124372728506
3.8142196399424284
0.5517751442527512
1.6106451924509493
3.157478156578042
4.035057353125028
4.358864495969876
3.4528744448432467
3.75943745306305
0.5539705468366565
0.5836177615767975
1.5806377121672828
3.0672597713767016
2.9681135867783937
0.08263583742784952
2.137335059317218
1.9720185174255978
4.1417468011919985
4.3591630949546545
2.3199074961266355
0.6066408261423009
2.005681105698061
2.2470272301906857
4.447296933809305
1.1733956301898099
2.560905893769747
1.8309436862509836
4.478907957912819
2.9002824898725534
0.25293551289022
2.9957273233042856
2.8510056647417166
0.08099503665398444
0.535395796889012
4.863824254337473
3.1615856816985497
3.6093370361863397
2.4878964013451674
0.08500790219514887
2.2689048218827095
3.2445427492397094
3.7176503761768593
3.9608310716095785
-0.00018039479860920693
2.9546306418228876
2.8315041186233416
2.8888161843565996
4.02202841648924
4.632131555390834
1.585517384274123
3.6131241095161775
0.6801469488891403
1.5359443915474706
0.4289385410293871
4.589999206953459
3.6908784347453105
3.875875107926886
4.283875895062503
1.480727954807704
4.326553799784563
0.97047347855076
2.007654735020634
1.5978669351156416
0.08680684742443479
4.837788029139815
2.847821145243205
3.9926212289133067
0.676793245758728
4.881068867504671
0.46699336359081123
3.4108482600442667
0.8572777087475334
2.714021718683011
1.9500928882777675
4.7921658806555225
3.8304789069625436
3.160979472591985
2.6057931867257573
1.9813007039097128
-0.015562304471067101
2.3254332481615743
3.287136383855713
0.022212256720236745
1.4016307798380412
3.7740316698635543
0.7972658294949495
1.0412841474208028
3.457184863836424
3.8950005015798315
0.46555906736961283
0.17125187277715348
4.603596869048085
1.311580766077289
1.6105022588931819
4.345702939596749
0.9657437053309632
2.927165142644075
0.5206791777854969
0.43858362068516765
0.016368107619856964
1.6115748080617238
3.731515789088558
3.353687671261766
2.4703712573065695
4.680749722297341
4.015425380943053
0.5064132926012466
2.027494503957821
3.4813897123724025
2.3235205404632877
4.187832028406024
1.9228068562795064
2.409618086399585
0.8884696735589612
2.5434896436307053
3.861282956625204
1.2703541850141837
3.711035644688656
1.9543151637086966
2.130460259490423
0.09651747940404665
4.292032941885566
0.4705951736576566
2.5976627786361717
4.262900492476127
3.4066807275454787
4.969889512317887
3.9472349071411577
4.149755603449008
3.2412921606380407
3.5106760750569803
3.015864406697848
3.3773905120201437
0.7158502070018589
3.9654199970133903
1.0895961488036212
4.670267625027671
2.4088651142913493
2.618903696747521
1.6942661674776218
2.670178822310891
1.7053923224419076
4.257568063655388
3.225395893675082
1.6347233300079838
3.26967717677693
1.0357630283372048
0.9640764758069702
1.967115734102559
3.75739117729228
0.5405060991478141
2.9095681577054604
1.26138802890536
2.1725930815485572
0.7604954298697706
2.7764729995807356
3.1784305043307053
2.5753992690999494
3.3051908837843076
3.518918721570592
1.7351514746766066
4.276672300321857
2.5743237901181266
1.5924732947523141
1.143961872683164
4.180719275647769
1.3053367655759054
0.9858408369339333
0.510329790683147
2.002829472049105
1.3292476895451166
1.3844161830455377
0.49134533524935353
2.498035874235004
1.2734414737559074
1.888277606304908
2.632343196129404
4.486672731877119
1.9293467991299122
2.8483594051830647
4.162517449155098
2.663287795060077
4.199275856779829
0.1420108239308675
2.044008235912953
2.7100610703941155
3.3019609942262473
2.6394696752216835
1.0463144638625703
4.043736155738599
2.4737407959971973
1.6201395469342819
3.984061651819511
2.8469775859890394
3.19320987924672
4.553524718950681
3.256888269867579
4.255405046633675
0.5649009336891133
1.740037842749433
2.179187636040422
2.059294361765523
3.495007432758579
4.0564369222413195
2.2424526958378332
2.184287106671161
2.5630252027944067
2.871994232003765
1.5114279952643983
1.1485544462892427
3.3641610093193752
4.546999225065732
4.398142013714394
3.856132803848461
3.9674915196357157
3.3065056342721117
1.6934293403415293
2.127122390410582
3.492726234965495
3.4479946524504035
1.6355030801965196
1.7570420211428246
3.31879714330731
0.32918620838438795
4.289239634559104
2.26166663270131
1.7930126293161055
1.097787001572593
3.081330793371827
3.697045206157707
2.8442299933425774
0.9206149315066474
4.145203381928939
3.4455011943556864
1.7074993266827265
3.39170101532079
4.49256519652287
4.205823039072682
1.4785023550050136
3.780238119147632
3.185657879089248
1.9879919872356773
3.051542481630354
3.291574133981064
1.9946490203197733
3.973148864685019
4.040883709833969
4.8797924794980965
3.0438350272197296
2.666614611772811
1.070909849764
3.416198356048834
2.2197596119960057
2.81222385927518
1.1816056240449768
3.073779376907152
3.9896601120086115
1.3883479918914947
2.6567482126288064
0.7521088845506352
4.93510284975086
2.8220174235578392
3.7174909765398962
2.764259267234138
0.5558509307221309
1.5266070838358585
2.3595411282066
1.9779980067382432
2.87445474065796
2.9560790017537495
2.9521394884262997
1.397204208765733
1.3764193865270533
3.075415601434095
2.8147067342340755
1.949866008064892
3.7094929374262806
1.4825906706874195
2.9343784396414616
2.338311831030018
0.4939291503343197
2.018784948723529
3.756511991845376
1.6660856667176773
2.723276319993004
3.4117637205946667
2.3929728799470498
1.1728958255144653
4.208744366915895
3.303161841800227
2.2572464894147526
3.11593390042368
2.2459610303020296
3.063590023075972
2.1806076228898252
1.9373552676496706
1.3692117731807132
1.1070142685735282
3.4048772226235258
1.303419921529681
2.524009916872207
4.382469134288001
2.3474210450508277
2.5852657341552328
1.5431172842700152
3.7266734796129297
2.799187956757446
2.5454396611887047
3.823037043114671
2.2809211172672414
3.99564184125494
4.104634472773519
0.5051309277664204
2.017712849223196
2.896253609933606
1.6146635417380564
1.1804747933501716
2.7650992227188347
2.1412690577328073
2.947211905325457
1.1159048582137876
2.1345892011492387
1.966381856397149
2.173456621684699
0.7242450851475013
2.198595122663365
3.205022652516513
3.4699610607390996
1.157901347621653
4.590569725101089
2.0681923898233876
2.7770428696415146
2.0262692888525997
2.5258710184807245
1.216828874048117
0.8924205845570397
2.6435995867144717
2.7291570561834915
2.8771179289721127
2.613051800951113
2.580184521655167
1.7438447120707607
2.381331640995369
2.198218377400053
1.8957571494860987
3.4717571745624567
3.286931612499352
2.9987942227128093
2.400181531804762
1.351797874241143
1.6144213302154
1.937076664013917
1.8700911477376838
2.8390196180994525
2.503953422374644
1.2360529788595902
3.4386879922440174
3.217135133160591
2.256015225629815
1.7283280415624036
1.0385712464060353
2.385949524994103
1.1356597215711801
3.0007163168262414
3.4976999569592575
2.4499265651129902
2.5026255500816807
2.5510177256890465
3.8875786326591273
2.3089864023178803
0.32948748824658214
2.1753450280348385
2.0147407788922975
1.6435052924052043
3.628232895143612
2.1882206348944315
2.744581790083621
3.7340689570309307
1.7440661529533337
2.526518404068116
3.0132201599218913
2.9142130733542215
3.2605997890364216
2.8490416220728334
2.070819597440426
2.6877236644296016
1.0657333609120778
2.3320131113769857
2.335216602729594
1.5540172707382718
3.3293755520333326
3.5677404672580817
3.0066829354473485
2.7460317162856183
2.7572327281493605
2.192139685431293
3.7184643410941782
3.449575220275459
1.3481809342012685
0.352618297844403
2.6388377798246054
2.7651650993447734
3.4355050247410346
3.0546433454807413
1.4378901827639492
2.081977715469937
1.4170472801213094
2.272478425132401
1.8713211943383703
2.6172466087889825
4.052868701649468
3.4172229021781995
2.7964193071205505
2.3126534803640793
0.605913952361889
2.2537009668990007
2.8935127593328693
3.1615274984969175
2.714153349508199
3.262100868852656
3.457728990133517
1.8869426650647547
2.4121453885000896
2.7123362047010473
2.261571490809628
4.060646063200352
2.670799499128975
1.794192632317018
2.577997893728223
2.163966132837409
2.5206286788712244
2.3256056614292735
3.5675834848130425
1.3387714737145613
4.465901493767513
0.2861701952576192
2.5770837400595177
2.209037805724199
1.7658012293502567
1.5306892430093102
1.540523834817563
2.4926914971450636
3.9431698309792806
2.476659796429657
3.7523912442267706
3.691895936347713
2.043178436873352
3.3238370786092313
2.6138296710922093
1.1348675025699118
2.87486318605923
2.795520868942953
1.2507533436736518
1.689629555771809
2.603146669800064
4.4641085583084195
2.0546048674201565
1.8256751421691515
1.967312166850438
2.653090646118084
3.3129950537387556
2.643170963854672
2.4133475072010304
2.280928167105218
2.833100338946876
3.3056328349135775
3.6286794903447013
1.9684176926094672
1.969220035009497
2.822330206023594
3.1900328369136535
3.0691815584801825
2.72449328714551
4.1918293651257645
1.1093873779104468
1.2685683690729528
2.686544149345706
2.359300368074475
3.2572130788446967
2.694960850057519
2.9621824158308834
2.9858613806398244
1.865714424433794
3.2183618771711004
2.884946138860623
2.9689609831239188
2.5918051956935333
3.867771569161463
1.4556453634155755
4.309750339894533
3.943886880803204
4.3615430222324
3.3036864246337423
1.3510980385144817
2.0423836747641033
3.3399555143707422
2.061721637748567
2.728164357104663
4.422155748827396
2.876573683214944
1.4802457062977101
2.515310454596124
1.2289284566768544
1.5902241405889663
1.0213248658670562
0.5554670436596734
3.855503358979022
2.123000574584399
2.2791507626811915
2.7809388094675773
3.0779448252452584
1.9269803342809952
4.017061848876128
2.167091315730212
3.5595022772524523
3.5222716306910162
2.1779116484686982
3.8168248384069043
2.209818403853732
3.0653683731738703
3.5569453972477625
3.121267786350067
4.088994272292526
2.1649753803186274
4.123239812572079
2.34300624035302
2.9999832352439135
3.565699525995629
3.5584572678704642
2.4074917860290763
3.2240821467479703
3.5480816234714023
4.115786985349084
3.472515015354945
3.0809367437699544
2.9599252896620754
3.397037909462114
4.486024539611588
3.501683934550547
2.1184603166402134
4.159438844032159
4.602465748515024
3.561990573696415
2.321614175059632
3.530207795750982
3.5368795678191196
2.4988649425846625
2.9013160950815213
3.4740444288560814
3.2902917742930637
3.3830807898596738
3.8433818313448533
4.208036208040418
3.103354067390484
2.6109253817437867
3.65387559809489
3.132142021776346
2.7897972906078197
3.1310199807954464
4.1391196000642925
3.582430371120966
4.476255024063168
3.474056148161786
2.6847744864032315
2.731589335975004
3.7057833590283504
2.799984497837473
3.598748537698103
3.8591915899683586
3.776090873604069
3.052063081294047
2.2275392028381367
1.7098780645748262
3.13137698982862
3.5835588466889163
2.6725984672346574
3.3487944792451803
4.2137450720130225
3.4352999914452553
3.218522699801385
3.5127708938406865
2.4485390277952765
4.256158632791525
4.246111855984643
2.483189976339896
3.875589798521948
3.3901946375566965
3.9233908812512484
3.4424046065633833
3.7230114052874006
3.137872105548088
3.3498210852581654
1.8706108657683296
3.0315578223685526
1.6227554259988546
4.409846416446614
3.5428892907840326
3.538550604189922
3.2666219830556393
3.328196885712471
2.653158429328662
2.201875870593402
3.1294972221896353
4.047379267545031
3.5642499534302465
3.0833320092181005
3.436592089748582
2.2343919589100807
3.5660125720540674
3.931784744591363
3.66038066770414
3.6981370756209153
2.718785925709916
3.4265954899745417
4.293378462878393
3.681583262165573
3.651892379828353
3.4603173739045583
4.117403785660619
2.4153743655553956
2.1847530832099347
3.5455664654187613
3.6016373026388333
3.696209850027547
3.4622193894863877
2.08209001842508
3.8037424729835068
4.358648673622581
3.0957290287380537
2.7744772731515246
2.954443082903985
1.8614850601496657
2.9035064417434024
2.245537723128631
3.2906007880135197
2.7270570711517648
3.711237086076277
2.2138174497376264
1.839156361932278
2.336216324287186
3.9160800368861657
4.018720020170294
2.324290636247977
4.384079758551265
2.76231867055707
2.2144014818242157
3.7787129046782613
3.4665793867808
2.477397987585819
3.8038028026219113
2.9473372877149506
3.847772425679116
2.4771903025222723
4.355212850738971
2.8842611568577343
4.752573502696679
2.6125102291106503
3.8465238538214184
2.649250310780547
3.034667598437663
2.567505198444231
3.016473293360309
3.116803346029016
3.65544875241535
2.8105452247592453
3.945625128398149
1.4403698439839587
2.9727015598746407
4.76098588712305
3.7900266275388663
2.683977176848601
4.183436528373626
2.0562171687404467
3.631382227285742
3.751436172061795
4.1620034807329365
4.930991648691464
3.8107847960476615
3.2740138036455253
3.2976724505253543
3.195656398125905
2.393665312589257
2.8165958357990735
2.0653726549307674
3.434762112735286
4.096783230895475
3.1558837042250447
4.049985862376695
3.8280935228904185
4.3128793560935375
2.414977429066332
3.368832209264903
3.6983707552478657
4.396475400910001
3.402641990471332
3.6369101610458285
4.107310737476599
3.165408286421704
3.8155836795187756
2.5767295709463025
2.3111608029401056
3.7485484136554064
2.4485227097389215
4.140622205954952
1.032022984895307
3.80266201451544
3.6103376468952373
4.528774105492292
3.292985260140531
2.2872903675774943
1.3897809061329225
1.9793360174443855
3.225856216626934
4.075825390713295
4.034784443020149
3.8178784435371527
1.999087268361639
2.5556490339963127
4.0811412054936635
3.246597647362315
1.4325676288069884
3.7094886404292335
3.6328683216915008
2.5953232616335264
2.563103024334031
2.080609816945021
3.4489708047774243
2.9634853497301967
4.467084215625195
4.242001010758125
4.038327646938679
3.595130272548838
3.574360685766376
4.117255146338168
2.9286096392884566
2.8018048218534863
2.1203058437339313
2.8676445989173196
3.0077634830218116
4.268218191803221
3.783286246260447
3.975615276013417
3.6023591679979505
3.929255711630597
2.345794232552248
2.6775542833863764
3.750420431627572
1.1765448584664684
2.953435050377465
4.284506622941195
3.684687328488441
3.033932616754049
3.7443161262800366
3.729704263627567
3.6631128647236393
2.9930527365811765
3.2397416370107868
3.2182436753868835
0.8120372424593176
3.636610533789581
3.3677765113926497
3.4292969248745466
4.283420291184527
2.910844660224654
3.9249019196775805
3.7105330648473935
1.9988976765028186
1.2815705384966272
3.132549682335408
3.7872776424231205
0.7418150608981788
2.589066624991017
2.2999247881424028
2.348076976747808
2.748856971960115
0.6310826865911094
4.914954021449947
1.8559114697552554
1.9584476394496804
1.6988142233450994
2.934760160609253
2.792485129424845
2.5669259904350943
1.7074651160176293
3.585394665150919
2.950896974850406
4.236242445882078
0.1353958573626146
-0.1450638662040511
4.5546659984415845
3.726533288274945
4.701710375320238
4.108339021537557
2.3152474190860515
-0.11494510606206543
3.5911140440349305
2.1508285618907275
2.7667271139584253
3.936590815883657
2.1615762759078327
2.720528769047087
2.523640968347194
0.06867378495952625
2.3047446023699445
1.8884070267735815
3.105438200420474
0.17034267678240855
1.6723297731195705
4.57831013165872
1.6422413083434595
3.978290813120164
0.33753537161779423
0.24283879687923893
4.349707716919741
0.6466086434633977
4.619938417322098
0.6759768516775768
1.9698963723035368
2.6685280921869694
4.107436423533549
3.012037056551349
0.7965862907370918
4.0751519774722595
4.9958988498317325
3.059774026358965
3.3723837062519513
2.960054423637509
1.7096364452389041
3.144622458965053
2.275251630983794
1.911707827700492
0.46502304895735147
4.139653170786691
4.8009495452433875
4.094975378517212
4.346913225110897
3.2749202879354655
2.7684159564745023
1.5680696581192715
1.9268057356779087
3.2007450874992798
4.22165537994646
1.6960680912942223
3.865816072408262
3.912812709070738
2.3748632149733346
3.442701900573442
3.1784090276795283
3.3920150937177196
4.10159677941586
3.729943536905144
3.9797510772841145
3.2417129952202814
0.5062707354235654
3.103665192091471
1.7546252805474962
1.995896844437456
1.3191703583547962
3.6714438825182123
4.52336347730636
3.1949344070481356
2.204914821547293
1.2787731948731924
3.221313436356203
3.9330227731460132
4.263907073513653
2.4681882343734003
4.564497671738387
2.031692178997896
3.6649268259391454
3.9057140647862987
3.3327362454254996
2.1726716805105344
2.4308923638918047
1.5622334885952798
2.061404629149555
2.390218263234363
1.7975405353350196
2.351966658467374
3.315540611293266
2.8020666148811397
0.08934226316999361
4.317782183428974
4.200086024997918
1.0972278061434801
0.37316691676396285
4.865112983369961
3.2436402482388154
4.199835102992446
2.7668378820834274
3.6750945755139184
-0.09624237686421555
4.624561092246223
3.814072969679183
3.3183860092541533
2.140094978091236
4.88494027438709
2.3986630729487297
1.3647055713297558
4.141085936595954
2.1724279254023315
4.192403400655171
4.241859507634867
4.002661346296265
3.6182023667426493
2.205121796728405
1.6673342704900334
3.264566923153285
1.2153851820150097
1.6603475234866387
2.0502237375205565
3.180500505203592
2.1637529358090144
0.2955112430552065
3.8898553921371017
0.22918435952653393
3.9227076050309795
0.07992544130400603
0.6209044661411882
3.1666675073597115
3.769300432854107
0.9439202769367592
3.944575624954062
3.955289423100329
0.5040796114037072
0.9993669248120662
0.9327259399914816
4.292064897050859
0.6025638028721794
2.3949919909795883
4.166658365650477
1.0049162190641905
1.4771357140696741
4.55650144661913
0.2889053131060253
0.38187738675579563
3.442287183897082
2.101244342266082
3.710991602659332
3.7316810212992273
1.614146327498048
2.4705048167177694
0.48934003226625844
1.3197869359771888
1.1781964202982849
1.6745461644279853
2.759890267499795
3.8176756550436286
4.083870925747589
0.8605213742916407
2.0798209224122024
1.771244711311974
3.7899065463752013
4.925104382492527
4.069650307776451
2.37033587553362
0.3165473138183996
4.704560413572542
0.823314266856424
4.256816877751315
2.60928336115255
4.8901311103119784
5.141629734447152
3.7646539791819507
2.044983836807009
0.6875740462966959
3.533357038388542
4.4976581193235425
2.604964704309216
0.8445599415220526
3.84798500307577
2.8052655569999025
3.088178921598752
3.4923405878761766
3.9207684549587554
1.1764810028642705
3.4395860210663294
3.507839650171683
4.55957615033394
3.5707859240531024
0.8336390056780125
1.3396715322170456
3.9350286516351023
3.5907560536758028
4.438887181341412
4.8213260199346895
2.5535900601823958
4.817408249197476
4.878991858166322
4.3417512471895785
4.180162369701966
4.017331797096341
1.0238229457983818
3.1794280611313095
3.6405485074186026
3.1732530624622357
2.895142862630135
0.8817062295174338
3.6545679061480967
0.5972575599891021
1.610977922311032
4.143738653797268
1.689063718143231
1.0293408522141663
2.5848189841763447
0.23312469859472618
2.159739195587264
-0.027110588398620905
1.469741290784448
2.749762186960271
2.3049374318725997
1.2400777448161362
1.4619667862481167
0.8841165362949583
0.8516868323699631
0.5082663489512873
