3.8450120457991406
0.8266831781215132
3.2559475613174564
3.0270271992877187
1.2514796989835695
3.6460184167419007
3.001259586727655
3.9688909354420874
2.9699461566540224
3.8403580796203456
3.2547111060536897
3.699863349524273
4.324930060513711
3.3284907739588303
3.43279916719544
3.1585550259015798
2.747718072823578
3.2919161940089583
3.388185243975132
2.987500075075818
4.115992596500229
3.6259754897249685
3.6642347149253287
4.274250772924377
4.017932412651016
3.7878668780646025
3.993832042339321
2.4016417617098345
2.4328723773783008
3.933196637173442
3.670605929210986
2.7753423613419343
3.174358760789897
3.5841164926974938
3.5741660768084214
4.374171947484088
3.2025125726823696
2.7648846646243856
3.609897889088514
3.6895574321406093
3.5337987210975315
4.353510653533523
3.805028380728244
3.5230873262505016
3.7096963730627714
1.6425747460780737
3.2459116416558818
3.4035642060687166
2.9521509121410383
3.951870030390818
3.8759289409132327
4.116212653970989
4.1267560361284
3.2351515616863376
4.367684250573271
3.258254794612526
2.8408478615425783
3.7633981196382122
2.278978744695857
2.2047871693000296
4.429571069841403
3.0816617497259102
3.4624095290679704
3.8701229911619457
3.356356376351375
2.8688159227042616
3.6883169996354996
2.5560289535669636
1.7711860152048282
4.240628296469929
3.7671840721144223
3.556322511409308
0.7334727240961318
2.771364002977154
3.903921678012236
1.45394705801893
2.7801639535180276
3.283991554537077
3.049331832827297
3.765652287872533
3.433161385453973
4.19780790937451
4.658426427699865
1.6196113066453637
4.467983842307227
3.572724169351672
3.4941203324988557
3.7428944549534844
2.7312068078671645
3.275375711198145
3.278148391729248
3.963933828936847
2.866919660891242
1.6954230801068078
3.4226347512213455
4.192445996198762
2.644178448337124
4.13951192340652
2.6957327857074906
2.6027609120680144
2.7053893990252362
3.1089180892574637
3.6651726500266935
3.4879497016987817
3.9201839619770764
4.144253227657666
4.703037573917618
3.7385769582736237
4.045694544708926
3.649524698651826
2.679309330914577
3.3490667371255025
2.47976364526812
2.217066583337285
3.5099825618590224
0.7692082631479589
3.4389958019383515
2.401165254495393
2.2939506853689573
3.7576753960542684
3.748550725806916
3.2840888160573427
3.331472161751924
4.285561860114868
3.2446505697814008
2.48244424338582
4.377804898466367
3.740144847994109
4.3811422866226195
3.1392340262485017
3.2270178691704325
3.242021559079497
2.765923201585315
3.415494979137923
3.0164037693295156
3.4856739360400613
4.512209969768712
3.3811826636622526
3.6665527727141263
3.9622495869628196
4.10018212124039
3.3273254073438348
3.263856288728706
4.017749107927706
4.047218223009683
2.0938453627332136
4.033127776750058
4.066777308935915
3.8757750620477878
3.6434544717427535
3.6127882620309397
4.1448164605472755
3.4335845235282747
3.3927879618397117
3.314524588458973
3.2550869798114466
3.9374692283182817
3.6073769992924185
3.6526229309434703
2.2816932188589205
3.742445890142661
1.6429769480743106
4.060152271250248
4.596788514311657
2.7041897698641577
2.283059285053502
4.007928962458569
2.8221168823539093
3.355242293137164
1.6898379826337715
3.8739374319816697
2.999883174019384
4.1197504283586515
2.5965117718122164
3.1226577000376556
2.8975860995907152
2.9564351764424015
3.853976423968351
2.5135161889549322
2.0362522795823526
3.695973808843611
2.2924940899953654
3.3244551217001947
3.3031133822667633
2.9682456718740773
1.6686648954592767
4.320775765401086
3.2334850574953293
3.4781107682909176
4.062828075371871
3.51658655758676
4.319451437242247
3.9879766199152145
3.713545566069843
2.8458780401853847
2.1216175245720237
3.2701229084184202
4.278854621782979
2.0012944362123886
2.52343745273909
3.8072719118643095
2.5064317660688484
2.2530154730894427
3.0347255015626753
3.3572631779408133
4.320328004360155
3.8362705268068114
3.2095199863530985
3.051739020173108
3.845396320247024
3.8789063988254804
3.4394405451702212
2.4299549750383105
3.0512507946184604
3.4266983937331066
2.5713489721046985
2.8894744672499315
3.7737428994949913
3.3428003144774974
0.7273539295240532
3.1398640569280643
2.6569257370521253
4.332375876272206
4.0785794423547586
3.658201447969455
3.3647560877065863
3.030233003191903
4.181145151910938
4.058075686666459
3.8128862896646667
4.14480324116156
2.750404934838955
3.3558433332772495
3.457606418814241
1.443206562212462
4.2231647876947545
3.1058284698217506
1.8258364294484082
3.7279146766863165
3.516152122193079
3.4350787322246386
2.995530816695809
3.2967486884543273
1.5873860491689853
3.9819037067532737
3.720254190954114
3.5755340509977214
3.3777321688947044
3.690825428143791
4.155177466050917
2.8322477445216787
3.8944201507478495
2.8433212481856565
3.432576045541618
3.5616574733792645
3.408805776585885
3.1537322399887255
0.8095087911370735
1.5352985635036238
4.061466082370356
2.848966238281788
3.9946867083120745
3.1881432348554246
4.086545380838409
1.8754839804928878
4.260732013811241
4.304359607671378
2.7518756752268385
2.9028177881201565
2.1418906766921153
2.985536667028626
3.950243376963926
3.99070140084114
4.300363977224222
3.559837114181293
3.829385714738661
4.031562265249699
3.9299519503695506
3.5095558642144646
4.501715533921848
4.0948788403747125
2.4014352598383333
1.934725454975165
2.085697870408602
2.700384962440296
3.013753255672828
3.9973956738545224
4.121434113106013
3.352904977312038
3.2905486630980634
2.488910040646502
4.045806137848846
4.022166520800097
2.6999276116543798
3.8359471572375248
3.6973954904768904
3.364498533671168
3.9127549458633752
4.408574642866666
3.8527681762874324
4.233454557016687
3.3592685860925044
2.233206417435263
4.008441516990331
2.488878862280402
3.1463399859228636
2.281932006507757
2.8535034935916324
3.660344914135104
3.6244516587474607
2.841265835663017
3.381717028470005
3.1183035371532033
4.218166107805379
3.33529572554802
1.5452003240781962
3.3041229011878603
3.195031702271557
1.6729094207953183
1.8685121444931352
2.995135341644577
3.2724353009439953
4.456147019752731
4.082098862627943
3.4211019660774618
2.801876568399271
2.9257545986709346
2.410607919176545
4.076595014613762
4.084047859988712
3.2528143147069555
4.19260405790587
3.550242004413549
3.874591213985215
2.790415900274307
3.0931230881215748
4.621985351859866
4.237025984153082
3.5124566328925098
2.4799642662345462
3.0121792853746956
3.2020303752237624
3.217794759612791
4.1554095063589
3.323532286719571
3.9739800069210047
3.915819305984607
4.1464300010871975
3.13613942830822
2.945775750356179
3.741069983299706
2.745718976536731
2.2582510618193723
1.8783510669380017
3.8049261960849177
3.3328227725369546
3.117314707831133
3.929419975524303
2.9336475491506437
3.1889436647736016
3.66280499505173
2.7588927375460774
2.8955781391234026
2.8344349706457916
3.406832731710243
3.627352235146214
3.1593842704690287
1.9369546334277312
0.9808778097301913
1.7234223162527198
3.4204270806405432
3.8364996952713084
3.3764409207878083
3.0476003513225995
3.399116860959737
2.9808953317942
3.556817368416912
3.8158158022128763
3.293748892102675
3.409495163538761
2.925116195416807
3.3042175510746445
3.841520825505907
2.4674725209818864
3.0124094697128236
3.111369922303505
4.0755566467652855
4.134551550542323
1.8258047509300783
3.8135842096161037
3.5936142124733728
2.4238727396895916
3.5884634612038786
4.093515699177443
2.5504003466111214
3.8295671931685207
3.370239396351241
3.367628928733513
3.6621078006687564
3.0488067225488633
0.7701673994691873
2.5489453906087305
3.658416615161809
2.8269605343844293
3.5923119549636375
4.222113181534105
3.2143648889783565
3.6593993718963276
3.7781374734612743
3.8601862105200078
2.9255952500115776
2.0820378763156864
4.172619387124886
3.0962930938597357
2.991399568759657
3.4783001095347497
3.1614784440269044
2.939531297902133
3.546329952396705
3.79807937741058
2.4748242018011206
2.847785202420306
3.914067297109571
2.76183549948728
3.1727961637852586
3.0840906489007884
3.715717417711376
3.6512723834532603
3.582605705184939
3.970755253660555
4.693835248413006
3.0776736371886986
1.6138730963402148
3.792630142229733
4.003616334066427
3.1703190722603183
2.0443111061645105
3.996365687498364
3.8985152895401245
3.286399319058743
3.7240569427410937
3.4774479705281363
2.103745655771086
4.24558018512834
3.0197675813146203
2.960747618741183
3.2000174774635406
3.57364674148927
1.9682556017188717
2.839676426988578
3.6043685584381153
3.8405963944016603
1.9238662678614822
2.539362032182459
3.860716922061496
2.894331852932332
3.519672877151358
2.7834055467441043
3.4010438969437122
3.9708671498162147
4.2567227099130065
4.0490637813605606
3.515080786509198
1.755906488125941
2.319749475344361
3.4439798183460564
2.2150822549390896
1.5783801169207723
3.6440971298337397
3.7622606585874343
2.2714307299042975
3.32732849102727
3.9590636288306333
3.5876493430587613
3.823070437817973
4.850689391722323
3.185041362448994
2.8607877116465312
3.3850168834112777
2.8396506137514175
2.659082598907469
3.659753191281608
2.7897335173963134
3.433403602256466
3.544306552799677
4.044255246694306
3.3108833695448507
3.8347953632648295
3.530415557252047
3.8112624976511094
3.760979844409054
2.9824558581647236
3.5281615761742926
3.364617814956821
3.2607653493579076
3.6278349702417163
3.9019483426658135
0.7334727240961318
3.3201298108058004
3.279519625363568
1.4934012502192178
3.222925889644346
1.9016737960165835
2.9036765547412595
4.553812747272701
4.083862730669211
2.4396509805607582
3.6064254558826123
2.9041875708428675
4.036742950033011
1.4824065452809574
2.963483206332612
3.944323462905878
4.122504490095421
1.73696746128349
3.077334499820206
3.522015232928181
3.430919618908104
2.8593298580127446
3.2003743109248193
3.1860193767946536
4.106430254244957
3.501581291810333
4.046851483518896
3.793944271981793
3.0018715572876307
2.234544835055733
3.6526272162919113
3.397203744523318
3.0335199262162686
2.598158550347273
2.3725545107489574
2.253688231031525
3.672587928409635
2.4734615842559347
2.9876497644742166
4.819106616056137
3.391889401539826
0.9039053640347201
3.989118398433898
4.344597357126945
1.5237997919485378
4.812932455233051
3.236941847734305
3.8639863506238243
3.780582348726111
3.283182247055361
3.1520769897233705
3.7545459508542285
3.890948279521809
3.7567160375060387
3.8102946802672495
3.8189202367841877
2.8984723885663897
3.225874488688494
3.7119023501768846
0.8739287618731673
3.613450669964123
3.675086810180055
2.635999201182728
3.087011437726807
3.495200836495767
4.354991509683909
2.9291085961369134
3.6465298608732764
3.0624593225981767
1.982818064417562
3.5541860352859973
4.1952737550654104
3.199683242645086
3.5788136740052923
3.9420200066499156
2.9171280143805487
3.791486535903965
2.040916907023674
2.6378587346676334
3.392050477839101
3.6120855223776416
2.979565451702426
2.59710582637906
2.893988493017135
3.527220788840388
3.280667670402723
4.267238569792525
3.9038724117028125
3.747719657992224
3.2752256457337987
3.9388110816995296
3.6685227388843065
3.6280756507419962
2.022764218879156
2.2051189883365887
4.211486636932161
4.389048343669511
4.179293430832264
3.6347802850960975
3.786532220098061
3.2606213761056684
2.3063352491836224
2.893940496639586
3.3626996229501516
2.9350953607938313
4.279487403032659
3.7716703003966083
3.090223143957969
2.8908424256052916
3.5644937744072496
3.6640528412509403
4.245364169195952
3.7947269931301557
4.4153374395721645
2.640165109387111
2.9291159522660957
4.20191032600289
4.297205975486699
3.7668077693022597
3.362829905824755
3.0359670481354866
2.9009794302291754
3.8354128779192513
2.070561843414219
3.4372441596230456
3.4710676560801867
3.5476408837664177
2.1361228597653494
3.725636069087407
4.0060703365494605
3.1934667899203486
4.277411854985879
3.6751672665909845
2.8879811328783753
1.9658303533616706
3.8330080651029093
3.3041550421961805
3.2328212599301764
3.2870011602634364
2.8814745103612105
3.8591432483624675
3.005476674668877
3.392826932728127
3.384255108528479
2.519594326576995
3.4580773549755155
4.55761756281732
3.8520296022734843
3.1335219045926865
2.863092966624154
3.912533839310695
3.261756502917556
3.63188660533363
3.288579905931051
3.4197444861024953
2.5529598226815273
3.5860679078724607
2.130452880981013
2.7417395109607305
3.334366506985553
2.6969052785785017
1.3231144335281408
3.126094977189067
4.167970595112025
2.360458409970622
3.2600522444721207
3.4028943394929176
2.2586545809055556
4.03617707551723
2.944760710555314
2.4590973351698184
3.8425492818475444
2.448369041889122
3.207370950327179
4.242993892599565
3.094414326058401
4.3797868709190215
2.514780824060849
1.6066081720438228
2.686236527071039
2.6930472233217593
2.8125062178374276
3.8784916372366767
4.409514667874033
3.51356121102644
1.2432141506635528
2.8750590697233913
3.7031421358929375
3.7946839960797196
2.9240808416679283
1.6415092542476626
3.392487744610568
4.161829450340948
1.0575437117893132
2.182402564493238
3.7256952091813225
3.3650372077226236
3.8379242108365874
3.2942308171341232
3.1659661804517003
3.481031232051933
4.146111894577336
3.304550793426508
2.7323441071263734
2.151905315572902
3.4523818117002514
3.9063204470441817
3.515328179184737
3.0297143041374417
1.5851496638353297
1.4292265884095245
3.3721545886125743
3.5232401353782365
4.005881240874469
2.986145918184759
2.9894708593207033
4.006757713255596
3.248968682313887
1.5508833548749674
3.312460804108851
3.093395605147526
4.109096705605195
3.1739062158231395
4.774940897415517
3.484640597947231
4.145533281455749
3.755233563277385
2.670502891669267
2.24830739686774
3.5037710382416187
4.198560922576048
2.999996146826534
2.4218088604636008
2.8373061346579576
3.0500476703165513
3.762973962828608
2.036088042428622
3.7557507351932444
2.9454731683852193
3.2179656720911014
3.0476636020153394
3.647440851475779
2.5343586813602417
4.18023425215782
3.4437382112386783
2.482790257583793
3.1296946679968514
4.057604017492896
2.8008068793943
3.4379252192063743
2.832520987212923
2.552859933742511
2.181202031880647
