3.6761390643774496
0.8008674164257634
3.447739728858249
3.1218381627822827
1.4815330966036302
3.670563800285748
2.955640287045543
3.9619578535940705
2.9782315220431745
3.758502548565501
3.14292328378814
3.6632116902781386
4.283285594846232
3.2069900475139055
3.446257207370097
3.064983828805151
2.6357533095759536
3.1823661911090624
3.3332751818205986
2.872686497384168
4.1518784911698745
3.4750046058607036
3.6836943369329966
4.207317817380195
4.013886677961198
3.753691897064414
3.983405013772162
2.448012248093699
2.5324325630714797
4.1003683107937725
3.6607322855449733
2.7044272853927276
3.1447264693784347
3.69389869321757
3.5199280372957324
4.389926746850536
3.357002336367692
2.8978308381423648
3.5704612078680333
3.677948307790784
3.403343310547006
4.363699188735433
3.896084782883785
3.526460626992732
3.744099676987384
1.4787867071716003
3.1574119445845077
3.3849360394450074
2.8657045018426444
3.9862467334123344
3.868925007768523
4.097682695120136
4.124384571955531
3.200321062155236
4.677143070827913
3.165459151832543
2.9707285453516445
3.7429639202041263
2.187959961726866
2.4679052757466526
4.471404196518604
3.1777699029073108
3.4920280307050215
3.8613768015717613
3.2677490547914876
3.054213221030316
3.5330718396414373
2.632475600802699
1.8946260188554382
4.134541156503495
3.6978971003766556
3.4393090336540717
0.7015644145120059
2.9309971040089065
4.021405695975952
1.5600288999387488
2.506660403037668
3.21243206362641
2.970612698104531
3.7189038942741433
3.3740880760075487
4.19971914069089
4.683555946363262
1.5130497810520436
4.510471517982795
3.648272860962183
3.437683430198185
3.7017141708339953
2.7770731026487776
3.3354341126194895
3.1058252656750374
3.886072636691814
2.906058758965433
1.8083882444860193
3.358700398043615
4.209920138064675
2.6202822785717985
4.115151090233212
2.6290731516874932
2.7720534023555854
2.5958558176229354
3.1063678476273595
3.6615380013476515
3.6383005469579657
3.8946016774337378
4.224544355886923
4.593906230371788
3.7525888884317298
3.968987415652941
3.6498613281003043
2.7058706543167355
3.4953153683135585
2.7432819290535266
2.1939746638995277
3.5253911925901398
0.688104384802807
3.473331046177693
2.7439226595429367
2.228130577661619
3.776807691501698
3.8947677327039716
3.2478387318943445
3.2597201880575937
4.201902648721882
3.550351463421142
2.453310987158394
4.352036140749952
3.7435775449895954
4.430185886190774
3.6825766680077803
3.2285148178283847
3.203307482593378
2.972851308579219
3.4321804391633903
3.1808815110677497
3.565509715296861
4.625882290180421
3.3582599397423176
3.687987508931951
4.134994023619596
4.009436394459042
3.374464990430375
3.346506293107853
4.1583581064592225
3.900441554570682
2.084642539178365
3.9408764351646366
4.076591651054311
3.8471754210954754
3.565283483407011
3.6600867679668245
4.177994524035361
3.309742341696158
3.412280301970688
3.3879678120390504
3.338382687891793
3.884188886998652
3.5131133831834833
3.817685239147408
2.3895806628188523
3.6549274834080774
1.4993995987196187
4.018960992153497
4.736184928767585
2.8494709695068967
2.248442586039887
3.9917332692730656
2.737491679429922
3.496184639186952
1.8677385000432927
4.0100528154296615
3.124908512568156
4.14159293350893
2.6428616977615653
3.124702961974521
3.434897528732431
2.7906358024809106
3.743063003632822
2.3822915467631467
2.0102469489938213
3.853303584424232
2.243830584833655
3.303419941092002
3.281423378001971
2.961827214323613
1.699228716886624
4.432875809059441
3.2618115702900305
3.3965990843907146
4.076507466701985
3.5966562629485423
4.255578983258421
3.9274270835945893
3.7670065078115464
3.096124269596713
2.216314617994479
3.2284649948124975
4.242943170790429
2.0244014680355
2.4010522103540715
3.7267785747553384
2.7248747112045435
2.408724746063545
3.132920944392897
3.481480674599617
4.364211295461573
3.8662110019210894
3.1838864788727785
3.087890579834808
3.7573811661882597
3.959844499478932
3.647518808482077
2.5880806045802163
2.987392084912256
3.441456935674536
2.5178236740493314
2.9980057353903375
3.7541085541281833
3.290427082051021
0.735901802439336
3.022988752575769
2.6876837323619367
4.278476928648171
4.071789024458999
3.652688932127211
3.313534084245758
2.9965314353315704
4.164779981955169
4.087978428152928
3.745185592380001
4.165676828247193
2.6905422937336954
3.4437328179623754
3.551785483230907
1.3515711637753074
4.2141808522223165
3.062769653355937
1.734286548501839
3.646755338910538
3.593979301584944
3.3670670376708824
2.8638802584630323
3.3545861988112606
1.68421920189884
3.859585790269061
3.6416614378974796
3.6262480653908447
3.2397377971394854
3.6908862523325845
4.1869927157022655
2.8570047679096526
3.8684579505975347
2.843278233441428
3.5293927846921016
3.58492373477404
3.3697157416688692
3.1668606142775952
0.7307047228175434
1.461688946051661
4.085446659434606
2.707666646111552
3.945759075708231
3.182448563096741
3.9790355618638125
1.7028973402171599
4.190928528836103
4.233268029438227
2.926402197747912
2.814084627384702
2.17954356125063
3.21708399062414
3.994266752014696
3.945976629785837
4.437206727356209
3.590229421934844
3.752352604125797
4.093784245380647
3.8412614141559236
3.409503963921202
4.522330960475754
4.05497547869831
2.4389422498700166
1.8776985151407923
2.0342725346308073
2.93442458940401
2.870013278533271
4.011740533314141
4.146623516508001
3.3954082190916366
3.313826226568055
2.8293115513931677
4.105879204222209
3.956741648177568
2.6975925307561837
3.890277218096726
3.6804834620706566
3.3312191157287923
3.872007925014062
4.3201881250134395
3.7737173194730667
4.5499270971326755
3.17733277332456
2.2490786911350233
4.163439186542499
2.5380502987220726
3.112390968322121
2.407092048110393
2.8340064506971365
3.5579587091896347
3.5911935336065626
2.8133275347877356
3.2882534455488917
3.1206311789902164
4.23900029653632
3.3466843391523313
1.598468416636774
3.280009504471948
3.2778592607644312
1.6571551866271377
1.897772487804788
2.997503328939018
3.1926746516025752
4.442527419142811
3.9865974991969524
3.4241745889206734
2.962358236138177
2.9670514173383613
2.7484215809647563
4.07020505294836
4.003703810376054
3.553575783492812
4.180026279302998
3.541672761738129
3.848708161622002
2.792780580784418
3.3029765554539234
4.978296530595502
4.229190136593106
3.4898516141934675
2.3196385749655355
3.032970581707494
3.3317465937248403
3.313311215705353
4.338327214797536
3.3447378476234904
4.034634732740601
3.9131236604941066
4.148181335940265
3.0724762177006775
3.0660073933657306
3.7667188689117093
2.86982269091007
2.1967395376287917
1.6376346236650456
3.7313882520431707
3.2649928705938596
3.1660938260571476
3.8225534110528545
2.8573367541205266
3.2816139317617625
3.6492178608479517
2.6778938607258165
3.015511230924185
3.1103482259372393
3.262277533724108
3.6686067373088007
3.182520865924912
1.981738609407826
1.0043716660597952
1.7169481898504215
3.4070223220905382
3.787699435604035
3.3539691982874005
2.9557420429159875
3.6075552188192144
3.2495625299356754
3.583024958549666
3.7142367500430935
3.1929190287404
3.3976587250158183
3.1013777188783203
3.552047961525663
4.014572428576875
2.510442146615127
3.110608682840429
3.088586127041213
4.07449564447373
4.167819343784885
1.7959728615039787
3.881217087629594
3.5082157517313575
2.7395749444189
3.532274529305481
4.1757107339206225
2.6201081209048573
3.789450762296323
3.396448592027307
3.4064590641389896
3.725028662011835
3.270124474399989
0.6931572854016377
2.692485763026483
3.5890147730302426
2.73960815436121
3.6310153776993737
4.21106167725007
3.3451201839116487
3.6518412551113433
3.8485626124246743
3.913998524237553
3.01543564356439
2.1663570208051204
4.270571125582116
3.056627098238747
3.080347110952671
3.3826963183346828
3.06082751244521
3.1052659941461225
3.4731110274586086
3.6829916445916866
2.527294865100482
2.6415150903711715
3.7888529815756224
2.869975319692393
3.227148814380186
3.0555547620188506
3.7224663335913815
3.590058945434761
3.572600195977644
3.9154410623602947
4.695217486227019
2.9587430206030807
1.608526210400926
3.6044292344533377
3.9220092940644364
3.062905875343741
1.922731389279149
3.9030065543401586
3.7562418131664477
3.270512561054653
3.6283418289701816
3.4288992255533643
2.2747363517860646
4.230090804797252
3.134167326115398
2.893242705828381
3.1763944147557717
3.6496277008832547
2.0505433824611488
2.8432165202821413
3.584390422806123
3.8227044682291544
1.936147293514885
2.6521122943326882
3.877285163126704
3.005942863943497
3.497136208629947
2.947656745561322
3.2573699680484887
3.982785736943812
4.2023419023007165
3.9730636365006817
3.4474245085627424
1.7920191514159547
2.4746245193359697
3.4383236646957713
2.22139304882016
1.461270816275555
3.6650741095500554
3.84530011327147
2.2638711263007774
3.2496656909685755
3.93157529314585
3.5686011429408375
3.8384489180492776
4.96375304858436
3.421971578182339
2.8580274197680997
3.306962139742611
3.0389331769053194
2.6100639558066283
3.988585520215267
2.865154935808748
3.791162293716256
3.6926168654211464
4.092909393679827
3.2017464831206195
3.739119457659062
3.39827637301006
3.7879555891813244
3.746248320462176
2.9720194192495692
3.50059312610438
3.3081265124008503
3.4094225652314996
3.717456775975944
3.9324284362832427
0.7015644145120343
3.0919749463337154
3.198919505513725
1.6679526536946052
3.188458853871001
2.2129493054615152
3.325122607372514
4.596563646927015
4.080541205823311
2.456504768994813
3.6489372356742487
2.8486233906602876
4.001739200266899
1.2355470699650941
2.910973399568688
3.892341145927453
4.003616701131467
1.7279529515363516
3.037499204644559
3.3934046845638774
3.2577325780691706
2.64089785666024
3.338779827512258
3.221641298652553
4.054715172996694
3.6930224955920736
3.989199337242756
3.7640937439252045
3.151941353810282
2.4951808666671282
3.684002792469505
3.3338230775398343
3.2004380122396223
2.6022511233998062
2.4868979463801124
2.3026612917986777
3.653361043079926
2.502343435832033
2.833007853945086
4.839936689953904
3.465839638907229
0.911043219464517
4.006490992286839
4.414393763699904
1.3446330360236263
4.851758324253055
3.195353762224811
3.859444252636887
3.869246630101632
3.245189616628616
3.14363054314371
3.6742123595923037
3.9779492326304
3.8439400597867786
3.7666524605420437
3.783308410793014
2.873979058377454
3.190232786884882
3.7634664876281536
0.8602712632610126
3.7163505296829453
3.645642565130029
2.678376956048193
2.9978009431576513
3.5332116335045236
4.360434096063155
2.9184890126706526
3.535922633211149
3.1340998377241873
2.0407609363192027
3.5142233211182767
4.212299529159045
3.1014166323453156
3.548830528119887
3.8368222147944384
2.7570334565466728
3.7856652886690623
2.105850309357318
2.717681353226179
3.1686957880370326
3.573479544083711
3.0483140693218185
2.793622129442943
3.0828901290536943
3.4088515748179016
3.2969929369775977
4.268334811737915
3.8984057937795016
3.726249750725666
3.4532600909631097
4.0235905055028525
3.601475735026035
3.5961930232088686
1.9740817745768857
2.31385512992282
4.164250270625704
4.54153217061303
4.157811796612524
3.6485610392955725
3.7895219341678525
3.2431394377638827
2.2245854993977265
3.095615624261953
3.1993767085357603
3.2165789021316447
4.257828226181164
3.77041539229887
3.057450924040848
2.9493055767772716
3.494827008902537
3.581397135771248
4.330737025946222
3.6935255368733686
4.483651597386798
2.693410483906177
2.7635639637453693
4.23160383102109
4.259326301180948
3.891416859021867
3.187203531912227
2.9425276112680927
3.140833898859492
3.7744152351713613
2.186102339992018
3.3754868938342173
3.622943280132985
3.5055182859047975
2.2094543740705768
3.6028538521162674
4.034159301219905
3.2867546451573384
4.394978178092659
3.7078657236128265
2.7704385611359217
1.9324530561261226
3.719419938843562
3.4538696190462708
3.072021235190633
3.39339125458032
2.789033050231923
3.80023407130392
2.87822295566334
3.794287603361837
3.256014885031193
2.5178145819315643
3.5134359119236467
4.518252998146897
3.822436511537482
3.1897175573668552
3.1351278408273076
3.916118357573136
3.2249872381218023
3.6129406792848857
3.369244857043521
3.481832156794375
2.810756971036497
3.7104197145442464
1.9883389697484408
2.751015192004868
3.167535373160106
2.7322359658930933
1.593019043417041
3.1667111155320007
4.039124820949159
2.3832437917812164
3.2068345958055824
3.338645521437194
2.590093763928872
3.9948088268755666
2.8094131202467847
2.438627810225372
3.8489876400387772
2.380540079744492
3.213125923687828
4.233231709143357
3.0094680460487084
4.34892148908599
2.580025033559451
1.7442450046584645
2.6428680001407074
3.173462451045093
2.6824431878569546
3.863947864188161
4.378350901821216
3.4925493459462804
1.1929489258701174
2.9733466127327994
3.6364177580101438
3.841303316596617
2.904002241952702
1.5671649800166567
3.5340711182061217
4.202166350573005
1.0453240523433585
2.1638526004877536
3.716141332885796
3.532822354767115
3.807137297010493
3.441969777425141
3.2675602982357677
3.5794920916096555
4.1188678172819255
3.342820141648058
2.496149484071164
2.226262041562911
3.2706941105423657
3.847006863900655
3.5253911925901327
2.972072143563611
1.5629648710310708
1.3247676914534545
3.2926197302541804
3.3897662750544764
4.098704692013673
3.001976661160516
3.061893874703611
3.9077185413743094
3.281099411680844
1.4278566731167772
3.569486346642726
3.052640549153143
4.136078396269669
3.0903465501892904
4.8094026192762875
3.497562337667705
4.153249963477677
3.704240203272127
2.716320859675163
2.7857184656362546
3.4126468773617105
4.254061153402332
2.8844801079756235
2.5521083573448835
2.897950571806892
3.0458590857275376
3.8779429856760097
2.0961120233817296
3.7213799218454224
3.1220317948055514
3.1398759668121303
3.2746037049733263
3.694101172839227
2.554311428127862
4.111215095525004
3.3937714748598027
2.546615909032361
3.004966285283181
3.9844617162483154
2.952072834751721
3.299149216818503
3.212163034851647
2.73636273514518
2.3220531961783304
