3.791271954361028
0.8451857074231004
3.422745561213917
3.068753118551246
1.4390191903973903
3.7116879016541873
2.9115931537563666
3.9916884187762722
2.968709946636846
3.842818714564551
3.2654464926040556
3.694629051482624
4.164378794887281
3.2096651809847407
3.492503605288962
3.0900791489551414
2.6704974746355132
3.227425954863538
3.4081936633595515
2.998046963638846
4.107200519928288
3.4646861282306434
3.6908373443095384
4.219851357322765
4.017770639227624
3.7313158679971887
3.941785966231314
2.3438328065750653
2.5315549096197554
4.108648419936165
3.6633688979864423
2.7078098155780403
3.1380454421416974
3.603242063038785
3.4812373821629077
4.417738498984084
3.4212638650962828
2.812130150246871
3.5546250421393406
3.740056954685831
3.5271257690733235
4.3174413771327735
3.850815327641603
3.557801558428585
3.76291697531451
1.584711051118847
3.172058937271911
3.373180226245961
2.8047172771091278
4.015345941324725
3.8760737004886265
4.070226435661351
4.105569081209394
3.1720345763719777
4.689245563300288
3.2840775168171854
2.821052900642179
3.7072044457627076
2.2555407125997275
2.367669851974004
4.445949748828907
3.1904597668328565
3.5043587542910046
3.9164128824122213
3.314798338076057
2.9592083492873367
3.5808144410272473
2.6096985502339116
1.8765550711284504
4.203635182993409
3.7628849281680745
3.4085867571747794
0.7241080177582564
2.918284189715018
3.9366977165296126
1.5622456690207556
2.6664927207337716
3.349053966964705
3.049627964657999
3.7032450101033207
3.412140516311564
4.208199471037127
4.5926318867313505
1.6279316824588745
4.4727810195833975
3.6596813018400605
3.472036625052647
3.751372815345656
2.844226607550628
3.3051601428902018
3.0923104764738154
3.960298816158396
2.826648552741991
1.7480398113513074
3.318342680359185
4.150216189791806
2.6924644421180353
4.111372256958617
2.6916007431533133
2.7803267665329545
2.631201962573137
3.090086766191652
3.608763103543771
3.575052700285775
3.917958068572749
4.16789283833068
4.73504298458718
3.7049783545779906
4.033621778879061
3.5667053488812446
2.730777968191643
3.4829512883108045
2.7001470984739884
2.2288702916515706
3.5014373190658707
0.7570583943219049
3.4446914831102884
2.6126862560662083
2.4232460982301496
3.74836601587481
3.8003370121105298
3.2149697199906946
3.284547963941122
4.247677349094904
3.4058757556345016
2.440926864326342
4.343149728380493
3.7997640369259966
4.392916991990221
3.5778374273437077
3.1644141469940887
3.259299883095102
2.820227745184941
3.4211123263566496
3.1056090866711648
3.5613788803718305
4.551990681611445
3.469052740873554
3.7354475420873636
4.202639925926418
4.053168784330804
3.4334422785651224
3.3322971638321746
4.147789431587865
3.878131316410128
2.075248815675487
4.003190576149402
4.081074612700866
3.9028347219010864
3.5818399037134374
3.5933631697025468
4.218781210347492
3.3437632113407267
3.517361272296797
3.352631006917633
3.3897939393659504
3.9599395292973676
3.565383701523563
3.6663381601944405
2.3690208697839292
3.6846479527337266
1.5620022978602157
4.040731942674645
4.678236359545279
2.7413027593894803
2.295798248052295
3.991265271714586
2.7467682546782513
3.493472979387095
1.8894756860333555
4.008992603374137
3.089353757001649
4.143241573839576
2.592659771195727
3.0411646538744206
3.3427909624455725
2.7617833130291705
3.753662700335768
2.4898994518379336
2.046600541187413
3.8552414673841833
2.308513012658099
3.3430350899178185
3.3041730165055654
2.8845758543441926
1.693369825643162
4.440574756893192
3.3043184718637653
3.4565687315517475
4.071608943846696
3.5808672911773884
4.198101814588982
3.978474483867182
3.6557513704626152
3.0700244012713607
2.1508577720026514
3.1710981137428305
4.22151966470774
1.9875376849967825
2.4868643181392294
3.7429587842714103
2.709559735499661
2.3338896649375
3.0789697776125813
3.5505608717811294
4.293129590722629
3.79328095606844
3.164635691397945
3.119295296753832
3.7489833182717054
3.933302701441503
3.594745543377847
2.5052703717793783
2.98816773302387
3.4732721376044426
2.563049016607985
3.0434167120123155
3.721297432926593
3.2624085042489956
0.7445944216511
3.0062092774332907
2.6155108027670932
4.266536008443596
4.099618314431284
3.7138443013559743
3.3198119889187905
2.966376596442906
4.209907145381094
4.101861910440232
3.8072391605699774
4.198367730848647
2.6527795826795995
3.3398789334965837
3.5333078625550325
1.4117377150466388
4.274932503480418
3.158118670344619
1.7772612696673065
3.74327956796145
3.512103706321102
3.4249705953076686
2.997501007634888
3.3118219521065555
1.7145419075347625
3.858445613527724
3.7556465965393397
3.5768089531306617
3.2893404023213715
3.7537133862033683
4.186834073546519
2.8266525703068734
3.904694389353311
2.855974314013189
3.5401038804346485
3.5923514379871206
3.3801562140811683
3.1960526132864384
0.8738523860894021
1.5385859532749246
4.051325519836716
2.778682073213142
3.966778561508301
3.1168044683337652
4.095757311727779
1.8485600944806804
4.214683895644784
4.2221344487999986
2.9552402653539587
2.854510375842753
2.1316071954204565
3.1946994179867745
3.9978330149160333
3.969876300886553
4.39702605825596
3.5497129937707315
3.845865513049374
4.063210949825114
3.893837288603064
3.492482631309292
4.589581623442298
4.0069023927338705
2.4117555268768416
1.9248438883431938
2.1258447610645734
2.9796909694558877
2.9405905133516734
4.028929247489901
4.106826256781458
3.373509692109758
3.3486077190715076
2.8507523407434063
4.021955123578698
3.9464608874165608
2.7039691027687334
3.8926580441144476
3.637248080537391
3.3407639399156674
3.8404588574730014
4.418532831529367
3.8231421788103113
4.441970813413154
3.190381545555197
2.2271546161414677
4.2099376683647325
2.536917564740118
3.1034987136280927
2.290195105424599
2.8507399191714877
3.603863062492023
3.567415156729323
2.8385561227065916
3.3643394673277442
3.150029231031614
4.170074681336029
3.4154509353614033
1.68548212797206
3.272606282876446
3.3166733071685273
1.6878878693664254
1.8397502378989112
2.955218760902996
3.309939302031553
4.436260957582956
4.063900381583931
3.4246935722632057
2.9428920745533955
2.8628059710458342
2.644856428291607
4.08291125116677
3.956739108416101
3.5423449115986574
4.216193725817998
3.554777332291431
3.8325766376385
2.8871026865747265
3.270789760307092
4.884269512545327
4.191789741812505
3.408079527777015
2.280479742934238
3.048906448893343
3.2300345368365266
3.352710519958933
4.3566246485837095
3.3626492422719885
3.9904099077543287
3.904961624642605
4.117210844914919
3.0277533249768065
2.9790357675843846
3.720415543989428
2.9047066742506713
2.2654806363702367
1.7691674435687677
3.719327780383834
3.2115561035035682
3.0703314001170683
3.8337828251446027
2.9140549820279533
3.266649765056691
3.6253960381784913
2.78275237623772
2.9712317329746605
3.029803195378527
3.3199029598831817
3.6620755675798238
3.1293513149782357
1.930481606746615
0.9661819602444754
1.7051755030995328
3.402287475820929
3.833030605544367
3.3834388718950104
2.9946130186836655
3.5788464671058104
3.234378485307835
3.4963152807367854
3.7749878365156357
3.170675185635697
3.4236323110741727
3.019861735722172
3.5793630736223188
4.012784772842712
2.4782008935193214
3.126439572689295
3.116214197264874
4.07790600867261
4.107316444608737
1.8468952145038453
3.8320661714620026
3.4450706935867514
2.664676954797093
3.561653188328636
4.051786778016892
2.6538257884166456
3.7863192424665417
3.377150958374808
3.4343394529326394
3.7517424135828286
3.2907228931547223
0.7667123970973331
2.6737394209523853
3.628040296415172
2.881372636872087
3.6424718257214828
4.166021419837508
3.3556271812297047
3.6775364760329055
3.8190124133282413
3.960731345745416
2.895226947733708
2.0485036561364414
4.236093546494018
3.0859109975125754
3.0426874107650135
3.4237983648662875
3.088565329390478
3.090558092050019
3.4447326466407193
3.737796562828272
2.458862653887226
2.7071553685646537
3.7956691909932596
2.916095942374974
3.2405962229095557
3.0689322155250167
3.673423562059374
3.5986691207202672
3.5687007141949727
4.002370346388487
4.685792264793225
2.9746206768979717
1.6146850344507215
3.6678321090899786
3.968383676469031
3.1114548866647525
2.027294991956614
3.895913026537669
3.781858078498693
3.2275362275791375
3.6590391357681193
3.4327792491716145
2.2043073397136594
4.252819673623613
3.127041231785886
2.9836645856143336
3.1538704839568776
3.6485867497018223
2.04079964397382
2.9345668036730186
3.598939230517232
3.8110151945431507
2.0119341914854703
2.6189884165321797
3.855400780741652
3.0046972815617625
3.421396100296866
3.0220690889024158
3.330969149589945
4.007959672913987
4.197972004627944
3.987863668988717
3.5278640116224884
1.781930560792301
2.4257413102440775
3.419910057320007
2.227500721399503
1.558063058364683
3.668425362481071
3.761221636635184
2.2120809492422207
3.319474859224481
3.938151151771692
3.549187054830031
3.849554425176385
4.827356994033337
3.4101955313061403
2.884081253584313
3.3376119385622123
3.0351026798919043
2.623361777151583
3.9451187487759083
2.828029528117571
3.7684830347825815
3.6641377684310177
4.109589722745783
3.2833902873268412
3.7332989314925853
3.4255022811650715
3.7436541892381667
3.735091420279421
2.9648916508184793
3.5152113755888736
3.3515785094534136
3.41934797917421
3.72060686341762
3.9490601452401477
0.7241080177582564
3.0516202790056974
3.2051212887192637
1.6148134862813621
3.165807807166061
2.056904038714191
3.311695952248922
4.582755111038969
4.12172018166657
2.4598837099510926
3.6855028285507547
2.8343508285025156
3.970426155747043
1.3660548926917246
3.0350052728591357
3.87768836159656
4.082683459540622
1.701579640155317
3.00454649275138
3.3891075905443864
3.403897421247684
2.6756627069069614
3.2910103383869616
3.2342300451479544
4.069492725600011
3.6648364122312436
4.017923824995247
3.709694629076805
3.091940586402415
2.28413126085042
3.619560448766291
3.3733572235020555
3.067191459074454
2.646684598112353
2.408377617377784
2.2089774921151966
3.6594688889720066
2.5474564936751967
2.974919999830395
4.822356233463161
3.3714871595352083
0.9101531604602475
3.91418300829245
4.376104695928033
1.4907692982430785
4.809820914982662
3.2678705133859096
3.8474908921451694
3.7681323962356417
3.289335857659219
3.124373332858661
3.6184509679544297
3.934942793222188
3.782076831521129
3.6945269182610336
3.7743075642952797
2.881722023233068
3.183574009227969
3.6947741813791524
0.8835612662110162
3.6638226337431052
3.673126874558556
2.595214960544229
2.9941560618082765
3.5437305258738134
4.3434320527749435
2.94607010252692
3.551834801565258
3.100479603624409
2.070234008699727
3.5186234123676803
4.130735304633524
3.117180819515173
3.5993113737840394
3.8282120807935933
2.818505429152172
3.7687115357230474
1.9766318365208218
2.726513215971657
3.2252679014948633
3.621647034023303
3.0231395527471405
2.761865833491255
2.9740892552764016
3.476558461139212
3.2786683155616454
4.219400349852508
3.89625012642038
3.797576880408038
3.4376342049212223
4.005819303883278
3.6285380953273747
3.6442221876963687
2.0013279566015973
2.265913604262829
4.120032212319568
4.478044168804745
4.099601001610414
3.6441487529565753
3.7987131983917735
3.243338589380662
2.284786134561953
3.0975486345243866
3.2136534766458515
3.093456220590818
4.267124609245099
3.757650135476536
3.101401207775193
2.914667667093089
3.476988637042862
3.6736084674868965
4.346513478152852
3.7294585269450184
4.446550553212511
2.6600510497125325
2.8081849760104376
4.1553957085416116
4.265096036021495
3.7608602221623433
3.2066618261635482
3.040173580682771
3.0668446224725567
3.759233531157286
2.1715279925438224
3.4420344956936106
3.4844084014945222
3.5109295308087245
2.0898858615031157
3.6793185836057796
4.023662835590095
3.2622606301174413
4.3184405006701425
3.727616385681598
2.7631722009738575
1.991642646181786
3.70795522131301
3.3656761334633885
3.14798152744743
3.3826788991342256
2.8114844054150945
3.7476800933180177
2.93526458002625
3.767514006152055
3.4244751612272375
2.523484702703667
3.5185479896437886
4.454404433227895
3.845377000186144
3.0947445428882845
3.076462117772334
3.901637058934904
3.1394472170173393
3.5459643555228197
3.426898590405093
3.493217890020024
2.8103311555850583
3.630333796179143
2.1032177989026577
2.749659466353089
3.140935239598664
2.669753311730741
1.575729293644251
3.114908055345679
4.011212333509986
2.341881611347038
3.2131795678979764
3.4312744330088596
2.518305211871585
3.9455386846208653
2.8391437439555083
2.4927461648604923
3.871205802109591
2.3200370532736105
3.30136953017554
4.14797393839068
2.9745557348648757
4.364562377443507
2.462862991462721
1.7183291664805251
2.6239006263345135
3.1732323534715343
2.7826559802891206
3.829056601817886
4.42762961913971
3.5072433777032384
1.2531323129739462
2.8767860322661827
3.652765680708525
3.784902002161417
2.865681717027488
1.6466954321814877
3.5140031953749786
4.153905342584789
1.0371048096343758
2.210681621864818
3.662492407991758
3.4722370174485935
3.7697214692071266
3.3316730500059974
3.313883555536937
3.524502132491648
4.080534287296521
3.2965124282430645
2.5431296577312956
2.1766764007049595
3.3641271675186486
3.8219140289520417
3.5014373190658707
2.968229092063621
1.6150008428405656
1.439312979347502
3.26709767145844
3.4791080671553476
4.033154153352254
2.9312099078213567
2.961508966317162
3.979927855337561
3.2073126043935107
1.5387756763326315
3.555278511409632
3.0974970005935547
4.160021510392709
3.2317134384843675
4.7879124780065165
3.5102740050061905
4.083533277798057
3.6218738190967703
2.7627199412986454
2.801340461250126
3.4394396545584547
4.2453334747846085
2.89341258331519
2.443785753076069
2.897862330423413
3.0182235818981678
3.7092097609394235
2.0723563409440993
3.7527742474523778
3.1618508214600625
3.11331444797056
3.323562955715276
3.6291687777230734
2.5207841385890806
4.1713414101197
3.4191479486087912
2.5067146506224267
3.0797110933936596
3.982640840072899
2.8003337313912358
3.41030671397303
3.1490416497045906
2.648039534908656
2.2305718371607215
