3.8496968024276113
0.815502140862189
3.2803245575466304
3.030966004499178
1.3049056241306092
3.6887021488880896
2.9681922179454103
4.010876503156086
3.036885330294809
3.7892538761448096
3.1709289931200333
3.7279567242812766
4.348964690621698
3.273784863496757
3.441261082318749
3.1853704496200246
2.6124596814396304
3.2290890574972115
3.381066297673317
3.00494247403985
4.110724623680816
3.6664351141715565
3.675831787106282
4.292975256894938
3.994339201655829
3.7977131935491633
4.00973767449318
2.334216118562016
2.394415694400487
3.9341731459563727
3.6817161691892144
2.7738565642030055
3.193992871507004
3.551327632421283
3.5544590490963683
4.400975439812922
3.3112960011701356
2.7232136904195547
3.6151640740352216
3.710660047114092
3.4979756642368143
4.365907726526573
3.786388935439546
3.4951037690733164
3.7552468577756555
1.6428801503727604
3.2048374912320776
3.3721341648693324
3.002188494047279
3.956198913578656
3.8674164521715566
4.106255921975687
4.130818933353027
3.218768032975734
4.368520402865832
3.233647733874082
2.9300581435901583
3.809024958210336
2.1814791362898722
2.118343699783165
4.498515981014591
3.103157174222054
3.493781215214578
3.905304553481872
3.3798840704576003
2.8472243998982014
3.676657854126687
2.589413071693172
1.7426664341574556
4.231618776569692
3.778303613353894
3.583401533918205
0.6919432938496302
2.779948303684436
3.892143186897985
1.423384260137314
2.7546474871765545
3.287438138406263
3.0561092279062576
3.7724263531918956
3.4082941202368504
4.266820786159081
4.621291012613313
1.6677010473670189
4.535600564200922
3.5709071708374855
3.475036662839325
3.7146282251256304
2.8009853649243803
3.3031937736164663
3.265983459020192
3.9683995943168915
2.9115065161199682
1.6790672234543207
3.3669197696455795
4.20353045706636
2.664786117565458
4.132763056715606
2.758542801219087
2.5683148449644877
2.6936649302216713
3.0802428601828824
3.6882583573313346
3.4688021076264617
3.9576898131464473
4.188391495988681
4.66926985872368
3.701310280742951
4.015914384892526
3.668522422795651
2.700781526443783
3.358873044173232
2.514200220412497
2.1752258504745248
3.5747047134303562
0.7286323760793101
3.423870656988819
2.4350031083087584
2.231326121922158
3.7380232499070987
3.674774355440465
3.3082591519737
3.3671297904229034
4.310674320724249
3.2307792286619152
2.528648524817112
4.423061550823056
3.8302883626535893
4.449282795571098
3.1796886858500537
3.1826771031517653
3.1028843761816836
2.8967161361776688
3.4463763125180433
3.0217554410826795
3.5364194984514965
4.478113171526966
3.3601512469155663
3.6915810260618924
4.024613050136973
4.145375120188979
3.298917518332412
3.2828299791024387
4.030166663450786
4.051277721330703
2.1096536979094234
3.9856525740574673
4.047965810801309
3.912424105729925
3.678529189564311
3.678975992194201
4.190506600019261
3.4354902577953803
3.390403462039301
3.27389843043614
3.2345064928166947
3.935023387073451
3.578264672298915
3.614969074249376
2.245924508516519
3.748395425858557
1.596497429814085
4.105866850528797
4.632637247799313
2.652086081191693
2.3535570571227096
3.991434592493312
2.795724172718919
3.3763173512982325
1.6427187875496587
3.864256976438603
3.076479893570471
4.1233659036598125
2.681557468219828
3.105319509821439
2.887843765119798
2.967794650498118
3.856684826428938
2.4221103984527934
2.0662216804813243
3.669121111704462
2.281653934760217
3.3124262729614378
3.326977293824185
2.9526209932385656
1.6487166812441005
4.391159452417155
3.2251361249464034
3.508414808840228
4.102154994185828
3.4854411632889777
4.321325909196852
3.994050295437794
3.7683260936332994
2.8117840043840614
2.1319903032573917
3.2446923951335114
4.317067076363606
1.9771773402609663
2.4918111581424034
3.800821618040536
2.475685191773823
2.2160961566773656
3.0542258702337888
3.36147351938597
4.247974030969046
3.834849526573552
3.266303696917686
2.979770753308766
3.8912842436764796
3.9274660029531665
3.3994218086542167
2.466760615538628
3.065528365317488
3.5155101845234613
2.540154144503137
2.8254371507747083
3.832262312715023
3.3095039005846187
0.6830169103711912
3.1325289563461327
2.650842548545863
4.3196158756992515
4.14028993328134
3.6738444491543936
3.326747672982953
3.0135323570126102
4.140551987418923
4.0782230133984205
3.795448223072838
4.140633990458142
2.775959936893222
3.3579250296591487
3.4797636948171897
1.4519014679378275
4.241720749007825
3.1394806396867976
1.818667279929513
3.718725026290712
3.6232127002631698
3.4206465612541157
2.944037167268358
3.2548148074636165
1.5507439696289955
4.003698120348896
3.677634091281127
3.5365479063160015
3.4239696981445595
3.661106360525939
4.177560205687008
2.821893974796903
3.879185098997797
2.7927108175846618
3.473349085492825
3.621146297049882
3.3870691513310325
3.1117264123535717
0.6983407861261801
1.4575081704455952
4.080547103841583
2.8010502374259287
3.9184551879802667
3.18753922730395
4.075352443268925
1.775413726156768
4.261312317758985
4.3215274004601385
2.797805589482743
2.8219964928455488
2.190098181862573
3.027035034166391
3.9558641276179207
4.004097059168733
4.373906664318336
3.4595537511608
3.7997845738833993
4.023718806741701
3.9516195349648866
3.575293925989123
4.571502275916781
4.136153658256901
2.4231151952292054
1.9997264712516438
2.1378725224548267
2.7832919901980615
2.9576665721235846
4.033447945632058
4.094333094804955
3.2873437232065426
3.2752493423551945
2.4773737611381845
4.051058277866729
4.039123156007144
2.6877502944516687
3.8949437736538313
3.723123694292517
3.352449279779001
3.8967208602021453
4.355995968228082
3.841978826638198
4.320658314648845
3.3657108802097264
2.1543769818465117
4.043405987255535
2.5084251969246543
3.185501226139336
2.2082964795521773
2.824197772204715
3.6582924538429458
3.609130820649672
2.9071159300153857
3.3666068473665467
3.0829749556864376
4.24656767113165
3.3733790074578804
1.5773283328166565
3.325547649821849
3.2461005090290938
1.6603299090913728
1.8896422593581752
2.990256349120581
3.204641508033787
4.457545449873186
4.0860895366329695
3.4046582864049695
2.809771883642795
2.9038816444636657
2.448936042797583
4.082931432511486
4.070910911352612
3.2553537861900486
4.175790053879523
3.5502044983096104
3.8475367001064606
2.774389732757103
3.075076217139041
4.7011523470518375
4.212236880290418
3.427336732564208
2.473125848071155
2.9740843793956335
3.281415841990049
3.2842934529449517
4.136835815363066
3.308960725672038
3.9240542923208706
3.9342563442201444
4.130812401740658
3.1854927993399107
2.960212982348664
3.8091855566367654
2.77520883589166
2.2227012509208626
1.815511622877449
3.786839520341963
3.254645758752754
3.123625390235648
3.9389522621281765
2.9814017399299813
3.0756949635065665
3.632650206839105
2.767796648717966
2.9087240526559315
2.8103261009193394
3.4097250562700774
3.6307699753323055
3.1878236031817755
1.9971538809034497
0.9360500577533637
1.7138869225888689
3.431564717032466
3.771621589340593
3.378793278166394
2.9983065980815153
3.4439196514294954
3.0278030154033244
3.597639928470513
3.837792311949179
3.3065846699159787
3.3718197831926355
2.923950447211493
3.379333371041038
3.8621218209552337
2.4886244928795973
2.930812933458001
3.0793837932609565
4.096343583383894
4.115396726644014
1.7886184350429266
3.7376318032917437
3.5971476610088677
2.530942549521357
3.6195910563910543
4.1011566140728055
2.570736802189514
3.855367432429783
3.3447164937798837
3.4315997849265747
3.679412809716287
3.0915614583247555
0.7265563558479888
2.5466557925962094
3.6825546910238236
2.8638515234202844
3.563652054650162
4.231662221122764
3.250774937131278
3.594027540293001
3.778857133686457
3.898118539423364
2.8203725560267356
2.1009981080497218
4.184396201154072
3.1065070938977604
2.9733137307204727
3.467755849387337
3.1267586634053695
2.955168913180631
3.510962079872921
3.802552705196862
2.537754594079927
2.822045902644894
3.954354505060233
2.80034464055728
3.211300962494824
3.1145131102120542
3.6721575428442206
3.63195464870286
3.593983451252334
3.9993222393857257
4.768714925751161
3.0959625894435208
1.5594834020342772
3.7756195773434724
4.004576367033535
3.173849345816726
2.001561048033719
4.006730396679958
3.948617754124526
3.2611857407525404
3.7263528920500404
3.5190109837589096
2.06648585453745
4.236373933116426
2.9247597145069184
2.9083961688234465
3.2049860796731755
3.6093578442562366
1.9943497192912814
2.964604611845176
3.5997348986746287
3.8568006700795854
1.94877289032988
2.5272480597648377
3.8394378863836893
2.8102235686645978
3.6401463603758897
2.878941969128543
3.418168067226129
3.980617725342774
4.335243284522888
4.059003284378707
3.5108634398028746
1.7122508322813177
2.2810918084472886
3.4583390933475835
2.202385673632384
1.5702468957482862
3.684570659388947
3.8179272438210665
2.2648583155303426
3.2993412166239464
3.971448581868306
3.5618788668648547
3.8523900509856377
4.850265692049288
3.2021981203583954
2.773116566277774
3.3441743553367447
2.811533086404192
2.582345668085268
3.6361285716499063
2.770171259811886
3.4931042788059754
3.563808952500552
4.058519908318103
3.3006808742333194
3.8054291789960546
3.5494426102795034
3.805414585583942
3.7942857773593905
2.96435310028341
3.541025114978983
3.3890115304043453
3.2237758475022913
3.6023716904926113
3.9518312763545635
0.6919432938496302
3.2965855127867476
3.304109855771311
1.4737577875018806
3.231788500573475
1.942846692117267
2.9331364048308712
4.650701273536867
4.103649425213118
2.3779261552060396
3.5850806401510047
2.90513088187416
4.072420529093242
1.4203896912486256
2.938232188598156
3.9702704206444634
4.1255871502543195
1.7648352381439691
3.0811766486312306
3.4931895381085463
3.387010041095844
2.898781052926531
3.3193791367595784
3.1857349891173525
4.070824610247143
3.5437565505426916
4.00263280867389
3.7941629264829695
3.0180479014454926
2.2285445235623618
3.6242011827952174
3.41119531774435
3.0952554995924073
2.54512297528549
2.387587336733403
2.302944728147323
3.688555653247815
2.503843032877831
2.987917038635831
4.852974738930992
3.415908502958488
0.9380168810547493
3.997186236965402
4.5164054379396115
1.4579671228377746
4.851206925030952
3.2292996207852847
3.8263797144306855
3.7833146084245675
3.251645077957142
3.178841152874445
3.7642907348068695
3.9414353521652226
3.7367606182140802
3.7856712000253063
3.857997229337829
2.83204091377607
3.223434239628907
3.6868644223011335
0.8683162891521734
3.580598960192183
3.655777321251361
2.5688600200421154
3.043004730632913
3.507475947581667
4.364488170442198
2.9241359884167553
3.736518698781807
3.0772665446318337
1.9381796231162758
3.5405178867273337
4.297300149421313
3.236374038263217
3.584746160988707
3.9136445392263246
2.871495931658038
3.7537420432009005
2.0352738979649017
2.581697582462321
3.3716029842648565
3.6045881814343756
2.93856668075066
2.6806564248707323
2.9132735606900217
3.5197196435363045
3.313355874621423
4.286696063280256
3.8795172407264884
3.7453421867648826
3.315750956935637
3.8304752820517427
3.6655365144593732
3.6519959925089447
2.0960224767163735
2.2032386462212825
4.194970288288505
4.38832875269057
4.185597321739805
3.6033056393004577
3.8525501671902793
3.278916641402918
2.3513671557204914
2.9449775161197183
3.3907489793984213
2.9418765810694856
4.2998074692599255
3.759474110092362
2.985066510517963
2.9173176523402438
3.5672445077835127
3.6614835698039263
4.313106523688561
3.824778800817632
4.496230794654276
2.575634431278705
2.957525881020838
4.209175439669539
4.336328665923776
3.7418900671182582
3.359761145658923
2.988522423858959
2.8892247102085618
3.855264461472415
2.097124527838182
3.402539598976502
3.51995090820951
3.494934446288208
2.099726398960727
3.7509195676737077
3.992534249380692
3.146925923893048
4.285316714037674
3.656953640493657
2.873526046750107
1.9521420107067469
3.879335413139887
3.2825948271029004
3.2674123520151452
3.3245653133103223
2.8542194542022488
3.921173650754274
2.962962824599665
3.516639433598864
3.334101321006634
2.417815479032501
3.473303468141533
4.554565132362106
3.8646123769592995
3.1544690864771754
2.9251903876370884
3.9485674746239985
3.246309809458803
3.5973793436722454
3.3162157796351073
3.4691311119259316
2.616337396210306
3.544213631086733
2.0748246145017175
2.6919222866805255
3.3137912427762126
2.692599656339845
1.3710286384494905
3.177328966470557
4.191371153671956
2.437025234673725
3.273197708037416
3.373449662887274
2.2357512378409075
4.077219016248736
2.946873690369066
2.4602845580816224
3.848338023822019
2.3802993092359754
3.2207892215491816
4.262081536119452
3.1214928310244217
4.420334377781301
2.5491918986383615
1.6111625027117986
2.6371646510730615
2.907585064024242
2.7961508555661316
3.9398863975280873
4.409942367100391
3.4670614324273545
1.238330069129959
2.921497753622675
3.721430462408825
3.853475566500765
2.992786951193348
1.6227274614282168
3.3686055250051306
4.206465215807611
1.0476694298417621
2.19652527534572
3.6869739798041907
3.4244002423305107
3.819953470134906
3.231117360052223
3.2392554764584753
3.4526290873380274
4.216481571434117
3.2948773798251123
2.7254957617847753
2.1941507025150235
3.427914987296428
3.8376086152457622
3.569674450071907
3.0595132639913833
1.549307548295178
1.394565600950739
3.3779991689321536
3.5647265028911574
4.064772854539135
2.9952892294000018
2.9254583473698075
4.081682722478766
3.3058538400439508
1.4451380985691733
3.2819398344548096
3.067883258359166
4.062317365839603
3.144495000025347
4.731379474405428
3.493120407540739
4.128050418685725
3.745769915814903
2.6467041169496026
2.0875879168948623
3.476818485343691
4.202645588447418
2.9248954220432237
2.4041634401970695
2.9863209746339754
3.0639434244888504
3.7784199143528197
2.105920822289149
3.711226983878219
3.052720607381672
3.225295398426314
3.1506322162163913
3.6877380842515697
2.4906909313508043
4.123258895349937
3.482546680005597
2.4632889515434373
3.075260698625633
4.032154393493671
2.842153506150054
3.3916368173811575
2.8912037867117926
2.3995935161821835
2.216027955794785
