3.830308148418357
0.7787736708304416
3.4148303919862464
3.144613244358977
1.4176137236167827
3.598012849859313
2.9655408696951877
3.9502279488899097
2.9656698860626105
3.8015370870273255
3.113698894092294
3.6520127977929606
4.371868816105503
3.267265972517672
3.4043805168836556
3.1641909929726033
2.6833933037919895
3.2915508128467534
3.2744653905376016
2.932635464550767
4.0583031752559116
3.489122928362976
3.6592194693252242
4.259421261088707
3.960135196462055
3.7546541074454307
4.008527252749382
2.4196184129868747
2.540348863972971
4.044848153849436
3.6657699161894746
2.9220965726351515
3.197243560807216
3.7007793117823553
3.4739644585442857
4.430300576477859
3.28841673058347
2.86305926733585
3.569789546010618
3.7109971407882307
3.505619986932113
4.35557952835237
3.824578419854725
3.510161884363706
3.780940054827969
1.5572884331408297
3.194612208653406
3.4167401078056017
2.822926165632996
3.9774166500825894
3.8924172762418205
4.123312220853779
4.150743991280555
3.2381543838660747
4.613431957951985
3.209557503418507
2.8898922931422018
3.750622001062297
2.1813853306239075
2.4003563388703135
4.458105056188122
3.174211327594339
3.5369956763743584
3.8733349202053526
3.2999317019224828
2.9478633046713583
3.6176711987297994
2.639469199392078
1.9111566446644321
4.194871087176587
3.753711042905847
3.47508572664191
0.6716665582739156
2.9678428441794296
3.979780935622369
1.5264877201343783
2.662036067448355
3.308550655681514
2.952799868844287
3.799854746805382
3.4754291958400954
4.225330457445742
4.688662491024766
1.5000428979346765
4.555861343642301
3.697796056806964
3.486657823737664
3.690818822130427
2.7618329482680215
3.3245657094129224
3.233820060219066
3.921360669695802
2.8670530722787575
1.7156900432261253
3.4890430454042756
4.234619449901372
2.6762773889759934
4.125052932562841
2.594980331749486
2.716418009880041
2.6182673197713693
3.1797892347258676
3.699838068640032
3.5911376581499255
3.8945039171963556
4.238681726868309
4.639733766867764
3.787550123031796
3.97528313179329
3.685798753886372
2.7075467823496604
3.486494781390329
2.630173910466543
2.210274184081327
3.517742453291971
0.6988661778633523
3.3937138071246276
2.5537475252414295
2.26323667243345
3.778401778197252
3.7750809621408568
3.2449880148121153
3.2932616292874712
4.196605723216356
3.4520286765245887
2.449723555657912
4.373077391848077
3.7785072861110276
4.447641538595637
3.5766087707657777
3.0793599257061732
3.249686998781251
2.9190150922190314
3.371208137342096
3.000927263872966
3.5308302639624376
4.611138702950007
3.3981521350825554
3.709078927816222
4.08344601087118
4.11378640536418
3.4656703944931264
3.342171719555366
4.171273181384397
3.961397228042492
2.0699568028746356
3.9183343069954137
4.06911616737533
3.9789408477632318
3.5863546767048557
3.7014165284437235
4.212081754110392
3.50324361262357
3.3916069989818256
3.360250597965277
3.3649278620605356
3.9208094415614347
3.4935623782536576
3.8126018858399178
2.4363365593219166
3.703322923476091
1.525035901018228
4.023028214719503
4.731762989437431
2.763440025720051
2.2966246428976804
4.013921825630829
2.690640221068046
3.472087413028813
1.8229110616363737
4.004862914442881
3.1373229135067477
4.139465390796032
2.613890166754465
3.1233578022432607
3.297713454400257
2.8828102522831927
3.7449280806675063
2.3749315207230177
1.9955529944988486
3.8713647617150775
2.278025376198819
3.385031585641266
3.2978157518633218
2.9483657091816333
1.6251572375174428
4.43149695028678
3.2060702030032253
3.452644123476497
4.050417131397972
3.5396854648514946
4.250150530051263
3.9657544792780453
3.6827901260963314
2.988494563436994
2.1483855719831437
3.2659692392689346
4.294204395977702
1.9748891901288257
2.412799054049559
3.7705224962772643
2.6821371507537357
2.396018650618524
3.101463119649594
3.496627175463896
4.349002586326723
4.005111950211578
3.23446385340936
3.0176619567807736
3.9059707521846496
3.9610950254155526
3.5953225691651163
2.557375557289032
3.0553749010340097
3.4605007046239766
2.5195307097632247
3.0140399581045774
3.7671967371868753
3.3520938489423324
0.6944998815220922
3.1309697829804195
2.6527481990133355
4.327234262320631
4.178689689556133
3.6770213123978586
3.3806436845872962
3.0294425178652604
4.1898535641914645
4.107174222823229
3.8185771319844015
4.186277505171718
2.7055667691620737
3.4146447459588813
3.5689045324197357
1.3028166624322335
4.275019265367049
3.092676195303749
1.7367491584313042
3.6842031198268117
3.5826116563891084
3.453316479574341
2.823766315071899
3.2116273496104437
1.7525053549820395
3.9635482878818853
3.772507920180253
3.5318329906983283
3.284402738630252
3.7176576216898454
4.178563321304373
2.81279503929957
3.8810695907801023
2.9321658298571514
3.5313445473330694
3.5903961545908905
3.413334688398556
3.184471442784576
0.7254373455432983
1.5475840253269837
4.08647116803598
2.7042183787295913
3.95440830562149
3.2126059754045135
4.019575093778871
1.7291821101871783
4.248027612848345
4.240045929672726
2.862845507518884
2.8901042554245446
2.2176584151049
3.1364153312231045
3.990652286525954
3.938492644552505
4.477639863873515
3.4861458135915626
3.807474636500894
4.029024699626232
3.8052802594704502
3.40945572052851
4.608831607617388
4.050036994929642
2.485568057476484
1.9306312251823785
2.0499090664969
2.9234724787170405
2.9492503104133823
4.034485114843372
4.168174073182396
3.3331007364853686
3.3327761227279113
2.824166932070459
4.184186160420497
3.9810136681931185
2.7502213926741303
3.8978417082121766
3.6500385539215507
3.3036705563165896
3.895160450717751
4.3787869868962686
3.7841011767441675
4.550653127299608
3.2652192264692
2.219268785241627
4.222321573709197
2.514278841891324
3.145014854505587
2.340963532950769
2.9026373556443454
3.611033244214937
3.6244000212565552
2.8005217489098744
3.380682596527242
3.1058353210570004
4.226417888932166
3.2360833290319935
1.5724905120137702
3.317553869970313
3.330472030369065
1.6960335803442073
1.9078522736652825
3.0359416491990876
3.371202542099115
4.443928636498786
4.014548234209178
3.3437734012422036
2.961198465393235
2.988566687760699
2.6371669344209456
4.078355312820009
4.013964927779233
3.536668634558713
4.196560032786902
3.517796701439666
3.8627172671213357
2.8057840425211347
3.3206240008316366
4.988539141581996
4.226951423519704
3.5277755546019316
2.509952509637718
2.985243760647921
3.1926510932771714
3.3455814973079328
4.29484772466785
3.3548153901795774
4.001377429039255
3.929195719440571
4.118766702130605
3.0521762833378103
3.031507970812214
3.6785403634260083
2.652335591159874
2.1615240009956045
1.6559372971907433
3.729395743809918
3.2509652743266955
3.1198117168892487
3.893419431264756
2.772922219432285
3.231434367340361
3.5949770387574027
2.6702073442240444
2.9599438524753223
2.994322545950853
3.2956050075346637
3.6869676977651604
3.213635564031761
1.81734285484126
1.0355405858157458
1.7983857117888116
3.452502816459547
3.7680170615064323
3.3541297815316096
3.0091719097465104
3.591548088792347
3.152823879879181
3.5285810870294947
3.6927091541865966
3.175490150064176
3.392977589304401
2.962464152056538
3.3970728594428046
4.014634020968718
2.48740370041621
3.0572956329004928
3.050852175742337
4.076418578359881
4.148235201358769
1.854937780018922
3.7828191681581034
3.5022727418571575
2.663891681769319
3.590773729585768
4.128121100915818
2.659482602714808
3.805828706101586
3.3710121105066193
3.3411643526953005
3.7436833121642783
3.279964588500757
0.697436501081456
2.5757344950320267
3.6071812437723008
2.763493587411147
3.6512767013155014
4.1969416058287825
3.3304434982540307
3.593133438882898
3.803969641061629
3.889989693697575
3.0293907599994103
2.120928263692517
4.26461231336458
3.009965318664208
3.0544980831049537
3.3766574954296296
3.192624538143199
3.0600830334771567
3.4985389830107394
3.8154435670618136
2.5312893677694754
2.7837343567578507
3.8235375203719784
2.7838871158008365
3.210809151663625
3.028118566376261
3.7364840742348253
3.6177659082480975
3.5530088552377235
3.9355098735444
4.728094905189934
3.04994701108183
1.599477124459317
3.708658346380828
3.9406692592738217
3.066365153284446
1.8867168536653436
3.979047603439221
3.7738292451903703
3.407451397671399
3.7142393458892444
3.414174325356206
2.2895915889585057
4.246159338677054
3.213998766630966
2.8535590959876975
3.246653585552054
3.543925573196656
2.0255234069967454
2.799037685977277
3.547890468715031
3.860509723881359
2.0000309687536486
2.6115597881218813
3.8754272586803893
3.0270907555837514
3.5552314756370444
2.9154409088227293
3.2633905599557975
4.027512279651256
4.2716408534737935
4.001459316081955
3.477016383400483
1.7862611915449582
2.5140388487240912
3.494948961758915
2.2218064156875528
1.4965276795801072
3.7707252324280223
3.724964672892999
2.221724449748372
3.2288214293311324
3.9662768435472584
3.591283961744468
3.832951731077336
4.98360684505909
3.3703795476863307
2.86601903684773
3.2955346423306704
2.8733725168466977
2.8038871480190366
3.9658266439190966
2.829647030936453
3.7779399357493464
3.7298113698436413
4.144533281720047
3.255870296618518
3.773580273023125
3.4889251142563316
3.8668548437584547
3.804821038942654
3.0154773753152826
3.5646422175203716
3.2919863076019373
3.2504481399460845
3.7055885056158395
4.017615759243391
0.6716665582739156
3.1639005528178723
3.15509105638247
1.6286215927826104
3.249952795567861
2.175528906516167
3.330082018627933
4.601694794759842
4.114037866258687
2.4210150077804498
3.66390590702708
2.907849609217682
4.028504784066865
1.3427308110632956
2.8229673571250204
3.9074308692413897
4.090080198603481
1.7289922127580235
3.042866927885391
3.412065878334489
3.259840980459254
2.797401133120421
3.2213422977355854
3.2974686725378035
4.055325120499939
3.762245070008821
3.998683813932672
3.735274799941797
3.137151838278193
2.38519414746285
3.629862001818025
3.3581864938352544
3.1299789911628713
2.5078118993215854
2.422503888967105
2.329482143135296
3.7077724567752464
2.5219419640241707
2.9392412493074858
4.876213057900312
3.4123952446727666
0.8838212037744957
4.003960142841486
4.444423072176353
1.4138923737342246
4.882037468536863
3.1010030188915803
3.919655123623529
3.778465470534634
3.2532638571518424
3.1556270411655305
3.722039442533572
4.017497395422977
3.7768580226260866
3.82333421146392
3.777383540609316
2.8463175288040987
3.177444869733079
3.795430195323119
0.879522849870555
3.633868754552104
3.6501949004578984
2.593004258437805
3.069961101553451
3.4936571881107046
4.391077092739632
2.7731683507359524
3.498186333541607
3.0222321174856317
1.952851587728789
3.5573378893101353
4.186346591165249
3.2077129240073115
3.5582409628898057
3.8496690265458886
2.8453496076887603
3.748954897915646
1.9994165775028199
2.700962506126598
3.238474009265555
3.581844449945539
2.927736616349348
2.8330331815719605
3.053412897425286
3.46259297911965
3.2414585082698046
4.282639732506069
3.9200162323252057
3.774097584156645
3.48680338105759
3.9806331984107803
3.6069688702739224
3.57834797067055
2.0083157095589543
2.309641441504075
4.233848333276239
4.5400982309121165
4.153993196224689
3.6246112382289333
3.7215282375129775
3.264526755773116
2.210657858058809
3.0834946867002193
3.2252178615993445
3.101154406454528
4.285387090064256
3.728122176971092
2.9875567422620684
2.924096955593992
3.5672075777039165
3.5993697494712524
4.353753032821395
3.660383652592012
4.552745724471791
2.705709115980042
2.7598569274729163
4.13474352816277
4.291573584623328
3.8258660945401832
3.2615412653470344
3.0210126101718515
3.0936372985008793
3.7968592684174993
2.199200132453136
3.3794874141328535
3.5210991963540295
3.6295622293713823
2.2545733685234097
3.6602968055550473
4.042025449501117
3.3584785002812794
4.386737979030026
3.7550306381525873
2.850985247242245
1.949911763423544
3.8336355158212667
3.337197190607343
3.1781426050205974
3.307218259590896
2.8951873649698054
3.850691247644125
3.0328154579070636
3.7466933115130048
3.429104640318707
2.570509944380836
3.5496997934920635
4.533965719924786
3.834423151017888
3.1439457214587394
3.1044251551681965
3.918943644972458
3.2736296337831927
3.5942244015242095
3.3091477870100556
3.5242709336495306
2.8620240278696274
3.6932236410539154
2.019977466651234
2.736643787467105
3.2518780386467254
2.763844902582264
1.4908151168226702
3.1554639124587807
4.082126561728049
2.3454977684016347
3.2020337127248877
3.417147088078692
2.5713136365450584
3.958919450635663
2.797583558619122
2.4116794192487783
3.844981493849981
2.4022206039793357
3.119073257472741
4.2729732983867725
3.0918624150806213
4.385613126437256
2.516939610155237
1.7264753175199719
2.6430403392059763
3.128259406453254
2.6833702313226677
3.9323475453016936
4.433817704276446
3.593392645248456
1.1115653970545063
2.958409311776137
3.6989094813634287
3.872999339227916
2.944444743852493
1.5563824193995233
3.4587040650342082
4.220156059561223
1.1078535892198906
2.1830328263033465
3.650856015099748
3.465030376810714
3.825065453507153
3.380587349484548
3.235157499297041
3.5795655845688614
4.142155626918324
3.3860530651126846
2.7304465097688437
2.2451475825416853
3.381984113300706
3.8480967189535633
3.517742453291971
2.9995767832687434
1.5257238685456898
1.315646906112339
3.360133584187552
3.489998147657026
4.126549116475724
3.075420558199446
3.0171889743963574
4.006724759710996
3.3381804676547118
1.3947439993734863
3.5685702014588756
3.077478153228813
4.149070433428508
3.132810578119944
4.829399202941201
3.514893100730446
4.126556643498354
3.650305650841732
2.6495981822319488
2.7696295848065535
3.4972840682243627
4.233892563980989
2.949699514583525
2.5219577387127172
2.9547832969099197
3.1914585995214786
3.8165511940541883
2.0960149622395363
3.7702633526686267
3.0149458151280273
3.2284096313690336
3.237311049065143
3.5919699634632556
2.5323145756795364
4.1365954656596156
3.380679086900261
2.539599311044344
3.026954871706777
4.042599624030098
2.893015461427151
3.3809442986062415
3.0707819590618275
2.815904036473878
2.1916348273677215
