3.733308076510034
0.8197844742883564
3.474898256357174
3.1630155916771505
1.517472188246785
3.701286198473585
2.8956880329545314
4.001092111016868
2.9625774205975146
3.71824045293703
3.1353904881594836
3.6718864777964413
4.152168159832594
3.202451802370807
3.422111317051833
3.0885792074675003
2.6456611243158354
3.121347800017875
3.338312930608434
2.8826251014301087
4.1287067990237984
3.467710155605727
3.7477373682628237
4.145731816134212
4.086206707720595
3.760140319554231
3.9757934357192743
2.421213269364771
2.5102239365986545
4.072728403823339
3.6363928688713507
2.710742113911169
3.1409268472725254
3.6810107282531357
3.4801758720664413
4.347766297813348
3.432144074908618
2.8457822741377496
3.590480205699503
3.707568889214457
3.4528978520133418
4.398027967772256
3.911875194921553
3.520372700956968
3.714105978879153
1.537536070277537
3.1480746631331114
3.2936730412290354
2.8367315308933447
3.9870854617582996
3.8689628992507705
4.1096700664305965
4.0981669403392145
3.16245855622211
4.6586210546784725
3.208247161819533
2.9344475716929255
3.7278702347310304
2.153578984870798
2.4276979579344546
4.457226375709909
3.136933113442987
3.4506752398812335
3.855269987640731
3.308595616691128
2.974842058464006
3.5037120716327133
2.6322350973320665
1.8831743050246361
4.140893486636425
3.7374925174269347
3.4202367427551135
0.7063147901778342
2.93088438382589
3.9874864726275137
1.6428236104838652
2.5081268342790777
3.261639484406602
2.92616278992762
3.712374333201823
3.380423787258387
4.1868190050191485
4.705971433993605
1.474270640220487
4.565372386318217
3.628271688324329
3.3985346992985885
3.7234098571843477
2.7764083729247924
3.285627077662159
3.0504351629442814
3.9171193374654116
2.937884029862106
1.7980446316231067
3.345610972424743
4.240523628220418
2.651280882509602
4.063235339310254
2.6455569288675074
2.764897517939578
2.663521357448412
3.1178120093665003
3.584110339766119
3.5818377278984723
3.8926795556871694
4.28450491755006
4.567691700933719
3.7587691912628163
3.931004939357072
3.5980368062174977
2.6766325394938004
3.52999839726846
2.718786268832348
2.169927665996558
3.5276911682603265
0.6680865254789414
3.494705931333825
2.775963490441395
2.221328202728513
3.7846710082055868
3.95361720605616
3.2212029392752815
3.2869233605689585
4.194011993944605
3.501431188490421
2.483682526925966
4.311311441173002
3.757429584602593
4.395894937661281
3.6712275001634076
3.1819788456509777
3.0862244609464735
2.971084838481631
3.4775787988772517
3.1731260509842434
3.5715793805792737
4.606590729744953
3.354561395404489
3.694436537862722
4.176214730574877
3.9769238150220616
3.3263746676040196
3.3623557118712206
4.1695733820313485
3.927373216582126
2.0662948042350795
3.922361613084136
4.098534624928281
3.765674497209445
3.5593782673931917
3.686851508006013
4.166371042427573
3.2462499158034674
3.4351713541975735
3.4332914288439937
3.3525812463342115
3.8811805797010477
3.5431351847497083
3.789328209169179
2.3592753326602063
3.6615777484004264
1.4866821109978128
3.9803491391852663
4.736542029710763
2.8509829708504375
2.323893608798956
4.010402178409263
2.7547989439900675
3.455339305970427
1.9084759905720645
3.996960426940256
3.0712491704295584
4.179517229005254
2.655467259644099
3.10619202176858
3.387350817563518
2.7489678138663702
3.751873047855697
2.3578334246566346
2.027001707454848
3.8516954166834334
2.2712106707954156
3.270634801054718
3.2807805495972318
2.904956374294305
1.7640456801069675
4.448361592641067
3.3394045102520478
3.4102789753851335
4.1016526793246255
3.622429900980233
4.287019580119742
3.9572144244274243
3.6862818505925876
3.091113730364466
2.174600777245036
3.1930521650349757
4.193566868719582
2.104926604725235
2.38528954913279
3.756362297285455
2.7223546787030957
2.4235438538069785
3.1638044840880584
3.5161708993101666
4.308343979938065
3.8497087499630815
3.1324459483318563
3.0343904742495043
3.726151127207113
3.9650781013240124
3.622344165806374
2.6282118222235704
2.9552111882920897
3.4174184491409383
2.5230610724529843
2.9886326410005797
3.7255137718011557
3.268678640085592
0.7386897101095151
3.0494018504232376
2.6545666595847583
4.255682320353034
4.029449040879624
3.6758809902786043
3.3212859201472673
2.9814435437179245
4.1121574623539825
4.0610589680370754
3.7333511174537017
4.187589255043132
2.646612872607495
3.4656974971040952
3.5450961551276494
1.3557047746149529
4.195712812569307
3.055357098473424
1.7939692283468842
3.611078987289539
3.629786927179665
3.3336084501550003
2.8194857372252082
3.478635844736406
1.6770408523607552
3.890609511845903
3.6977135886999806
3.5329549107213376
3.2811185372361455
3.7160470008533055
4.145743796346969
2.871251314591463
3.878336680822575
2.8229686359227717
3.5187734029295195
3.572819378871041
3.3849354582869573
3.1419631991025874
0.718812190602125
1.4312215936051365
4.109175463965498
2.6713361586205204
3.8835405154609033
3.209534799811
3.932555502677686
1.6591088059729469
4.174767508459847
4.23964912361751
2.9901494443250902
2.775670574747558
2.181813928296596
3.1803844987359433
3.998668988265721
3.948783268506083
4.437807051626192
3.600493670789774
3.7815026680291686
4.1117158026246345
3.8625657001843274
3.445309433541871
4.593013544100642
3.991496481844183
2.434529853567068
1.8479149954621743
2.0859175583941445
2.9399271929214708
2.8647630241816655
3.9900682190746757
4.109222121383142
3.4454020461298818
3.326874756223817
2.844077917945861
4.1168758946270385
3.920184772871936
2.7396187432285153
3.8691759994179966
3.6943594912410704
3.3540920447517113
3.80934448573756
4.358830438259484
3.8490669959979273
4.583867173396297
3.1371011025751487
2.3231758947882124
4.199174360938934
2.6380046451798895
3.186989688344152
2.385805277282044
2.8198559501194644
3.5633556573509626
3.58726193884273
2.8502755622492257
3.422165927337316
3.087510849291106
4.105870847428883
3.446279817496449
1.615076455609218
3.274640553560382
3.276948045101329
1.6322378563528597
1.888656112416217
2.9737380126885737
3.2191784782001767
4.397639458222609
3.9113567125583737
3.3773100436772863
2.9562571688486585
2.939082226930089
2.737410493212372
4.104076154203411
3.9922829242542006
3.5899306567330598
4.165652186375424
3.567804470838209
3.7965416422230787
2.792644933948136
3.2850759997706342
4.939673853109015
4.244437394477965
3.473298929650783
2.334308338060633
3.0556553250052065
3.3795954002066697
3.307052369862444
4.30789313391706
3.3523977802457186
3.9714319211789153
3.9621763201113227
4.145126723150267
3.1185516345729987
3.0459418808686136
3.7819807280445312
3.0171166300158996
2.2052385801142513
1.589738546925643
3.7277781926859133
3.2707801480558696
3.1901626604246243
3.8315878310308626
2.8683374042586296
3.3270824635443272
3.622347480968245
2.7612495454594637
3.04708752344248
3.0243019646917606
3.268094661812225
3.6758994772281817
3.1324391739647295
2.219044804720556
1.008130255480284
1.7114008332995585
3.3991024413882505
3.749813597931504
3.356852724979049
2.9821523967274297
3.6013040729325274
3.2605424171509494
3.530907637515872
3.77482660235236
3.197324062257996
3.3619972521098394
3.1304447174009926
3.562833308856564
4.0675494975791056
2.4697008709467827
3.0259108073688727
3.0907407774593585
4.091631726746573
4.174217136489025
1.7688493932801084
3.991209786582014
3.4844085735763013
2.7629931557522047
3.556144673751359
4.166425987511947
2.639057284443211
3.7670046363853595
3.3669964412199738
3.4379636638978583
3.672807311073008
3.2513784164853696
0.6786684754946295
2.787512589241067
3.6018048115142127
2.764029813526232
3.6446596743364967
4.1898191152338935
3.355711051877744
3.6019210741457135
3.8335524756573927
3.94290505533621
2.956654274297134
2.168847256983093
4.302195088620099
3.044583051503719
3.0987351104829415
3.391750422924358
2.9928895473253014
3.048444848206633
3.392836614190484
3.6812340494381885
2.5334365250392477
2.631928694494655
3.8073080342651258
2.9399993839489067
3.302254969031324
3.017189820080723
3.749878780278131
3.511844922651041
3.5821418124732425
3.9581354295595164
4.661607635237293
2.9661053341030374
1.5502701391484237
3.5607534571281834
3.909766564756377
3.0486921835843495
1.8935568142214083
3.922154538228945
3.8899969649004893
3.1431763947658613
3.557215894458235
3.4507540590196983
2.2057756003569313
4.263459265918009
3.124400888131852
2.88830062320452
3.1192113644896198
3.695035032283168
2.0109256666443907
2.9152146585372893
3.589863927840619
3.744928839054828
1.958182703084522
2.6663274748100934
3.9175416319516243
3.0326733918822137
3.4867926771534075
2.972735530033847
3.3282152422395255
3.9624447310235924
4.240308399265044
3.9458958891959135
3.4220282219127443
1.8016962661561875
2.445774313710686
3.4034704420531074
2.225635129163477
1.4609090106996367
3.641806578280516
3.854035013848857
2.270082180371663
3.2356990977720237
3.9106655264217727
3.5124507223253003
3.876332779390987
4.986423023549141
3.371493640493772
2.8086388401157354
3.3302945105358024
3.068197758126355
2.5288074376776972
3.9917659046381964
2.8614608589621646
3.7598663377590578
3.6622626514694505
4.094832723645745
3.1984463502380196
3.7582565040022367
3.3968809941139355
3.726727557060753
3.70020294157976
2.961463561857964
3.4555711709002654
3.34598666116258
3.388545710743892
3.665484887770824
3.902813605331006
0.7063147901778342
3.0263898097229323
3.175916271464812
1.6736448034469635
3.1783340936384823
2.2602846923188222
3.346132448932143
4.553034296413853
4.0995835083675765
2.428632144873027
3.706033783009005
2.800959073305077
3.996671273632102
1.1861670263047421
2.910282788545115
3.9385808914895684
3.9951427475209105
1.760571150859887
3.0173998030100666
3.3390114231333365
3.2637131275304876
2.6528857984590166
3.3666487779236167
3.137008046375784
4.068082302160312
3.672901944123482
3.9099260069905037
3.7110373893657798
3.042015325168326
2.372533364099044
3.674351389358928
3.341462955469934
3.236880544508062
2.6120789527117605
2.5432209841959503
2.301523840425461
3.645528046328061
2.468414269707984
2.828051542547514
4.826544461211213
3.509338660441468
0.9137126793656951
3.9759213227662835
4.445150361072589
1.364019837928332
4.856071754161654
3.2084213981185687
3.908361704964328
3.9525114501794976
3.249571886311341
3.1256214465849066
3.610330887861612
3.9718294987254588
3.824212712267866
3.6965962603556823
3.7556528082891694
2.8941916859599326
3.261647483721686
3.714810041183326
0.849433212648294
3.7062111494335737
3.6201967155881327
2.638920857996305
2.952209342669171
3.5433829529261933
4.317488948603389
2.9221248826789408
3.571883464836552
3.1417240962217887
2.0634789747778965
3.546418743404443
4.144766554376004
3.118262847884094
3.546873774197027
3.8904263796593943
2.6963400861094664
3.817231193567311
2.074097217387097
2.6967096820737595
3.1496519096033895
3.5855884239302487
3.0209568333636714
2.8128745711908127
3.101085543756146
3.4120576978881836
3.3575780948894813
4.275325388097924
3.941927722399879
3.742524897360041
3.436947840006149
3.999120331021241
3.5632614134697667
3.627173657646403
1.954614738807038
2.3344546158918975
4.150372951929473
4.567224771522452
4.190394355855843
3.6348882680923653
3.8357841119403826
3.2027869959353117
2.2302156436388936
3.1155790291557732
3.2235356566480355
3.2596370245531565
4.2742847509137585
3.76239939271575
3.0455948928665935
2.939131447031361
3.4183407350936736
3.591445976685269
4.357078021636186
3.6927580091485535
4.457155577446518
2.692581993797174
2.8471621338321405
4.180279420274943
4.254251338643103
3.8816808809861802
3.2739297335676216
2.9679698858640906
3.1517474585889875
3.759415018228407
2.142152341366125
3.4029157538603334
3.5922662493265145
3.4202112711267674
2.2018778936184304
3.5668458445438107
3.9374898655048955
3.2978751258116326
4.389510079901912
3.72137112577826
2.7913478571347508
1.9885390326821728
3.701011702407625
3.435838258566223
3.0542411862417165
3.394973683101302
2.7064744366792626
3.776356752265958
2.8446767041383265
3.9075076163948466
3.153914569351403
2.5193137014039237
3.5614171788149394
4.5058314888246045
3.8527443579303275
3.1643640030134854
3.1406414885634737
3.9126797022821975
3.042705577166317
3.594809409681149
3.422001968921225
3.4770215045547976
2.7684648310866247
3.654344265985653
1.945141058462493
2.7160704554684187
3.061205810450371
2.800119056372429
1.5931847128905448
3.1272673277866767
4.013846696319625
2.4322638274717168
3.2468178075166154
3.3585349752260525
2.5708373965427764
4.005592550672002
2.798516851697845
2.4101842195349343
3.918779121120898
2.3280621430835873
3.249205013837634
4.2394436618784725
3.0250233347126514
4.353204964055023
2.614891415260239
1.7339862385456506
2.644870899598315
3.160375964867103
2.6502732531304654
3.923544394159176
4.356787021509137
3.5095704412862476
1.2745645462590076
2.9531515682887246
3.6268149297187913
3.8418177044101505
2.941928728700786
1.561523738318325
3.5240139957446184
4.244412513201781
1.034618710716066
2.284810441515491
3.6718898685246195
3.522493078293948
3.830147801278299
3.367443935652606
3.319457495845981
3.6240381961972954
4.0674863460043005
3.3711797153005625
2.515510810777335
2.2669386478681384
3.31002407822944
3.8030794331746707
3.527691168260355
3.065983581520184
1.5433938689658229
1.3273658857126476
3.2409954580365996
3.448029727034948
4.155270297004498
2.9714686593628308
2.890230701518883
3.8811264578353573
3.2927886745521677
1.4011025449288654
3.5736603876843587
3.0283073592714986
4.189823866489765
3.0973726854437205
4.823802877966661
3.5053706037415058
4.124093931298387
3.734527307688521
2.729786990293624
2.816702232666038
3.3871332451279894
4.232006594019522
2.84048746453822
2.5960011166553025
2.9554751046485217
3.067222631219529
3.8331820717672658
2.0744260802936507
3.6566020371622345
3.1513948099816314
3.0508212472331815
3.316972681348079
3.687629612819408
2.5822994935476
4.0346418137584505
3.415971254360244
2.563620972265247
2.9558286389569055
3.9641789810255323
2.9573707036089107
3.265707344868786
3.1879612646213715
2.6588928067225424
2.296557375484147
