3.65141466453301
0.9311825003556633
3.314765111609364
3.0162401872468108
1.4420630996724553
3.8381208848316986
2.9396371861458475
4.077537058764068
3.163555576547142
3.9301013626011523
3.2076263474653954
3.757358176370576
4.117610281613952
3.205184479365303
3.466962520091019
3.1078784707474396
2.6071910453587064
3.081544010130176
3.5042977682904306
3.0696227181754265
4.124534774254957
3.6314962992819373
3.985933876430141
4.2244609746600075
4.092937166909908
3.8078246431559846
4.034320259893266
2.283830572573808
2.394330705907211
3.999457765618007
3.754469507006024
2.6205085992454853
3.1174504758539596
3.614215823476985
3.628194289611204
4.446880765913778
3.65538899095647
2.6315899438079695
3.60489862600659
3.8350395730721685
3.5542925804583687
4.3571749340149095
3.7600796852552802
3.4924856361605974
3.833288790631218
1.6636078934720642
3.167928970090304
3.305898961150038
2.9865281503934282
4.000601175692085
3.630937135599754
4.089080028629172
4.059374149781777
3.102774788283628
4.437629292381334
3.2323466883359826
2.9068607300518208
3.7407796506103237
2.0926475174497368
2.1854315949068193
4.471431931366754
3.081283135833746
3.546267986482209
4.024463527846083
3.467301521720688
2.926469611793297
3.587929238892829
2.589110588188322
1.7709122551740988
4.322072266801473
3.725314849016587
3.5303122429751737
0.6414125827640218
2.7424963726291223
3.729912668111072
1.8332408012181416
2.8562769432084023
3.373265931671784
3.0965074445388607
3.6591210900275284
3.3595217046789996
4.278849278938355
4.589102391272934
1.827829581039654
4.614104051784781
3.6120215815222023
3.529535279495877
3.936175090977062
3.0492876992407103
3.302529841687689
3.1133253504773135
3.9981611964960733
3.0348732265142244
1.5271915156106983
3.2300732061179955
4.212523269189165
2.5244724979210984
4.130166076935001
2.824798876321796
2.624455208855326
2.8591422085720692
2.943865320312727
3.6544399422511473
3.5034272636075086
3.97943610930574
4.198918774438513
4.690456998625609
3.6124923061859873
4.047632811304697
3.540461353723944
2.7169663805048314
3.4251925936474263
2.5534960477063775
2.2064374470194705
3.5931945481090564
0.6399682582566895
3.559926177527518
2.5294464098781217
2.4000200298212517
3.8325232197216677
3.750626674286482
3.298192884366787
3.548877771296435
4.31866610555102
3.3578271828689337
2.5479543720070863
4.328701753329628
3.9454516362887686
4.465798014422776
3.3203204975756533
3.259102455763869
3.120028795703109
2.85546110875035
3.482157184879102
3.1411626965187507
3.5843013149981173
4.362591528587717
3.30999586364793
3.777061570564089
4.201268381534677
4.0840016319661485
3.2910130658203256
3.316203617063638
4.001398283111629
3.996500267932336
2.200100478875984
4.06069490013019
4.0670616475013786
3.833402665804729
3.692988505119305
3.625020525963765
4.1741066846135935
3.244261015821496
3.653775052316152
3.314103054435736
3.257211539705625
4.042572790238753
3.66844061821742
3.4823286465915713
2.3561342025353893
3.763101942723284
1.5982942695460194
4.084243577801149
4.595850919384364
2.5355515262886597
2.2080606362469295
3.9990660644531486
2.8724914934963435
3.59640308686038
1.8904997320701993
3.8818925983552104
2.9619961520122358
4.176228580296654
2.62448317033122
3.135583652600121
2.993478443106812
2.8590510901758988
3.7300066897908577
2.4577210307642217
1.919285428900369
3.6288147513346614
2.4346272116315815
3.2722626206868766
3.275641027791724
2.892890880164532
1.82202599682208
4.457619607697668
3.30541457912648
3.5472409909464515
4.134130127620298
3.7627668028965386
4.258781281987441
4.0294898459595485
3.8025485188738086
2.9485986162835927
2.1181008268903296
3.158604160702157
4.286506103499522
2.096416577457336
2.461511488241814
3.803963138415713
2.3952927794864562
2.426451437443279
3.084260842039927
3.550392619196205
4.129784225315393
3.713077148010899
3.162346802916349
3.115143772603946
3.811662651868917
3.924339865811308
3.316687430843973
2.53454016937562
2.931029100439903
3.6516048693990255
2.5085011002524764
2.8600279510345414
3.749146972936134
3.288227693446731
0.6547716046942922
3.073874798978127
2.6054529211032387
4.203424540162646
4.016913994701414
3.548414023971861
3.3018424398049175
3.0294074984918806
4.133868569134921
4.10169390384853
3.7698725980705516
4.1678437072325805
2.7156296855584
3.3674682822045297
3.494067186968226
1.461827517536693
4.237082740329657
3.1925233117678173
2.0393261274758627
3.8061214513719106
3.638803217864324
3.3911003272570666
3.178037850298156
3.311247601025559
1.789886269163989
4.017965868063231
3.6847428015639165
3.5037709680077453
3.4431387157835074
3.750156719334572
4.17636355241807
2.869086784513544
3.775566942986603
2.675787221758571
3.543676819114853
3.5345371072226213
3.1973124631051233
3.33905188417265
0.9747065159652832
1.2913200731746057
4.275944118957727
2.8207088276311394
3.739329025662758
3.2030203310608583
4.135058136394195
1.9431649746428432
4.203668511397157
4.285895293129417
2.961310550469949
2.816266942020195
1.8807481511517947
3.1264242453280557
4.033357684240758
4.123087984845998
4.493595902132557
3.47135242108786
3.831089898837223
4.136174153741183
4.0348064800318495
3.7558230622040183
4.603258872000029
4.024432079162739
2.2610447473936857
1.9942142847826458
2.12155979674188
2.86752169554818
2.9204313124625
4.0402257637296115
3.992454497672415
3.4615498415521584
3.4074878685317627
2.5004570515787945
3.893871033607101
3.960575617791082
2.7595150448940755
3.933590138588218
3.849317668885848
3.3314344489718932
3.9086356611448023
4.252776908192362
3.9411604173477057
4.452502036410027
3.2486172890415927
2.187401073133773
4.06633974892114
2.5364932407582215
3.2239709908204786
2.166449257152837
2.489026261334163
3.5851904378563857
3.5404681379744174
3.019805763257952
3.43513116174488
3.087803404725906
4.249457759315976
3.5298780678927555
1.7077231746961727
3.3275742104639674
3.1773369192266925
1.9264245968694835
1.7954207027896016
2.9394509075801265
2.991104464363022
4.521700097931858
4.090558500080266
3.579472543235812
2.8949019721271325
2.844046410176648
2.640337228139134
4.042081058656566
4.0160858694709445
3.347208687132823
4.291487172061596
3.709150617719362
3.7484625693601883
2.784327726901
3.0961604749400804
4.671771307656175
4.223234469025118
3.4015195184850198
2.311786143999359
3.078084884208695
3.325858499450251
3.2985394730981907
4.257852555398546
3.3317622814194605
3.880191191470291
4.059423875048384
4.185509071242936
3.2430110151620424
3.100928693514578
3.9350398658472896
3.024363363247903
2.3067788927808293
1.9997112132143995
3.7310462498030743
3.2732358062765483
3.253930233908224
3.836383100937513
3.0792075166963597
3.16450701253095
3.6643682651070035
2.884179512847342
3.0112086560126867
2.9169948678790005
3.369382298687884
3.5972348961932736
3.1054009149852133
2.3292781596937173
0.9130594717724589
1.961925275290997
3.2792933245937688
3.7667799470650634
3.4214458496467755
3.0562132294363122
3.4028003459771865
3.124244802235256
3.545730129795859
3.9281865424537896
3.3718839890190564
3.3978220689149365
2.965905514080549
3.572948015844946
3.985775744834558
2.411500432965087
3.0082635144230805
3.07619627485997
4.004722860291284
4.091804981302249
1.6799624806892721
3.937317543519657
3.611617533580417
2.593302118853347
3.641198584263978
4.076211013336379
2.516391854322353
4.054620435532374
3.506843256011922
3.572577706656122
3.71116255525003
3.103869226403421
0.7129270698370958
2.7612657509964604
3.650325054367644
3.0006843066023547
3.6758735490858525
4.18601297869549
3.1551651305710804
3.6145792070802143
3.8760448798569653
3.981720674957532
2.8382986641322843
1.990995974304968
4.387394689367144
3.293318978518715
2.925378144964557
3.5196011148747486
3.015052179748582
2.9190600692240762
3.4739266879530417
3.6776575576058717
2.600329350469056
2.7945274223121315
3.898829932968641
2.9697020874031237
3.3463335574725646
3.091488405044717
3.6824540752286934
3.594441486439112
3.6981167211266124
4.086823664471626
4.6887625840716
2.982894532353302
1.6886565539376077
3.6802941634092603
4.006034807933264
3.1783320314904016
2.241142181589214
3.904541706330778
4.008906683313145
3.1568933909323134
3.676460795864915
3.64728379541977
2.0102515244439187
4.358006843254603
2.8960841290830954
3.1936390995306025
3.074215979940692
3.7960251031845216
2.0366259697464413
3.1985174550695232
3.521047013320259
3.8316444334289512
2.120540795438859
2.5367942014151934
3.850147983324706
2.828944166234339
3.5114265856184543
3.1081488708750014
3.53165605568289
4.039225859366399
4.177389158069775
4.040804818968868
3.4075408625784602
1.8087212381576903
2.396135299362686
3.316719150984798
2.3999411064523484
1.653713713342813
3.5559818879294225
3.8043730491846786
2.109797782013902
3.579382122404499
3.889987882758464
3.4977707808300265
4.009356340502964
4.823176637349564
3.291237083188622
2.8325704531374525
3.473166747602238
3.0129485654036072
2.4662011927003276
3.7822364293813733
2.559135180939154
3.517838286831295
3.539375873941668
4.1047632826369975
3.201733562758636
3.827785717787921
3.478249829001345
3.642472595573838
3.742204550940431
2.8928313468513833
3.428554150145078
3.4771157646041386
3.556152798512545
3.7425463716705165
3.92039626799546
0.6414125827649313
3.119583856220319
3.3325503121211595
1.488901215958708
3.1006408881767156
1.854838492325288
2.8451606886387024
4.547735700961783
4.25708761687807
2.426685320505544
3.63430160622035
2.8219475248584613
4.053163585405502
1.3275298731897207
3.4106705897305174
4.02365580331774
4.102298942311935
1.7090306475002732
2.989644677851561
3.4016655644020686
3.542202249425787
2.868621022167974
3.5168802775086787
3.0616539245289003
4.069713487958299
3.363862050763447
3.963057009887055
3.8483283039518623
3.0165288289806993
2.1348811589254266
3.6373082696323165
3.412862609017142
3.12009398053448
2.8023488520285325
2.4319520438680255
2.0244216584221304
3.481774850292413
2.2541846824638467
2.9206946945707015
4.7687798768054135
3.5092652390228407
0.9893447646292968
3.9065778087526466
4.456057527974155
1.4704091520570044
4.770614749282973
3.403406782478643
3.754345661959138
3.8988370795568015
3.272306643520298
3.160228509407406
3.744247346149069
3.8796131111600998
3.6279803037084575
3.6318199172304757
3.8381176054651887
2.9408619432248626
3.321932730051432
3.4270880016217573
0.7832979689638249
3.525666135651181
3.695640572705801
2.744015913001067
2.914566746295182
3.5654398249652415
4.304099628049246
3.079215253198032
3.8482305918963986
3.2179799141628704
2.087206945187634
3.5288150259962974
4.245935923322736
3.134069865573312
3.615758271657401
3.9152619539747233
2.795398932874508
3.734624238034132
2.169094232647569
2.6481948450019415
3.2672391668705556
3.657168637577814
3.1046012416728415
2.687258283983385
3.07163736331579
3.4190199564450294
3.3628439386241693
4.16864053320069
3.984527579250158
3.807864258224032
3.3364014972031724
3.9459800500323636
3.68050877793718
3.7896374917301925
2.0674318721638825
2.165351437704788
4.058264261822205
4.424360009343746
4.199090669875619
3.6103642663956945
4.012180533862451
3.2907793672577865
2.3952125464553715
3.0224485947175337
3.4248278959628946
3.0536831018707913
4.298848208471244
3.7671052634365365
3.02300719351918
2.9992112918453584
3.553671995608343
3.7501296594116296
4.368151593578747
3.911042053937183
4.446556404900181
2.418300475232999
3.0566534058889543
4.245348605052288
4.207097300212626
3.842331363729289
3.355318583610443
3.0918784448656593
2.9556466046137784
3.8154053474319083
2.324568664586894
3.387764734887017
3.5008875368419465
3.3336625079716127
1.7813281364454268
3.6955854659579215
3.947505307863966
3.08641643875153
4.262454166079865
3.6598883674613942
2.8634738824493295
2.132378348626946
3.819560459390007
3.463990658355317
3.157712560813425
3.393280318328368
2.7692744789901296
3.9604505365280316
2.8712239481718056
3.7144246283026545
3.22619222983771
2.094778374688434
3.491455193014917
4.43079983614729
3.7580803120384614
3.2227043483239894
2.936084577015552
3.998943455201956
3.1352674968635084
3.5613530856474993
3.534636806830693
3.4931833709988522
2.5793169616606404
3.5035893910018414
2.1714492717761713
2.6914290083013723
3.208179768912802
2.724915829589807
1.4826445425302124
3.1368716097321423
4.13633791835733
2.3800336247661873
3.40283849728097
3.2644775979827783
2.4130825336689865
4.104591234597311
3.2372534774844466
2.4850055847918666
4.095740201160257
2.255651274876459
3.4286697339150463
4.076989485848645
3.0158854884671795
4.272161932921239
2.598479495705436
1.8768985248710406
2.7052821716942104
2.8823381529812364
2.941537724460363
4.056966371853693
4.386983437662994
3.4560636284939106
1.4435075548614007
2.668615703597811
3.7355961576392955
3.765727518516459
2.9888485860702643
1.8825766592719502
3.337127137862697
4.313301977969348
1.0279753635784799
2.409291754787321
3.646439554952212
3.4310747836429867
3.7602955313440303
3.2545721981039604
3.341431492436757
3.4193203937793752
4.193195070780109
3.306924826016302
2.574649956166314
2.361907946434701
3.3048929680111625
3.4633763076373496
3.5991334410492923
3.0794670851700685
1.5818903043589385
1.610133297117602
3.325592978124308
3.509656469871163
3.9100524055252093
2.9182139482376668
2.8645951554372457
4.0541103156512035
3.043520460526582
1.4508836942659569
3.4248495423506453
3.0852270330276523
4.114272247642975
3.352239222432945
4.683916613337675
3.4467064102498908
4.098381677598911
3.7325366954857513
2.6796207396687235
2.2622115981481725
3.4400269254301206
4.1401347942646565
2.9265276258657478
2.330229037913031
2.7159963176877993
2.91668045732803
3.9829638831827223
2.1438814156997976
3.587268044711595
3.1962011277739064
3.0984140478930753
3.452258736827477
3.7238341628373375
2.3401539061849688
4.066158071392283
3.5218760620171166
2.2213055604447076
3.0298358199638953
4.030179179851191
2.764779501026257
3.336589052608704
3.0238324612277863
2.3583274424280942
2.391211847880757
