3.9421468567437943
4.891374225919798
4.206949959546443
4.0956271050088136
5.040166809042874
4.116521736016545
3.9401061545125957
4.873806571223558
3.9709271600544094
4.0956271050088136
4.086860316844718
4.361685889839316
4.79103870033395
3.827108938735525
3.5156961354891587
5.040166805408899
4.206785150684408
4.563318135655316
4.800422265377418
5.043690340333058
4.035863041855902
5.100450805202741
4.083710016674577
5.100450805202741
5.100450805721313
4.210721500362401
4.395453734957234
4.265739313407917
4.386930420956692
4.533358341017256
4.09817816095508
4.5579569821645345
4.083595585024558
4.366957625354382
4.5774101205866495
4.899483124688786
4.047375271046733
4.340720738765985
4.970445734695677
4.950230989207683
4.317262085422063
5.100450805202741
4.799585103276169
4.08518836009936
3.8604068149627055
4.01315197642817
4.734843864951803
3.913734721088173
5.100450805202741
4.765937690518048
5.040166805408899
4.754016089858717
4.2497907399391766
4.066739203352399
4.135234869177347
4.58745815437682
4.918414841868555
4.517970100880441
4.782304960701198
5.100450805721313
4.320367728166684
4.885899881015612
3.5488659618977865
4.950230989207683
4.579036550378043
3.96802707755936
4.734843864951803
4.734843864951803
4.3881929069772
4.544560405816179
4.380016310973546
4.526850080593435
4.799585103276169
3.340566499908083
4.7976711776885965
5.100450805721313
4.058658332753919
5.040166805408899
4.814010296909921
4.671205729989695
3.5488659618977865
4.543901887296603
4.289955080753651
5.040166809042874
4.293878092582987
5.040166805408899
4.950230989207683
4.243591128078422
4.591559719064386
5.100450805721313
4.941696805077098
4.3739014485313925
4.054729995253827
4.793858066762287
3.955899786859658
4.483588055093539
4.243591128078422
4.094535760669069
4.782304960701198
4.1801907315965545
4.270346271918805
3.6521572686252606
5.040166809042874
4.412147575972896
4.332260489492552
4.572561240540435
4.191051309556323
5.040166805408899
4.412147575972896
4.405419847628406
4.413704272998946
4.320508046003465
5.040166805408899
4.355600806752361
4.580842112323709
5.100450805202741
4.495284424241221
4.320508046003465
3.7153308666059575
4.053605769460376
4.69721548074233
4.77449696117893
4.941919915071577
4.1362001794722305
4.918414841868555
4.793858066762287
4.267092105453625
4.617797231163714
4.289955080753651
4.243591128078422
4.779992856239578
4.442274689263443
4.811252860552956
3.941268665431523
4.224658480513193
4.320508046003465
4.289955080753651
4.024379701880727
4.800422265377418
4.864335983017143
5.040166805408899
4.618614005664591
3.633696639874544
5.040166809042874
3.8544634629708527
4.765937690518048
3.4474351649289803
3.9658061591379665
4.379876663773698
3.3967521691109477
3.941268665431523
4.8998365310542065
4.829053101459675
4.8998365310542065
4.724488315861
4.962081456016276
3.4737844018625568
4.130178995921249
4.12236097068659
5.040166805408899
3.472731136711656
3.448253290906366
3.7327445435329105
4.332260489492552
3.749816810240511
4.628542647260216
4.265239467946064
3.5187122434119518
5.100450805721313
2.585541211632351
4.379474871902393
4.412147575972896
4.521541467024098
4.400141613773713
3.8089003182728662
3.852820408224752
4.601322767022087
4.017001654916926
4.149532525890348
3.926057823674591
5.100450805202741
4.412147575972896
4.363692942408464
3.3591706409499205
4.399597340646989
4.525337637145285
4.320508046003465
3.838239324243351
4.131653025739372
4.164911296071744
4.47218775393202
5.040166805408899
5.040166805408899
4.950230989207683
4.46272740214413
4.193699135163514
4.3712469977787665
4.987345660063391
4.700888822796334
5.040166805408899
4.782304960701198
5.100450805721313
4.4978394789415015
5.100450805721313
4.950230989207683
3.749816810240511
4.446039101438179
4.056027839133201
4.285650376706845
4.380424403154639
4.918414841868555
4.355600806752361
3.8379515384154894
4.552585106220641
3.9748293799409327
4.056027839133201
5.040166809042874
4.580805730495528
4.346597661469386
4.36595906116331
3.8968860459447514
3.857488993288137
4.194266219981988
4.255662082440545
5.040166805408899
4.243591128078422
3.696090857562102
4.94141733775895
4.800422265377418
4.065564730688924
4.950230989207683
3.983646363068769
4.461508689075431
3.983823382592104
4.950230989207683
4.264484489738675
3.586503929471214
3.8540329565572486
4.502919860102176
3.9930243884910057
4.4736471471989185
4.497118305978021
4.3575730935169235
4.782304960701198
4.0484276205817915
4.891374225919798
3.743226160304318
4.275007826326232
4.0956271050088136
3.988600590720087
3.753114738477085
4.9691912476074735
4.731874402570381
4.982591054335125
4.0233433191911745
4.076160805834907
4.343348906469925
4.47218775393202
4.417765567674064
4.403633940650395
4.941696805077098
4.056027839133201
4.289955080753651
4.417765567674064
4.800422265377418
4.2609774771688835
4.0173617256411704
4.356845604063207
4.06874922719932
4.4978394789415015
4.386930420956692
4.378863877908693
3.941268665431523
4.4025994598106495
4.391190980999672
3.936672000560951
5.040166809042874
4.379824321782551
4.212950777009252
4.293878092582987
4.517595575365591
4.4944801088076085
4.412147575972896
4.574274454574771
4.243591128078422
4.509769092582595
4.332260489492552
3.852820408224752
3.9525305935851422
4.289955080753651
4.2085681767162955
5.0179039661423745
4.612460901561701
4.193699135163514
3.4576741509430464
3.6249189659475762
4.537556328117781
4.652834607866642
4.4978394789415015
4.5988345698925395
4.782304960701198
4.600688161833852
4.532767734066714
4.056027839133201
4.68676090256193
4.396657929877077
4.293878092582987
4.7411743771622
4.891374225919798
4.652449410443379
4.412126110049106
4.643631826827403
4.412147575972896
4.442274689263443
3.5849038554617474
4.258145865654062
4.466978121960325
5.100450805721313
4.315295067348015
4.607334419070182
3.753114738477085
4.670747975406582
3.903264865103833
4.1919740107937224
4.3596837917403635
4.053341547556486
4.320508046003465
4.782304960701198
4.47218775393202
5.100450805202741
4.970445734695677
3.9810767993228255
4.3192517294758845
4.320508046003465
4.461475632841872
3.1574338715856145
4.31728132908846
4.843583997447834
4.627064980263502
4.4076275266449345
3.8653031554317154
4.412147575972896
4.950230989207683
4.559508810694891
4.805502681840349
3.927120705317109
4.243591128078422
4.131653025739372
4.674421485998217
4.0956271050088136
5.076887403506707
5.040166805408899
4.293878092582987
4.193699135163514
3.9195114108044615
4.314565703797485
4.0785221831975855
4.00894201338198
5.100450805202741
4.396657929877077
5.040166809042874
4.918414841868555
5.040166805408899
4.118915410601834
5.100450805202741
4.294031369843073
4.056027839133201
3.9847990758090406
4.243591128078422
5.100450805721313
4.289955080753651
3.5107398555711145
3.3590258890327513
4.918414841868555
3.5791223652929363
3.6499306540574397
4.802451452385037
5.040166809042874
4.412126110049106
3.4474351649289803
4.194281878292817
3.958475212134055
4.091872403063438
4.426052115957803
4.787494809814299
4.1480275653780625
3.753114738477085
4.420871190506792
3.755211423991395
3.9664842105129816
4.0521444230315575
4.772442158874385
3.33685689856532
4.918414841868555
4.591559719064386
5.040166805408899
4.3712469977787665
4.422538045823825
4.1103967901684735
4.5593162622581795
3.8934056700980877
5.040166805408899
4.289955080753651
4.941696805077098
4.032441006432355
3.753114738477085
4.543853255472933
5.100450805202741
5.100450805721313
4.845169067256216
4.50167489025175
4.11318279623442
3.7009259266122756
4.593589561824687
4.497846720212348
4.418692525112783
3.7955216198674337
4.702151985340177
3.7955216198674337
4.332260489492552
4.373767789882817
4.301115249617774
3.9253054650156693
4.412147575972896
3.749816810240511
3.644577021804417
5.040166809042874
5.100450805202741
4.332260489492552
3.8339897965171135
4.334057758487341
4.95626473322728
3.5706917651494345
5.100450805721313
4.103658919191759
4.015470647668885
4.7265811195026695
4.941696805077098
4.150815841153464
4.332063368745655
4.891374225919798
5.040166809042874
4.320508046003465
4.324330404064871
4.320508046003465
4.269896060193905
4.293878092582987
5.040166809042874
4.747759596413521
4.724488315861
4.4736471471989185
4.242006731320434
4.1859464050997
4.138643934965615
4.621822117681483
4.5855333095001045
4.243591128078422
4.073527257375187
4.47218775393202
