4.001112395459228
4.912662888097074
4.255400199578014
4.119262564483983
5.0
4.126567308167414
3.8907459085002536
4.805588654275933
4.022162697340207
4.119262564483983
4.121672488023998
4.358961456037466
4.7496277212364815
3.888394258589252
3.5812753196173377
5.0
4.222678367967826
4.550696253199798
4.79085981011466
4.963529610941223
4.018935559203294
5.0
4.088219434804527
5.0
5.0
4.229669151610802
4.3878313522811565
4.238173378778609
4.390441741188462
4.463736307854379
4.132911336524962
4.569108732156905
4.133609286154174
4.332278387783317
4.510890563289194
4.876676347890151
3.955739303155813
4.313507832937033
4.994003564963328
4.956790732321736
4.318701921708405
5.0
4.722229620098603
4.121495952560572
3.922576053219246
4.052613223549541
4.712001909081767
3.9606948157333974
5.0
4.771653245913749
5.0
4.745792076338001
4.231631443609868
4.016517402811537
4.182832438119999
4.609928394429109
4.923862618318104
4.480356986907721
4.779685336202032
5.0
4.31073791689164
4.8593363793107525
3.5993784579134145
4.956790732321736
4.599091829389572
4.034293657417713
4.712001909081767
4.712001909081767
4.43497030046306
4.545466304286926
4.423470621897741
4.530423856125966
4.722229620098603
3.327687165649868
4.794139037297232
5.0
4.099272923676583
5.0
4.81983569392626
4.650309216299105
3.5993784579134145
4.5217616134768095
4.310814178238783
5.0
4.308328201781529
5.0
4.956790732321736
4.260726456146579
4.605423002722255
5.0
4.88782533405485
4.399503469152558
4.089199848313639
4.785523564482467
3.8206839593329924
4.476035742621739
4.260726456146579
4.138682798141335
4.779685336202032
4.197628912331136
4.274694801957344
3.690541118053691
5.0
4.46420497124734
4.361475985414476
4.569225093410254
4.207942650652776
5.0
4.46420497124734
4.403710976422763
4.41542975664978
4.366907361460883
5.0
4.363887980412559
4.582901516363724
5.0
4.501785134038523
4.366907361460883
3.8021101552226906
4.089836354502824
4.717520140979328
4.773359297078182
4.870352221937282
4.190132624712912
4.923862618318104
4.785523564482467
4.25549342418617
4.595670087354705
4.310814178238783
4.260726456146579
4.779107726387534
4.4468852141596305
4.7312330630628985
3.976571586751559
4.2205070551130985
4.366907361460883
4.310814178238783
4.079415838233846
4.79085981011466
4.861309339865903
5.0
4.597129489174341
3.711601570476873
5.0
3.826469056091149
4.771653245913749
3.42035464886865
3.9580614804155347
4.384723515123259
3.4599356665022833
3.976571586751559
4.827307964942525
4.803974873441588
4.827307964942525
4.7216657042297205
4.909524609361686
3.4846901325417576
4.196636939788405
4.122046392219581
5.0
3.4818572975227218
3.419705597510611
3.82458707173224
4.361475985414476
3.842235603472508
4.639375772660125
4.251993817615198
3.511109790440739
5.0
2.655956723579222
4.394818585099605
4.46420497124734
4.510382039721508
4.364837791568966
3.8165799682566357
3.930233547367531
4.5665102066926195
4.074760669291704
4.125041479419384
3.963683886650851
5.0
4.46420497124734
4.371311091732647
3.3209913631506174
4.366410598317089
4.535431764909665
4.366907361460883
3.8769238865370736
4.139257233105284
4.2134581377861515
4.468594017128565
5.0
5.0
4.956790732321736
4.459128368730999
4.201408587669285
4.39072369032821
4.849726745912552
4.708411426327882
5.0
4.779685336202032
5.0
4.512107043235888
5.0
4.956790732321736
3.842235603472508
4.448377663230743
4.109522617529867
4.213202389598199
4.413975670235935
4.923862618318104
4.363887980412559
3.813664316553755
4.535920099473349
3.96365662043205
4.109522617529867
5.0
4.586509791806701
4.332197575657142
4.304213813256156
3.990633878911085
3.864140573306475
4.224034802867842
4.22057021222392
5.0
4.260726456146579
3.793769591206922
4.8946796540161195
4.79085981011466
4.029963862888584
4.956790732321736
4.025689727616056
4.41650912482672
4.0408255128181345
4.956790732321736
4.295828924617537
3.5669880565314376
3.860189713985908
4.52756230391591
4.054004980197651
4.481798975087893
4.491603165699843
4.318036493572523
4.779685336202032
4.081696321304798
4.912662888097074
3.8236078808490266
4.217849724082173
4.119262564483983
3.9624425472118725
3.841292401949014
4.911351945093189
4.672126563859246
4.983189039252023
4.080378911661154
4.054439932167587
4.31192884641767
4.468594017128565
4.380177323106854
4.40343802329081
4.88782533405485
4.109522617529867
4.310814178238783
4.380177323106854
4.79085981011466
4.229153113474584
4.039890541997927
4.35654067108144
4.044513011592364
4.512107043235888
4.390441741188462
4.416120708081331
3.976571586751559
4.407209781182116
4.326242804602761
3.9676928591196132
5.0
4.371480837413704
4.189701856718192
4.308328201781529
4.457932531570727
4.457087003881979
4.46420497124734
4.58462180638281
4.260726456146579
4.520005209286963
4.361475985414476
3.930233547367531
3.817864586917387
4.310814178238783
4.178700589333133
5.0
4.606929783744486
4.201408587669285
3.433409647267853
3.6133254005722977
4.5372681772195245
4.69240623132003
4.512107043235888
4.59974442873624
4.779685336202032
4.590390541616371
4.4708252212774475
4.109522617529867
4.689893478190189
4.364543643061546
4.308328201781529
4.788429655123228
4.912662888097074
4.607744935544442
4.438177062827712
4.6292128721862005
4.46420497124734
4.4468852141596305
3.661607326337057
4.279549441382835
4.475309402015285
5.0
4.318642340855031
4.595617277090174
3.841292401949014
4.6575738429815505
3.9552382868268223
4.209347784066031
4.390222397684244
4.103177910835577
4.366907361460883
4.779685336202032
4.468594017128565
5.0
4.994003564963328
4.045740487745899
4.311812975360803
4.366907361460883
4.495764967378313
3.1469307768101684
4.281944548949531
4.84580524653018
4.6231101930869745
4.424489315864395
3.871864474067441
4.46420497124734
4.956790732321736
4.493123945325796
4.800478980431495
3.969854852227031
4.260726456146579
4.139257233105284
4.658909442900136
4.119262564483983
5.0
5.0
4.308328201781529
4.201408587669285
4.00190434054634
4.285879191692758
4.075422335284706
3.9395636364186792
5.0
4.364543643061546
5.0
4.923862618318104
5.0
4.141713265151597
5.0
4.253603407745224
4.109522617529867
3.8964772016151192
4.260726456146579
5.0
4.310814178238783
3.5940479994003223
3.430479669222912
4.923862618318104
3.613513656917454
3.6583074920101586
4.780358574321692
5.0
4.438177062827712
3.42035464886865
4.195922190207591
4.009029220558052
4.127490415567662
4.382346408907221
4.780343945668806
4.160554750772825
3.841292401949014
4.418346450602844
3.8045182216700804
3.8347716746889153
4.030611403169401
4.772982032918189
3.367802784756048
4.923862618318104
4.605423002722255
5.0
4.39072369032821
4.408110020974467
4.032883302148191
4.563640241067506
3.985181517732581
5.0
4.310814178238783
4.88782533405485
4.026870647042723
3.841292401949014
4.538251725305148
5.0
5.0
4.855868690508816
4.437913009421726
4.163312697310749
3.7537062218397352
4.598075368232882
4.487573626796689
4.373801013984525
3.7301910528077835
4.702648286552153
3.7301910528077835
4.361475985414476
4.3801935679385835
4.329185059382332
3.824563887225053
4.46420497124734
3.842235603472508
3.6496976142780184
5.0
5.0
4.361475985414476
3.8958217284032894
4.346911427241721
4.98297009485042
3.5668296048448376
5.0
4.153693859579477
4.087064422303976
4.65961791396661
4.88782533405485
4.1741393058905425
4.329218960023864
4.912662888097074
5.0
4.366907361460883
4.312446337991921
4.366907361460883
4.252560935428906
4.308328201781529
5.0
4.740456013120192
4.7216657042297205
4.481798975087893
4.213558762105162
4.155839379256236
4.193286883265857
4.586274869390623
4.485628200609037
4.260726456146579
4.095785794867427
4.468594017128565
