3.960589312590184
4.910808313952161
4.2568730834634305
4.136018763926783
5.0
4.132452276075332
4.022753328597243
4.904448857564621
3.983592294957394
4.136018763926783
4.2009706529671025
4.38668678206383
4.76335072894288
3.8475621974999226
3.544146789672143
4.753689339002051
4.226652412795538
4.571475654802191
4.809356903402088
4.863935281657781
4.027377273449167
5.0
4.118251468819675
5.0
5.0
4.265533142354643
4.452814418674011
4.2997802434851184
4.374845561157381
4.531623014649439
4.170266813217898
4.400073687860402
4.0956054985709365
4.368104515052886
4.589870388747487
4.803426639878316
4.130538765005461
4.328296548398532
4.960977834172256
4.697058563138988
4.381549583002791
5.0
4.6883101840861325
4.123242326688938
3.835918434805779
4.076598372086378
4.7538703688128425
3.9362597741635263
5.0
4.82187371427705
4.760921438823356
4.7555871881325125
4.269193836145421
4.052290612958078
4.158621733472879
4.595147772819088
4.932977401577958
4.470927341020378
4.791297180647614
5.0
4.420598699743477
4.868758959884177
3.6127509088834953
4.689842861284795
4.613540782808641
3.983555363077969
4.7538703688128425
4.7538703688128425
4.462011346053284
4.553237834287312
4.4486097756995076
4.562681276175541
4.6883101840861325
3.337867131154607
4.80530157156416
5.0
4.128876089828724
4.757611739051216
4.810934499355961
4.671395148587981
3.6127509088834953
4.5264522541682
4.294918016412421
5.0
4.307322025232438
4.747285747088071
4.694580523901333
4.27885255913389
4.540514652808707
5.0
4.840882119342131
4.422620753271913
4.1398879831808095
4.809547250208491
3.9440252461826355
4.500395605626403
4.27885255913389
4.0955851797894525
4.784941128889054
4.197512533233974
4.27991556006549
3.67206986660119
5.0
4.443955756456441
4.375827942062758
4.547876693992224
4.247557760046526
4.75281196034215
4.443955756456441
4.402104588210943
4.459764318590487
4.329351210299004
4.763835035302698
4.420198902907961
4.595822602429221
5.0
4.536631313027502
4.329351210299004
3.729047230556136
4.105928059680819
4.708921200781855
4.782773436314502
4.711643651085611
4.149768038712178
4.932977401577958
4.809055321442022
4.284517844033438
4.6387803127142
4.29638079689089
4.27885255913389
4.782117897079809
4.446626625180327
4.6949905794214555
4.0254720993032596
4.251881364069021
4.329351210299004
4.295713597099709
4.055961274030892
4.810797719041458
4.827966879753525
4.754329871634409
4.617393016012217
3.6575929222568573
5.0
3.942811756029681
4.82187371427705
3.4275445685957444
4.008647478389538
4.3712248364614155
3.3911791645971108
4.0254720993032596
4.916447358424653
4.835693733737855
4.916447358424653
4.7126898030499635
4.732028757368269
3.4442462939180616
4.068993286168197
4.17559770252528
4.754206104776454
3.5179287760563427
3.4329578067352817
3.7474655936589234
4.375163177340053
3.766736916716266
4.626805946723071
4.339642474429027
3.5199724923924713
5.0
2.7302267672832223
4.391439556868226
4.443955756456441
4.307957286777899
4.44277092907112
3.8600774953664883
3.9397933898817485
4.533648794908899
4.094694811782961
4.152718304252311
4.010907978417878
5.0
4.443955756456441
4.3569322503983905
3.462405441508644
4.447912347122413
4.567409080314
4.329351210299004
3.878619909045059
4.151717270284472
4.168353186976953
4.503947762496855
4.744651713420891
4.761264101111646
4.715847432591422
4.4736349694297175
4.181933029390004
4.374448053537316
4.9304759503127595
4.689577587830403
4.756137299002557
4.788486971297132
5.0
4.530646987556365
5.0
4.686305703839031
3.7661164724384535
4.475706824287444
4.037189114763942
4.322040399425111
4.421463491747495
4.932977401577958
4.420198902907961
3.8639359865903384
4.574907268311245
4.030536280915964
4.039834631753571
5.0
4.583100407173571
4.456060364968618
4.473163377819754
3.915014605053129
3.9436207144980338
4.209898472807097
4.321554048620239
4.780275367100206
4.27885255913389
3.7091691982023236
4.708832336163347
4.813892780146132
4.059746242083509
4.714712886494683
4.064568679755029
4.435528776617877
4.040706011930787
4.736040401099865
4.24893022813195
3.5803931627331598
3.883659373210469
4.520998990634901
4.000560378919529
4.475676030724712
4.5219731455689285
4.382087883934052
4.791234949317047
4.099301481875671
4.910808313952161
3.790179452337734
4.210418215340555
4.136018763926783
3.9807759138562493
3.7613193408593273
4.718965728680061
4.696758623709783
5.0
4.034558097984878
4.129430070269512
4.355639344650154
4.503947762496855
4.445984166182962
4.449345837259653
4.840882119342131
4.037211261489215
4.294496324744468
4.445984166182962
4.815204497631386
4.299756708623894
4.0527442091433254
4.383234561043469
4.092054012293957
4.530646987556365
4.374850972133492
4.381664400295561
4.0254720993032596
4.396367148398731
4.312687730195844
3.9783375824802687
5.0
4.439455885339417
4.236384524638156
4.307553182722344
4.527049953438251
4.489992542713281
4.443955756456441
4.572996343441805
4.27885255913389
4.545786874695855
4.383410528474155
3.9397933898817485
3.940626255174682
4.2951859657021565
4.2587179905195995
5.0
4.62936456893722
4.181933029390004
3.429380842381829
3.733399049482808
4.549089270721694
4.702669650236075
4.530646987556365
4.613128171895285
4.788508223290991
4.63453611023791
4.541961294878213
4.044896605176854
4.678782387243446
4.393842728848673
4.306793373581019
4.519218056268784
4.910808313952161
4.577647139022977
4.411096536857116
4.685112108325685
4.443955756456441
4.446626625180327
3.701408875853741
4.2757831752907425
4.472764812951064
5.0
4.386115148871188
4.585475074167812
3.7621020151205244
4.6570033644799445
3.9662449125651293
4.247994759036658
4.380331393699375
4.157329297504726
4.329351210299004
4.787554915545982
4.503947762496855
5.0
4.960977834172256
3.997593934083254
4.418573133182985
4.329351210299004
4.268908308810861
3.1558463424696783
4.319870784414716
4.838481303225175
4.644618791167973
4.416853372041231
3.8753450564038947
4.443955756456441
4.75350746146621
4.578441581264453
4.810480026882438
4.006668099784852
4.27885255913389
4.153348729319088
4.681518803785828
4.136018763926783
4.978734550599075
4.753375395899141
4.307317481243031
4.181933029390004
3.950178544987079
4.297817098564797
4.1075129897166285
4.022405157440499
5.0
4.393842728848673
5.0
4.932977401577958
4.770146507760792
4.181348118127184
5.0
4.318590832421874
4.0314716541627895
4.0377980088498955
4.27885255913389
5.0
4.294888723709006
3.5377907982361187
3.3525296050439644
4.932977401577958
3.653982526733652
3.6888865487487856
4.817344789728473
5.0
4.411096536857116
3.430305020879912
4.244938681128673
4.022691437007168
4.162641598683434
4.24056200410114
4.810145611803298
4.233287891297774
3.7630164065728846
4.4033178766825944
3.838638625309637
3.9398850841368263
4.062453203401786
4.780543727534729
3.359372519337555
4.932977401577958
4.540514652808707
4.739811631250994
4.373666427004347
4.423493377316026
4.142596010571943
4.581387649277318
3.9630249411753753
4.767850151162699
4.295394778326457
4.840882119342131
4.07949018810689
3.7617007599448873
4.536830234113928
5.0
5.0
4.891293202526667
4.510847325546514
4.150699644008103
3.7866896462132105
4.613820553595042
4.320740598146278
4.468104071717969
3.7771730042010554
4.6912184043003435
3.7754228897386715
4.380661722983662
4.344238939240025
4.362514153827828
3.9078176910396185
4.443955756456441
3.7666971662339646
3.6865553835595244
5.0
5.0
4.3803667665286845
3.8963640645480457
4.333127974570283
4.952647081348008
3.5267644586647795
5.0
4.119954806503877
4.047093478608714
4.652249467788298
4.840882119342131
4.2154592322627344
4.419076649325387
4.910808313952161
5.0
4.329351210299004
4.314280736778452
4.329351210299004
4.297543653335078
4.305857295722555
5.0
4.734354055128668
4.7126898030499635
4.475931086993917
4.227622443276838
4.209001718349503
4.204022043023651
4.626214877298494
4.551811809753518
4.27885255913389
4.111467468170245
4.503947762496855
