4.022792186631656
4.908485616152317
4.272279458158983
4.116160156517606
5.031799302042849
4.105693136822254
3.8601213995537567
4.8160669328472805
4.035669458853427
4.116160156517606
4.134419484226453
4.388381052939381
4.774339324500067
3.9060240294472113
3.5494743749003668
5.031799299928978
4.2459393293679195
4.56469934485168
4.814364345960781
4.971483877893371
4.06158559395287
5.100428200752757
4.1250448189253515
5.100428200752757
5.100428201099479
4.251723560636095
4.402886261680035
4.262521115986645
4.396146902268356
4.5031718364942375
4.130125073698124
4.606188966929781
4.168915426537119
4.349382572893127
4.542701787588607
4.899080229433922
4.0205258520058775
4.313919575271862
4.994979442050133
4.955858671125247
4.2751562968452905
5.100428200752757
4.733577927440793
4.098419168867502
3.937600664713778
4.0479189956265405
4.721911773999633
3.9868594657554173
5.100428200752757
4.775690153965919
5.031799299928978
4.764584139805703
4.2250544141308435
4.029507557211261
4.1678309040681585
4.616350119631942
4.9282849365975725
4.49570100796288
4.779415247623625
5.100428201099479
4.294682924382225
4.850351067738058
3.5840523750563618
4.955858671125247
4.599970540745461
4.068602847766318
4.721911773999633
4.721911773999633
4.4433867777172065
4.527420268714998
4.4444392558734505
4.543141109735178
4.733577927440793
3.38500480443267
4.7924706659314795
5.100428201099479
4.096669684914844
5.031799299928978
4.836352418570727
4.6479743258566435
3.5840523750563618
4.550214930389448
4.3596681012135035
5.031799302042849
4.369769959883182
5.031799299928978
4.955858671125247
4.2490749038734545
4.617683944307723
5.100428201099479
4.894622682796924
4.361526839761902
4.090247152682632
4.808899800573454
3.870962626941978
4.499684832696983
4.2490749038734545
4.140592172795733
4.779415247623625
4.193086052758898
4.288495496051442
3.7015365884908613
5.031799302042849
4.482639935060613
4.339977719311722
4.598056823561453
4.2078045152926755
5.031799299928978
4.482639935060613
4.41377818576954
4.400196574581459
4.362870853697498
5.031799299928978
4.363158310820615
4.584012683365782
5.100428200752757
4.4921870407148985
4.362870853697498
3.8488390211394297
4.1026354377612515
4.683493957072494
4.772931013859393
4.874972439340039
4.219993296437656
4.9282849365975725
4.808899800573454
4.204928703158994
4.606064588875545
4.3596681012135035
4.2490749038734545
4.7776359131160335
4.458094422228153
4.742895571661919
3.9803930021711444
4.230289816183915
4.362870853697498
4.3596681012135035
4.06916210967179
4.814364345960781
4.880843715538434
5.031799299928978
4.6212876306369886
3.758118192271054
5.031799302042849
3.836092418887321
4.775690153965919
3.47967509233348
3.9499471254679683
4.390293705497776
3.520192447431544
3.9803930021711444
4.836309473833598
4.826339363429564
4.836309473833598
4.739084930751869
4.912968479960414
3.537440715404853
4.231379574096039
4.085346589505467
5.031799299928978
3.5478898832051096
3.4773043201259846
3.8701187890134374
4.339977719311722
3.853855032118421
4.656269500757317
4.223015113651362
3.5264109089271525
5.100428201099479
2.5729052892942716
4.405551790252856
4.482639935060613
4.526454894994513
4.401295776095485
3.819627766913343
3.9682065067986416
4.5747230341100185
4.10802978455372
4.144464307619247
3.967626934629731
5.100428200752757
4.482639935060613
4.37685718375087
3.347637303163024
4.365995562634822
4.545811801932845
4.362870853697498
3.9045021234226294
4.14651706406485
4.243845435529121
4.476720892632465
5.031799299928978
5.031799299928978
4.955858671125247
4.4486929936441
4.236612019310641
4.374540366776978
4.873282319633613
4.69810125372565
5.031799299928978
4.779415247623625
5.100428201099479
4.522888506916011
5.100428201099479
4.955858671125247
3.853855032118421
4.447759469148528
4.11504968275064
4.2390695649172025
4.439486830135207
4.9282849365975725
4.363158310820615
3.788583624328643
4.561335782896513
4.014569775119629
4.11504968275064
5.031799302042849
4.575020589859189
4.281772930276658
4.338831249123241
4.003484336608732
3.8858014540529657
4.195783260260759
4.185216409624952
5.031799299928978
4.2490749038734545
3.8032188527142514
4.897556352791482
4.814364345960781
4.090431934194035
4.955858671125247
4.029744826578798
4.4635216879988056
4.031337532042275
4.955858671125247
4.313989029940088
3.574079855120371
3.9245672852014355
4.523304179622042
4.071626379531851
4.4873596898550465
4.503077326411912
4.338787732394363
4.779415247623625
4.088432306043198
4.908485616152317
3.8070165914276757
4.2480609444585555
4.116160156517606
4.023866637319103
3.887276904879416
4.920202166656019
4.700868582098146
4.993659068301617
4.09581292515724
4.075211353434071
4.331490967954945
4.476720892632465
4.3948297254701
4.403244463031716
4.894622682796924
4.11504968275064
4.3596681012135035
4.3948297254701
4.814364345960781
4.250471114334925
4.036149852827159
4.352611158825893
4.094436171488402
4.522888506916011
4.396146902268356
4.417519481290312
3.9803930021711444
4.454944034844086
4.334672006033772
3.961942681730779
5.031799302042849
4.328395459059333
4.1980731599508365
4.369769959883182
4.486071073776923
4.471335227875133
4.482639935060613
4.6199203304802
4.2490749038734545
4.543105859726695
4.339977719311722
3.9682065067986416
3.86806259718771
4.3596681012135035
4.184679824704337
5.013563111777719
4.615525130365591
4.236612019310641
3.493730107451678
3.5743090993152196
4.556792786223097
4.688025957011375
4.522888506916011
4.603773288819511
4.779415247623625
4.6035220140023165
4.498725856230424
4.11504968275064
4.707618080927293
4.405574985167457
4.369769959883182
4.788415483230272
4.908485616152317
4.629096430440474
4.466253181457051
4.632182937654858
4.482639935060613
4.458094422228153
3.639073318392363
4.256231147487809
4.482329700977118
5.100428201099479
4.329551409444582
4.567697155585061
3.887276904879416
4.6856610706611805
4.007399998062106
4.237279684108421
4.414885905090736
4.135533208398303
4.362870853697498
4.779415247623625
4.476720892632465
5.100428200752757
4.994979442050133
4.079725609130242
4.3089351346252585
4.362870853697498
4.515748502991971
3.1841921523717573
4.311263897448617
4.860435682291298
4.623215263403149
4.45416287945712
3.9393965984861508
4.482639935060613
4.955858671125247
4.5250607529205995
4.798969493247746
3.9746380348799235
4.2490749038734545
4.14651706406485
4.649061621095991
4.116160156517606
5.052643883234967
5.031799299928978
4.369769959883182
4.236612019310641
4.012476460920394
4.320008182468516
4.12829551555983
3.9429096023512376
5.100428200752757
4.405574985167457
5.031799302042849
4.9282849365975725
5.031799299928978
4.164825468752577
5.100428200752757
4.2750360397848315
4.11504968275064
3.9202978756343736
4.2490749038734545
5.100428201099479
4.3596681012135035
3.5866739372410086
3.4917839100517094
4.9282849365975725
3.6003265372809254
3.713005650205983
4.806082394948401
5.031799302042849
4.466253181457051
3.47967509233348
4.225852451534971
4.021696088512089
4.1243395882946
4.4064624441656175
4.803595792740639
4.163405896817868
3.887276904879416
4.424280504432506
3.81819581202636
3.8836991687330515
4.0694786544107915
4.771357213024576
3.373633173025971
4.9282849365975725
4.617683944307723
5.031799299928978
4.374540366776978
4.4249311472049095
4.0551803929722725
4.557600354869891
4.015867296488984
5.031799299928978
4.3596681012135035
4.894622682796924
4.0160132714671
3.887276904879416
4.5246379622661
5.100428200752757
5.100428201099479
4.84981098132744
4.47659062627668
4.16279349275151
3.767964485225999
4.609429784995069
4.509212809130151
4.360617660574111
3.7509099799474637
4.720388401932847
3.7509099799474637
4.339977719311722
4.402704647333119
4.309138932478937
3.834855654535592
4.482639935060613
3.853855032118421
3.678637626174808
5.031799302042849
5.100428200752757
4.339977719311722
3.9176654048698785
4.352222738633303
4.983536967576715
3.620270535621498
5.100428201099479
4.149859768226095
4.1059082216532055
4.665373379033294
4.894622682796924
4.183152320208243
4.3354134934835145
4.908485616152317
5.031799302042849
4.362870853697498
4.354640622168162
4.362870853697498
4.294118042067053
4.369769959883182
5.031799302042849
4.758361224844109
4.739084930751869
4.4873596898550465
4.255820424993392
4.1847619691513405
4.211150599251803
4.573129953105275
4.469078413668289
4.2490749038734545
4.09552688068785
4.476720892632465
