3.961457742874063
4.905377297548834
4.2288493762832315
4.0919719942947195
5.03653271601637
4.148864720820799
3.809798179713712
4.8526118530852385
3.9398333799017022
4.0919719942947195
4.085515723979763
4.371694451983113
4.822898164671076
3.8494895838211916
3.6908634974700147
5.036532714027831
4.269087065661661
4.610164439483124
4.834083871416001
5.155936282642574
4.091626971993629
5.096278744485427
4.09029382932265
5.096278744485427
5.096278744802031
4.210545487468077
4.42103476554423
4.302428101734807
4.396066827187641
4.590228544991848
4.15781477714292
4.646426453882422
4.070117864415283
4.379238447420017
4.619366136593196
4.933365628350141
4.07917561679601
4.408921999505959
4.990426460534716
4.962952445544519
4.262489989719223
5.096278744485427
4.888984676329879
4.154338254129459
4.037738999983804
3.9947677217910877
4.824208179961157
3.906511133879209
5.096278744485427
4.769578736564827
5.036532714027831
4.778950562960072
4.305326039345895
4.166421771560816
4.159896669601973
4.603887386488547
4.935432491218523
4.544771965688109
4.726391314741103
5.096278744802031
4.256826670804055
4.83721802256333
3.570048831148358
4.962952445544519
4.669072675735225
4.118178495118872
4.824208179961157
4.824208179961157
4.378097608158487
4.462689698586057
4.383506095629289
4.550723185847278
4.888984676329879
3.2860565329627347
4.7336181295102575
5.096278744802031
4.08143950069979
5.036532714027831
4.825342406863032
4.61016897457782
3.570048831148358
4.769652534459726
4.45876055043951
5.03653271601637
4.479252666456783
5.036532714027831
4.962952445544519
4.276118227728484
4.633135206317564
5.096278744802031
5.001771531244354
4.335188202617235
4.066126761893652
4.826000620421648
3.851507708145287
4.691198729703241
4.276118227728484
4.255350798330954
4.726391314741103
4.2323251757934015
4.297598564833048
3.7505828492993443
5.03653271601637
4.416651598760441
4.323529099634693
4.598047765526412
4.091641708067189
5.036532714027831
4.416651598760441
4.421284537196061
4.425463114088902
4.33678239997474
5.036532714027831
4.362015850282833
4.604011839888915
5.096278744485427
4.469173517444406
4.33678239997474
3.903880998718985
4.052484219580168
4.68612263002404
4.716716521834594
4.8919950161719425
4.113090686312314
4.935432491218523
4.826000620421648
4.214790023702302
4.611112619058974
4.45876055043951
4.276118227728484
4.714659718970952
4.4105237545930605
4.903849773905644
3.9678128163672097
4.224003904689265
4.33678239997474
4.45876055043951
3.9678661711178576
4.834083871416001
5.019546573894142
5.036532714027831
4.632188471081146
3.8322374882874852
5.03653271601637
3.821099263309139
4.769578736564827
3.399589434535673
4.085016222243087
4.387631709376488
3.6502106720032215
3.9678128163672097
4.859251866041158
4.858938774165838
4.859251866041158
4.754787490831357
5.022083655732739
3.4573137760652584
4.215972003705519
4.05841936145698
5.036532714027831
3.491276724544565
3.4031069195762553
3.9463921811607205
4.323529099634693
3.939748184955792
4.6848217379095045
4.224077921062142
3.4524043344177953
5.096278744802031
2.5277367857795197
4.285640480442775
4.416651598760441
4.54651669438407
4.407252139062233
3.897311886480902
4.043947698268748
4.633906012001556
4.040483458508727
4.122954858203921
3.951696975299984
5.096278744485427
4.416651598760441
4.36954242601369
3.3358390833636333
4.282774666210986
4.62755989281506
4.33678239997474
3.8047314274167503
4.101189907245913
4.148405311648783
4.461188569904453
5.036532714027831
5.036532714027831
4.962952445544519
4.430077731193033
4.230955583380779
4.417362008507946
5.0301486954378545
4.696990349742822
5.036532714027831
4.726391314741103
5.096278744802031
4.587030408786329
5.096278744802031
4.962952445544519
3.939748184955792
4.459291906322714
4.11024669342603
4.311096800858205
4.375796274240858
4.935432491218523
4.362015850282833
3.9817121364759016
4.576098643627115
4.023879055646151
4.11024669342603
5.03653271601637
4.507721949388592
4.325304332111219
4.372831871001817
4.073429909633933
4.000495017758335
4.191288833366708
4.204136975890012
5.036532714027831
4.276118227728484
3.850185626695864
4.993965987527861
4.834083871416001
4.128501935356975
4.962952445544519
4.022223790688204
4.433429356276188
3.9577831504027072
4.962952445544519
4.297311561753008
3.7220126119788217
3.878215884068747
4.4921990027163
3.996529899071585
4.4396992478049055
4.533052816416162
4.380762161428808
4.726391314741103
4.037359333157194
4.905377297548834
3.7916981259168336
4.37213375410231
4.0919719942947195
4.064471773838124
3.970524304451703
5.027939547003821
4.703882926705783
4.995810674286399
4.01686823455223
4.050706998947464
4.368049815027351
4.461188569904453
4.397640228136768
4.386942186426903
5.001771531244354
4.11024669342603
4.45876055043951
4.397640228136768
4.834083871416001
4.27488686336154
4.033919526780717
4.359882414843031
4.045679499912647
4.587030408786329
4.396066827187641
4.385726574760407
3.9678128163672097
4.349020840690218
4.495217918361756
3.8628237778208527
5.03653271601637
4.333719797761826
4.114671730461164
4.479252666456783
4.548146491525446
4.541032336370139
4.416651598760441
4.628611626902123
4.276118227728484
4.607692124911874
4.323529099634693
4.043947698268748
3.8475262894848425
4.45876055043951
4.136523002400732
5.009766777101642
4.571446433009856
4.230955583380779
3.4144125280500317
3.5898226189224856
4.57945292967334
4.62872679860948
4.587030408786329
4.615034017503713
4.726391314741103
4.582350741313905
4.564068491673328
4.11024669342603
4.713652494179288
4.453757560103713
4.479252666456783
4.70354111484217
4.905377297548834
4.7154054707426125
4.413025600225235
4.641999913470872
4.416651598760441
4.4105237545930605
3.5703246649730316
4.253219517379985
4.477239096457349
5.096278744802031
4.246151813860098
4.559672138783564
3.970524304451703
4.727495165490718
3.9561543663071346
4.2074738759085575
4.5587842436138315
4.082320106222144
4.33678239997474
4.726391314741103
4.461188569904453
5.096278744485427
4.990426460534716
4.1309382625864925
4.295094280661163
4.33678239997474
4.4641723018561335
3.0853303607063465
4.364335260535472
4.853293764862985
4.650620301617859
4.423672124045157
3.8961558544272448
4.416651598760441
4.962952445544519
4.614364566512836
4.743329631101804
3.9769847430086456
4.276118227728484
4.101189907245913
4.623167905143897
4.0919719942947195
5.121356811762776
5.036532714027831
4.479252666456783
4.230955583380779
4.061113218196975
4.423993861310396
4.222691746574493
3.8632430937769895
5.096278744485427
4.453757560103713
5.03653271601637
4.935432491218523
5.036532714027831
4.085181662445119
5.096278744485427
4.306711548175808
4.11024669342603
3.812683234481514
4.276118227728484
5.096278744802031
4.45876055043951
3.6094369804646957
3.6101628721569723
4.935432491218523
3.5345611026548864
3.6795851428793425
4.840700812048747
5.03653271601637
4.413025600225235
3.399589434535673
4.353429133276118
3.949279116970227
4.115708732531298
4.374724886370781
4.818174019572619
4.177145872858591
3.970524304451703
4.434855386655914
3.76069722514639
3.9501587188703366
4.101664060196451
4.705314436125401
3.26108613471344
4.935432491218523
4.633135206317564
5.036532714027831
4.417362008507946
4.437505948635848
4.061481400591023
4.4770240046936705
4.100285662478501
5.036532714027831
4.45876055043951
5.001771531244354
4.147309783948333
3.970524304451703
4.6062545177211645
5.096278744485427
5.096278744802031
4.831313248226496
4.5516984513627845
4.118731131665963
3.715851809951448
4.622742555603092
4.520703138809071
4.385102551748079
3.7551813943303314
4.731187969991377
3.7551813943303314
4.323529099634693
4.389425663741032
4.285668289970505
3.8646964942867568
4.416651598760441
3.939748184955792
3.5312916553847513
5.03653271601637
5.096278744485427
4.323529099634693
3.820968910335597
4.33562749811654
4.972623380615583
3.564972924958542
5.096278744802031
4.053609013566908
4.123412634643922
4.79980755024611
5.001771531244354
4.1498861987521805
4.262865306376088
4.905377297548834
5.03653271601637
4.33678239997474
4.362891700905062
4.33678239997474
4.2724870863693765
4.479252666456783
5.03653271601637
4.789448588169374
4.754787490831357
4.4396992478049055
4.190869686475426
4.240701669800603
4.165023856649827
4.587728824255218
4.5182520148489145
4.276118227728484
4.0823858573018965
4.461188569904453
