3.9750366414760334
4.925545859457743
4.281432875751141
4.129818827216492
5.004483642620198
4.1501183560097585
3.9406680566542684
4.882490111723178
3.979273738176585
4.129818827216492
4.2244887557355275
4.417617365491723
4.786385577676916
3.8746676405698386
3.693675111979574
4.671628069017191
4.260717231157245
4.59509632155813
4.818335242446083
4.909157325897062
4.073136936841576
5.100189166719486
4.152695264884836
5.100189166719486
5.100189167036363
4.299029269081786
4.473239286173341
4.295238918668518
4.390668274566706
4.595581599952495
4.168697437857399
4.367164863617016
4.1258301815723994
4.389705099651079
4.632112104349106
4.820206183578848
4.141587219596258
4.381536847137757
4.988204922574277
4.65532412223972
4.321556180245392
5.100189166719486
4.716612264810178
4.1832239050285205
4.0030814987021435
4.064634767451868
4.836390805614509
3.9416559107959737
5.100189166719486
4.819071891070386
4.682071674909554
4.75269834660229
4.30898294380706
4.106649935420493
4.183117749024759
4.58735696767113
4.960694927235097
4.452320028288667
4.731243774017629
5.100189167036363
4.361146636526818
4.790665441528186
3.65756410890869
4.639162492653887
4.690727529879706
4.100408369346179
4.836390805614509
4.836390805614509
4.469801162285671
4.459785689849528
4.470115214021608
4.553501889130721
4.716612264810178
3.30003139202089
4.740236048876352
5.100189167036363
4.110774064251815
4.669621476898313
4.802510549295749
4.6229177072126495
3.65756410890869
4.704976105322369
4.417877724194882
5.005138424313244
4.44404109500896
4.705191873427467
4.667748748177841
4.294935541991403
4.571749279480957
5.100189167036363
4.871110430203774
4.3654560115263505
4.111231364909336
4.816641162774261
3.826177930393867
4.679706310458378
4.294935541991403
4.246374144884462
4.728437031653692
4.24089046956088
4.302529008786528
3.8048210811969687
5.00376898779709
4.482885225390516
4.347514088300485
4.552144611279963
4.187249621283992
4.679387973661911
4.482885225390516
4.418927304490031
4.44837315260597
4.36321628009977
4.665296621837519
4.415647069683362
4.605025790779302
5.100189166719486
4.510312668488859
4.36321628009977
3.8642569915109144
4.131191553306304
4.671420549397115
4.718649869348403
4.580884343806745
4.174964608354304
4.960694927235097
4.811456916954396
4.2092671647148245
4.65177017321438
4.417750508134348
4.294935541991403
4.715731833245923
4.4026385855282575
4.724310295576983
4.028806157914938
4.263047506180018
4.36321628009977
4.417444010973395
4.034558219420224
4.818552462516982
4.9535675934626004
4.656869534270965
4.6073292011875
3.818306573857318
5.004166400294525
3.9055244056308167
4.819071891070386
3.395913500727157
4.117145835169544
4.383891913699084
3.5680709546733285
4.028806157914938
4.893103097151754
4.860819505519809
4.893103097151754
4.733614819453151
4.657406690049744
3.4491405966333977
4.07709646495712
4.122531887923757
4.664975387010382
3.567729141997858
3.4055871691661475
3.91044111510812
4.358765193289606
3.9081678676154565
4.626362292195691
4.287360576681924
3.429458217743565
5.100189167036363
2.649257972416671
4.33512643583174
4.482885225390516
4.2772656088275225
4.43177999198691
3.9432594234501073
4.136036108779591
4.53231460201915
4.140344807782902
4.126235777298061
4.014466958858326
5.100189166719486
4.482885225390516
4.370491671591128
3.453028078904695
4.37982210477326
4.653542299530538
4.36321628009977
3.8901955944570163
4.1446353537512595
4.19612289808996
4.511011509338817
4.671147111777441
4.669806914698628
4.66163409436474
4.442968954594515
4.209347976030057
4.420705413400401
4.915527643906757
4.690806525702716
4.656056611036891
4.728247089016015
5.100189167036363
4.60919471550761
5.100189167036363
4.652238533301653
3.90324139792465
4.491949230372415
4.088205706619097
4.334279028444567
4.444450553149127
4.960694927235097
4.415647069683362
3.9818390701140887
4.556891901215534
4.1039815830287045
4.084329098686591
5.0036014616289775
4.517085752607795
4.435669416508177
4.494355997023118
4.0278103926220465
4.054923929871154
4.210186976528061
4.240873187515953
4.666808854851932
4.294935541991403
3.82008988429222
4.621386485600861
4.817511762981222
4.114084773555855
4.641588818508676
4.070361546186818
4.371065826263501
4.05955034817688
4.636530894677854
4.2860216969286205
3.6698162813170443
3.9239960576127517
4.506942112091621
4.032711493396435
4.429736400501199
4.539063114395925
4.392086145733084
4.729180881297732
4.124591697787854
4.925545859457743
3.854078990373501
4.269553846471271
4.129818827216492
4.050741053182089
3.9252556404439973
4.686930237010432
4.634434898825744
5.013309452462788
4.063483423450614
4.1177670707063525
4.376610399646263
4.511011509338817
4.398278249266935
4.442101074252711
4.871110430203774
4.081708898917353
4.4175310444519456
4.398278249266935
4.815627535195186
4.338048215451386
4.0300355726916495
4.338731973391787
4.042996153005558
4.60919471550761
4.389845068777944
4.405764620997123
4.028806157914938
4.3234824130244585
4.366918002119129
3.872822726257641
5.005127859612672
4.373710928733106
4.160146122770933
4.443472631818428
4.567118914665376
4.496160629725973
4.482885225390516
4.607850279271285
4.294935541991403
4.653404806573351
4.359086345344003
4.136036108779591
3.8276982317518806
4.41769717914078
4.218574032691566
4.987320473019616
4.592860462196376
4.209347976030057
3.4079690098142246
3.7007260605904735
4.5728488343854385
4.6988329707525365
4.60919471550761
4.619384707665575
4.728717961831255
4.6233378175642335
4.5816593901368
4.0910361768860595
4.699342631720827
4.417747011272158
4.444383092775149
4.398367201477133
4.925545859457743
4.596445521437201
4.438387977657814
4.6771916774908435
4.482885225390516
4.4026385855282575
3.649998727609236
4.286874094471288
4.447396687669584
5.100189167036363
4.354032714571793
4.5081791412121595
3.921084000661245
4.696041799738594
3.997898795510104
4.250669979937393
4.559693159519406
4.212005823078775
4.36321628009977
4.7258065812656485
4.511011509338817
5.100189166719486
4.988204922574277
4.113935805412367
4.419967056483615
4.36321628009977
4.200274050723242
3.0857629992932756
4.317765435212377
4.83382535625682
4.652240008037892
4.43822631871251
3.9179635049900634
4.482885225390516
4.668361238860875
4.633314897602152
4.741425568719257
4.017666127075828
4.294935541991403
4.145048003664065
4.623650070939084
4.129818827216492
5.009163660775653
4.661280157248089
4.4429238292517175
4.209347976030057
4.055028864433088
4.3692805037322335
4.224080607284249
3.920648648450597
5.100189166719486
4.417747011272158
5.003995223916472
4.960694927235097
4.655923645840175
4.204328534069851
5.100189166719486
4.359814648833059
4.084988171209477
3.903259439909111
4.294935541991403
5.100189167036363
4.417712673893875
3.674696254588489
3.530873616283201
4.960694927235097
3.65887458524237
3.7490266568950643
4.8494540897934195
5.005190051047271
4.438387977657814
3.400211047165892
4.366483548296389
4.061770965562155
4.143254234300223
4.14500195721573
4.81322845006233
4.221376181914066
3.922440313017936
4.41871876855338
3.854293553382953
3.9046669356020898
4.107791788964797
4.714997298334766
3.3422573848862713
4.960694927235097
4.571749279480957
4.672025943924125
4.420699396055578
4.408363180454718
4.066438533494018
4.498168419188867
4.183262609556789
4.700294254110967
4.417160477502949
4.871110430203774
4.181964511116358
3.9222509230987574
4.575594370417595
5.100189166719486
5.100189167036363
4.87652105499386
4.572018489866337
4.186555139465351
3.80868444976577
4.6250180485953996
4.262874622729153
4.4365584113792425
3.731976909195466
4.7123181078621394
3.731883795077592
4.3559081137127444
4.355505454827296
4.330264092932485
3.8427196026519512
4.482885225390516
3.9068550640991484
3.638631585670173
5.0011232731303865
5.100189166719486
4.359225802979007
3.88909684276162
4.346388651378459
4.978326929659393
3.5386408899208392
5.100189167036363
4.099777612735253
4.15053621865166
4.663466077457572
4.871110430203774
4.232425363421695
4.379517797768728
4.925545859457743
5.0046679645445815
4.36321628009977
4.336237293988298
4.36321628009977
4.313958519834485
4.443693405215053
5.004637818803626
4.7611801610635185
4.733614819453151
4.431020986195974
4.1672434431128496
4.2115240655483115
4.238314476835337
4.583064598868842
4.473394900900412
4.294935541991403
4.1336247936169075
4.511011509338817
