3.904458992904001
4.927958110987692
4.1818129700690925
4.099094393434729
5.04223136041124
4.118368121099156
3.8281510988685064
4.9188706918576095
3.890250327992721
4.099094393434729
4.132257617730449
4.329833985920306
4.8273932528263295
3.832862893620547
3.7497749810470573
5.050345382179632
4.274358726828002
4.627394494451909
4.848766275112627
5.103119567285393
4.055417672364872
5.100249571086881
4.044800768651687
5.100249571086881
5.10024957098479
4.166123570095767
4.440745787192402
4.381731740395214
4.3539713582462305
4.632133939301429
4.1802792606464045
4.701991642661785
3.9947992661891085
4.364888788323714
4.644797207768381
4.844127012638143
4.197911691432484
4.460571865838308
4.944629728192599
4.953342928824629
4.279625244161611
5.100249571086881
4.9312486214411315
4.194949807483244
4.0515993132458625
3.996829281767038
4.867257189619597
3.8633177279463276
5.100249571086881
4.850460304956602
5.049316530064591
4.798322190552955
4.3410655938949
4.270299233450391
4.157276390449244
4.556188635498433
4.931891717081005
4.568860818374123
4.724414708895683
5.10024957098479
4.246030664039399
4.832218574741848
3.523724450620552
4.953697709318096
4.697313290509232
4.11595472194502
4.867257189619597
4.867257189619597
4.405476998522676
4.45028518556315
4.405826846553129
4.559533091925989
4.9312486214411315
3.2534472530546346
4.731718271101062
5.10024957098479
4.082085752703922
5.050530247694855
4.847040636988954
4.602224663911915
3.523724450620552
4.802377972784388
4.449128685092166
5.042058234474059
4.478673814867154
5.048283687812063
4.953285202491504
4.247066361850006
4.570255759512424
5.10024957098479
4.969898104649719
4.3652823654526465
4.071593640865405
4.841106871484119
3.9264626846018196
4.745510787386269
4.247066361850006
4.297647129804904
4.724814594282652
4.2720864070330045
4.278931060664792
3.7445498464160387
5.040848570711507
4.3812822902685475
4.351010766424469
4.594243724557106
4.027457781240191
5.048283636783783
4.3812822902685475
4.391280083448198
4.444829885362953
4.302348982130827
5.048383097683388
4.381960142922839
4.606120686359663
5.100249571086881
4.477025239067604
4.302348982130827
3.883672229362862
4.046922343829028
4.676549493981231
4.7148892709304455
5.0253418001519385
4.03441161907735
4.931891717081005
4.840629158676979
4.242261182649333
4.609921114127491
4.447622636979663
4.247066361850006
4.710378418370585
4.340957832145154
4.9463459372217535
3.9950685500235927
4.219270428906174
4.302348982130827
4.448998577139225
3.9704429894755044
4.849821148846804
5.018452852104151
5.050611451983929
4.6198253944529775
3.8302690953517704
5.041647686200424
3.8583035104457117
4.850460304956602
3.375178152979135
4.150901630513619
4.344943855495007
3.6900411125715955
3.9950685500235927
5.00141798496988
4.871562768332257
5.00141798496988
4.734574889596235
5.0183922413199475
3.40105136207389
4.118503184160051
4.060924277050578
5.050782961399381
3.458643031866206
3.3854060920931666
3.937123950983125
4.35157871890728
3.933967401075069
4.665242802396012
4.267156209254285
3.390432452390275
5.10024957098479
2.6472912704403093
4.2225535298405426
4.3812822902685475
4.563537555197701
4.4253358576739465
3.9824866956373235
4.075764760079682
4.63507986164031
3.993225993765197
4.123368997519851
3.9763804915545684
5.100249571086881
4.3812822902685475
4.323747174202783
3.3878656668616323
4.311612065425056
4.667229813993249
4.302348982130827
3.7617279806075494
4.079018680760516
4.070576568793076
4.430910386319756
5.049069032009488
5.049010463045722
4.953977665345537
4.45156868123782
4.228025018003638
4.44550317844649
5.055966907908516
4.682712763405238
5.048495416568148
4.723180811447509
5.10024957098479
4.614044837258366
5.10024957098479
4.954734029303854
3.9340215643754455
4.4859571369384135
4.079682748029956
4.3865706051708635
4.337242592945206
4.931891717081005
4.381960142922839
4.074589859447048
4.569747607274753
4.059251587366834
4.080299878341595
5.042122920421566
4.45933419418289
4.371303669980609
4.505288233832591
4.045165996251416
4.060395380863856
4.214434203868468
4.2458969161392766
5.050067828424023
4.247066361850006
3.827783095161255
4.990648754279864
4.850071576515422
4.100575191788398
4.951365995241606
4.041104747823926
4.402477211642594
3.9541168987617716
4.9554873903342305
4.257727039868275
3.7900799617634853
3.8243238944932223
4.532053013270531
3.95078683989745
4.3976630606755585
4.520035645467278
4.411799666923759
4.72352093317939
4.037853633665879
4.927958110987692
3.805001130534226
4.418460762235856
4.099094393434729
4.0473873484333645
3.962419761148812
5.031573786999861
4.709053052286112
5.009942674756832
3.9327785477894572
4.077755348506589
4.389604809004329
4.430910386319756
4.406624668046124
4.371252928432472
4.969898104649719
4.079307310734766
4.449778492325226
4.406624668046124
4.849942698512866
4.289352989382355
4.032992742115898
4.362509884883099
4.034359649699031
4.614044837258366
4.353999436843782
4.381756192030213
3.9950685500235927
4.262848798324303
4.540075009664651
3.821923759007138
5.043564702009537
4.355921362557144
4.19167328920874
4.479571854285911
4.560772969825866
4.613249675444724
4.3812822902685475
4.590706315708719
4.247066361850006
4.647022236936511
4.351887934152746
4.075764760079682
3.9220533442053416
4.448752969254219
4.152322170982661
5.013500540417585
4.537281266721454
4.228025018003638
3.3781070739659818
3.639238063754039
4.560982248043121
4.6436227409131625
4.614044837258366
4.615444174547992
4.723958568989321
4.60180920399576
4.579517260784161
4.079241775607063
4.688259796500706
4.49612430628618
4.477482521247357
4.673334533541283
4.927958110987692
4.708445762876597
4.366721913246312
4.679132455637859
4.3812822902685475
4.340957832145154
3.59932172607758
4.282446853163396
4.503899876907116
5.10024957098479
4.210679723395476
4.541527259519814
3.9636336411588395
4.720679383870976
3.914479301892772
4.214124191145533
4.585015398773482
4.110624905095694
4.302348982130827
4.723692236955305
4.430910386319756
5.100249571086881
4.944629728192599
4.1317321339734185
4.370111289178585
4.302348982130827
4.487761988278823
3.0756723343360086
4.414169263924652
4.856363454156867
4.6618758825976165
4.385510359418465
3.8169818210756894
4.3812822902685475
4.952787626563936
4.646533797574211
4.741790219171168
4.005452135960258
4.247066361850006
4.0786808944703985
4.64443952816551
4.099094393434729
5.060583883427984
5.048826428422348
4.47807137384844
4.228025018003638
4.057473669887617
4.479375086882971
4.281811364458196
3.9045220409946815
5.100249571086881
4.49612430628618
5.041095482538839
4.931891717081005
5.04788961280828
4.051236139152497
5.100249571086881
4.317049007083046
4.07909841087265
3.8641367471202734
4.247066361850006
5.10024957098479
4.447869749964372
3.5898270369531424
3.643234067168084
4.931891717081005
3.482799376049247
3.6619829968623385
4.851411042480738
5.040796845816903
4.366721913246312
3.375849585575356
4.398154960673725
3.9447816472507107
4.123070344360901
4.5436483072550296
4.832816852614389
4.206782835112126
3.9628071118931025
4.394597814461026
3.7730215399798404
4.050534991068407
4.094655144914288
4.6996334068577035
3.2537592800923285
4.931891717081005
4.570255759512424
5.048835275697417
4.446208912493336
4.429025880601518
4.184843933188137
4.466908968385344
4.137604584892262
5.048984128922445
4.449264723726305
4.969898104649719
4.187596750402594
3.963061233801131
4.641193129212656
5.100249571086881
5.10024957098479
4.900878601486244
4.592774764820451
4.078817276276386
3.7355585825378235
4.610061723668384
4.524981204969965
4.40495035503638
3.7975669945231125
4.707345952671478
3.797527536488378
4.352042389857065
4.363524747177468
4.309858203595258
3.939455552843885
4.3812822902685475
3.934570866563508
3.4889314808069862
5.040527908057147
5.100249571086881
4.351254765737355
3.783728012319745
4.288269880530965
4.926635137311639
3.519555206297543
5.10024957098479
4.041582377693789
4.069327226944058
4.845814067111082
4.969898104649719
4.163342776161773
4.256610243031577
4.927958110987692
5.042386321441615
4.302348982130827
4.376325548074096
4.302348982130827
4.208101840629542
4.4776462243342685
5.041354059583529
4.774782531108048
4.734574889596235
4.39807280606836
4.162834764578481
4.287242429221539
4.114289736757389
4.618968738879136
4.691009894545989
4.247066361850006
4.083125880479333
4.430910386319756
